JD,Magnitude,Uncertainty,HQuncertainty,Band,Observer Code,Comment Code(s),Comp Star 1,Comp Star 2,Charts,Comments,Transformed,Airmass,Validation Flag,Cmag,Kmag,HJD,Star Name,Observer Affiliation,Measurement Method,Grouping method,ADS Reference,Digitizer,Credit,Residual X,Residual Y
2437699.2,11.099069982,,,Vis.,JA,K,,,,MAGS FROM MM & ASAS3,,,Z,,,,V517 OPH,,STD,,,,,472.52349084947855,708.7060990229543
2437728.2,11.38366152,,,Vis.,JA,K,,,,,,,Z,,,,V517 OPH,,STD,,,,,472.52349084947855,708.7060990229543
2437739.2,11.573389212,,,Vis.,JA,K,,,,,,,Z,,,,V517 OPH,,STD,,,,,472.52349084947855,708.7060990229543
2437759.2,11.668253058000001,,,Vis.,JA,K,,,,,,,Z,,,,V517 OPH,,STD,,,,,472.52349084947855,708.7060990229543
2437821.0,12.616891518,,,Vis.,JA,K,,,,,,,Z,,,,V517 OPH,,STD,,,,,472.52349084947855,708.7060990229543
2437829.2,12.616891518,,,Vis.,JA,K,,,,,,,Z,,,,V517 OPH,,STD,,,,,472.52349084947855,708.7060990229543
2437840.0,12.616891518,,,Vis.,JA,K,,,,,,,Z,,,,V517 OPH,,STD,,,,,472.52349084947855,708.7060990229543
2437847.0,12.616891518,,,Vis.,JA,K,,,,,,,Z,,,,V517 OPH,,STD,,,,,472.52349084947855,708.7060990229543
2437852.9,12.616891518,,,Vis.,JA,K,,,,,,,Z,,,,V517 OPH,,STD,,,,,472.52349084947855,708.7060990229543
2437867.9,12.33229998,,,Vis.,JA,K,,,,,,,Z,,,,V517 OPH,,STD,,,,,472.52349084947855,708.7060990229543
2437881.9,12.047708442000003,,,Vis.,JA,K,,,,,,,Z,,,,V517 OPH,,STD,,,,,472.52349084947855,708.7060990229543
2437902.0,12.047708442000003,,,Vis.,JA,K,,,,,,,Z,,,,V517 OPH,,STD,,,,,472.52349084947855,708.7060990229543
2438049.1,11.763116904,,,Vis.,JA,K,,,,,,,Z,,,,V517 OPH,,STD,,,,,472.52349084947855,708.7060990229543
2438054.2,12.047708442000003,,,Vis.,JA,K,,,,,,,Z,,,,V517 OPH,,STD,,,,,472.52349084947855,708.7060990229543
2438074.2,12.616891518,,,Vis.,JA,K,,,,,,,Z,,,,V517 OPH,,STD,,,,,472.52349084947855,708.7060990229543
2438086.2,12.047708442000003,,,Vis.,JA,K,,,,,,,Z,,,,V517 OPH,,STD,,,,,472.52349084947855,708.7060990229543
2438087.2,12.616891518,,,Vis.,JA,K,,,,,,,Z,,,,V517 OPH,,STD,,,,,472.52349084947855,708.7060990229543
2438124.2,14.134713054,,,Vis.,JA,K,,,,,,,Z,,,,V517 OPH,,STD,,,,,472.52349084947855,708.7060990229543
2438144.0,12.806619210000003,,,Vis.,JA,K,,,,,,,Z,,,,V517 OPH,,STD,,,,,472.52349084947855,708.7060990229543
2438156.2,12.806619210000003,,,Vis.,JA,K,,,,,,,Z,,,,V517 OPH,,STD,,,,,472.52349084947855,708.7060990229543
2438163.9,12.806619210000003,,,Vis.,JA,K,,,,,,,Z,,,,V517 OPH,,STD,,,,,472.52349084947855,708.7060990229543
2438177.0,12.806619210000003,,,Vis.,JA,K,,,,,,,Z,,,,V517 OPH,,STD,,,,,472.52349084947855,708.7060990229543
2438181.2,12.806619210000003,,,Vis.,JA,K,,,,,,,Z,,,,V517 OPH,,STD,,,,,472.52349084947855,708.7060990229543
2438192.9,12.806619210000003,,,Vis.,JA,K,,,,,,,Z,,,,V517 OPH,,STD,,,,,472.52349084947855,708.7060990229543
2438205.0,12.806619210000003,,,Vis.,JA,K,,,,,,,Z,,,,V517 OPH,,STD,,,,,472.52349084947855,708.7060990229543
2438210.0,12.806619210000003,,,Vis.,JA,K,,,,,,,Z,,,,V517 OPH,,STD,,,,,472.52349084947855,708.7060990229543
2438230.0,8.53774614,,,Vis.,JA,K,,,,,,,Z,,,,V517 OPH,,STD,,,,,472.52349084947855,708.7060990229543
2438236.9,12.806619210000003,,,Vis.,JA,K,,,,,,,Z,,,,V517 OPH,,STD,,,,,472.52349084947855,708.7060990229543
2438252.9,12.806619210000003,,,Vis.,JA,K,,,,,,,Z,,,,V517 OPH,,STD,,,,,472.52349084947855,708.7060990229543
2438259.9,13.186074594,,,Vis.,JA,K,,,,,,,Z,,,,V517 OPH,,STD,,,,,0.0,0.0
2438263.9,12.806619210000003,,,Vis.,JA,K,,,,,,,Z,,,,V517 OPH,,STD,,,,,472.52349084947855,708.7060990229543
2438282.9,12.806619210000003,,,Vis.,JA,K,,,,,,,Z,,,,V517 OPH,,STD,,,,,472.52349084947855,708.7060990229543
2438313.9,12.616891518,,,Vis.,JA,K,,,,,,,Z,,,,V517 OPH,,STD,,,,,472.52349084947855,708.7060990229543
2438472.2,11.952844595999998,,,Vis.,JA,K,,,,,,,Z,,,,V517 OPH,,STD,,,,,472.52349084947855,708.7060990229543
2438480.2,12.142572288000002,,,Vis.,JA,K,,,,,,,Z,,,,V517 OPH,,STD,,,,,472.52349084947855,708.7060990229543
2438493.2,12.047708442000003,,,Vis.,JA,K,,,,,,,Z,,,,V517 OPH,,STD,,,,,472.52349084947855,708.7060990229543
2438501.2,12.047708442000003,,,Vis.,JA,K,,,,,,,Z,,,,V517 OPH,,STD,,,,,472.52349084947855,708.7060990229543
2438525.2,11.763116904,,,Vis.,JA,K,,,,,,,Z,,,,V517 OPH,,STD,,,,,472.52349084947855,708.7060990229543
2438536.2,11.763116904,,,Vis.,JA,K,,,,,,,Z,,,,V517 OPH,,STD,,,,,472.52349084947855,708.7060990229543
2438557.2,11.763116904,,,Vis.,JA,K,,,,,,,Z,,,,V517 OPH,,STD,,,,,472.52349084947855,708.7060990229543
2438587.0,11.763116904,,,Vis.,JA,K,,,,,,,Z,,,,V517 OPH,,STD,,,,,472.52349084947855,708.7060990229543
2438609.2,11.857980750000001,,,Vis.,JA,K,,,,,,,Z,,,,V517 OPH,,STD,,,,,472.52349084947855,708.7060990229543
2438613.9,11.668253058000001,,,Vis.,JA,K,,,,,,,Z,,,,V517 OPH,,STD,,,,,472.52349084947855,708.7060990229543
2438636.9,11.952844595999998,,,Vis.,JA,K,,,,,,,Z,,,,V517 OPH,,STD,,,,,472.52349084947855,708.7060990229543
2438648.9,12.142572288000002,,,Vis.,JA,K,,,,,,,Z,,,,V517 OPH,,STD,,,,,472.52349084947855,708.7060990229543
2438653.2,11.668253058000001,,,Vis.,JA,K,,,,,,,Z,,,,V517 OPH,,STD,,,,,472.52349084947855,708.7060990229543
2438665.9,12.806619210000003,,,Vis.,JA,K,,,,,,,Z,,,,V517 OPH,,STD,,,,,472.52349084947855,708.7060990229543
2438675.9,12.806619210000003,,,Vis.,JA,K,,,,,,,Z,,,,V517 OPH,,STD,,,,,472.52349084947855,708.7060990229543
2438696.9,12.616891518,,,Vis.,JA,K,,,,,,,Z,,,,V517 OPH,,STD,,,,,472.52349084947855,708.7060990229543
2438794.2,12.047708442000003,,,Vis.,JA,K,,,,,,,Z,,,,V517 OPH,,STD,,,,,472.52349084947855,708.7060990229543
2438804.2,12.047708442000003,,,Vis.,JA,K,,,,,,,Z,,,,V517 OPH,,STD,,,,,472.52349084947855,708.7060990229543
2438823.2,12.806619210000003,,,Vis.,JA,K,,,,,,,Z,,,,V517 OPH,,STD,,,,,472.52349084947855,708.7060990229543
2438857.2,12.806619210000003,,,Vis.,JA,K,,,,,,,Z,,,,V517 OPH,,STD,,,,,-9999.99,-9999.99
2438876.2,13.186074594,,,Vis.,JA,K,,,,,,,Z,,,,V517 OPH,,STD,,,,,472.52349084947855,708.7060990229543
2438891.2,12.806619210000003,,,Vis.,JA,K,,,,,,,Z,,,,V517 OPH,,STD,,,,,472.52349084947855,708.7060990229543
2438920.2,12.616891518,,,Vis.,JA,K,,,,,,,Z,,,,V517 OPH,,STD,,,,,472.52349084947855,708.7060990229543
2438931.9,12.616891518,,,Vis.,JA,K,,,,,,,Z,,,,V517 OPH,,STD,,,,,472.52349084947855,708.7060990229543
2438941.9,12.806619210000003,,,Vis.,JA,K,,,,,,,Z,,,,V517 OPH,,STD,,,,,472.52349084947855,708.7060990229543
2438962.9,12.616891518,,,Vis.,JA,K,,,,,,,Z,,,,V517 OPH,,STD,,,,,472.52349084947855,708.7060990229543
2438976.0,12.616891518,,,Vis.,JA,K,,,,,,,Z,,,,V517 OPH,,STD,,,,,0.0,0.0
2438993.0,12.806619210000003,,,Vis.,JA,K,,,,,,,Z,,,,V517 OPH,,STD,,,,,472.52349084947855,708.7060990229543
2439001.8,13.091210748,,,Vis.,JA,K,,,,,,,Z,,,,V517 OPH,,STD,,,,,472.52349084947855,708.7060990229543
2439021.9,12.806619210000003,,,Vis.,JA,K,,,,,,,Z,,,,V517 OPH,,STD,,,,,472.52349084947855,708.7060990229543
2439029.9,12.522027672,,,Vis.,JA,K,,,,,,,Z,,,,V517 OPH,,STD,,,,,472.52349084947855,708.7060990229543
2439052.9,12.427163826,,,Vis.,JA,K,,,,,,,Z,,,,V517 OPH,,STD,,,,,472.52349084947855,708.7060990229543
2439064.9,12.142572288000002,,,Vis.,JA,K,,,,,,,Z,,,,V517 OPH,,STD,,,,,472.52349084947855,708.7060990229543
2439150.2,11.952844595999998,,,Vis.,JA,K,,,,,,,Z,,,,V517 OPH,,STD,,,,,472.52349084947855,708.7060990229543
2439159.2,12.047708442000003,,,Vis.,JA,K,,,,,,,Z,,,,V517 OPH,,STD,,,,,472.52349084947855,708.7060990229543
2439191.2,11.857980750000001,,,Vis.,JA,K,,,,,,,Z,,,,V517 OPH,,STD,,,,,472.52349084947855,708.7060990229543
2439218.2,11.668253058000001,,,Vis.,JA,K,,,,,,,Z,,,,V517 OPH,,STD,,,,,472.52349084947855,708.7060990229543
2439233.2,11.573389212,,,Vis.,JA,K,,,,,,,Z,,,,V517 OPH,,STD,,,,,472.52349084947855,708.7060990229543
2439248.2,11.573389212,,,Vis.,JA,K,,,,,,,Z,,,,V517 OPH,,STD,,,,,472.52349084947855,708.7060990229543
2439259.0,11.478525366,,,Vis.,JA,K,,,,,,,Z,,,,V517 OPH,,STD,,,,,472.52349084947855,708.7060990229543
2439266.9,11.38366152,,,Vis.,JA,K,,,,,,,Z,,,,V517 OPH,,STD,,,,,472.52349084947855,708.7060990229543
2439270.9,11.478525366,,,Vis.,JA,K,,,,,,,Z,,,,V517 OPH,,STD,,,,,472.52349084947855,708.7060990229543
2439274.2,11.478525366,,,Vis.,JA,K,,,,,,,Z,,,,V517 OPH,,STD,,,,,0.0,0.0
2439284.9,11.288797674000001,,,Vis.,JA,K,,,,,,,Z,,,,V517 OPH,,STD,,,,,472.52349084947855,708.7060990229543
2439287.2,12.616891518,,,Vis.,JA,K,,,,,,,Z,,,,V517 OPH,,STD,,,,,472.52349084947855,708.7060990229543
2439287.9,11.478525366,,,Vis.,JA,K,,,,,,,Z,,,,V517 OPH,,STD,,,,,472.52349084947855,708.7060990229543
2439290.2,11.38366152,,,Vis.,JA,K,,,,,,,Z,,,,V517 OPH,,STD,,,,,472.52349084947855,708.7060990229543
2439301.9,11.099069982,,,Vis.,JA,K,,,,,,,Z,,,,V517 OPH,,STD,,,,,472.52349084947855,708.7060990229543
2439315.9,10.814478444000002,,,Vis.,JA,K,,,,,,,Z,,,,V517 OPH,,STD,,,,,472.52349084947855,708.7060990229543
2439326.9,12.142572288000002,,,Vis.,JA,K,,,,,,,Z,,,,V517 OPH,,STD,,,,,472.52349084947855,708.7060990229543
2439339.8,11.099069982,,,Vis.,JA,K,,,,,,,Z,,,,V517 OPH,,STD,,,,,0.0,0.0
2439344.9,11.478525366,,,Vis.,JA,K,,,,,,,Z,,,,V517 OPH,,STD,,,,,472.52349084947855,708.7060990229543
2439355.9,11.573389212,,,Vis.,JA,K,,,,,,,Z,,,,V517 OPH,,STD,,,,,472.52349084947855,708.7060990229543
2439357.9,11.478525366,,,Vis.,JA,K,,,,,,,Z,,,,V517 OPH,,STD,,,,,472.52349084947855,708.7060990229543
2439368.9,11.478525366,,,Vis.,JA,K,,,,,,,Z,,,,V517 OPH,,STD,,,,,472.52349084947855,708.7060990229543
2439378.9,11.478525366,,,Vis.,JA,K,,,,,,,Z,,,,V517 OPH,,STD,,,,,472.52349084947855,708.7060990229543
2439393.8,11.38366152,,,Vis.,JA,K,,,,,,,Z,,,,V517 OPH,,STD,,,,,472.52349084947855,708.7060990229543
2439400.9,11.004206136,,,Vis.,JA,K,,,,,,,Z,,,,V517 OPH,,STD,,,,,472.52349084947855,708.7060990229543
2439414.9,10.719614597999998,,,Vis.,JA,K,,,,,,,Z,,,,V517 OPH,,STD,,,,,472.52349084947855,708.7060990229543
2439429.9,11.193933828000004,,,Vis.,JA,K,,,,,,,Z,,,,V517 OPH,,STD,,,,,472.52349084947855,708.7060990229543
2439514.2514,11.288797674000001,,,Vis.,JA,K,,,,,,,Z,,,,V517 OPH,,STD,,,,,472.52349084947855,708.7060990229543
2439527.1,11.288797674000001,,,Vis.,JA,K,,,,,,,Z,,,,V517 OPH,,STD,,,,,472.52349084947855,708.7060990229543
2439533.1,11.288797674000001,,,Vis.,JA,K,,,,,,,Z,,,,V517 OPH,,STD,,,,,472.52349084947855,708.7060990229543
2439542.2,11.478525366,,,Vis.,JA,K,,,,,,,Z,,,,V517 OPH,,STD,,,,,472.52349084947855,708.7060990229543
2439563.2,11.573389212,,,Vis.,JA,K,,,,,,,Z,,,,V517 OPH,,STD,,,,,472.52349084947855,708.7060990229543
2439567.2,11.38366152,,,Vis.,JA,K,,,,,,,Z,,,,V517 OPH,,STD,,,,,472.52349084947855,708.7060990229543
2439575.2,11.668253058000001,,,Vis.,JA,K,,,,,,,Z,,,,V517 OPH,,STD,,,,,472.52349084947855,708.7060990229543
2439589.2,11.668253058000001,,,Vis.,JA,K,,,,,,,Z,,,,V517 OPH,,STD,,,,,0.0,0.0
2439596.2,11.573389212,,,Vis.,JA,K,,,,,,,Z,,,,V517 OPH,,STD,,,,,472.52349084947855,708.7060990229543
2439600.2,11.573389212,,,Vis.,JA,K,,,,,,,Z,,,,V517 OPH,,STD,,,,,472.52349084947855,708.7060990229543
2439605.0,11.573389212,,,Vis.,JA,K,,,,,,,Z,,,,V517 OPH,,STD,,,,,0.0,0.0
2439612.0,11.668253058000001,,,Vis.,JA,K,,,,,,,Z,,,,V517 OPH,,STD,,,,,472.52349084947855,708.7060990229543
2439614.9,11.573389212,,,Vis.,JA,K,,,,,,,Z,,,,V517 OPH,,STD,,,,,472.52349084947855,708.7060990229543
2439621.2,11.668253058000001,,,Vis.,JA,K,,,,,,,Z,,,,V517 OPH,,STD,,,,,472.52349084947855,708.7060990229543
2439645.9,11.668253058000001,,,Vis.,JA,K,,,,,,,Z,,,,V517 OPH,,STD,,,,,472.52349084947855,708.7060990229543
2439651.9,11.763116904,,,Vis.,JA,K,,,,,,,Z,,,,V517 OPH,,STD,,,,,472.52349084947855,708.7060990229543
2439660.2,11.668253058000001,,,Vis.,JA,K,,,,,,,Z,,,,V517 OPH,,STD,,,,,472.52349084947855,708.7060990229543
2439666.9,11.573389212,,,Vis.,JA,K,,,,,,,Z,,,,V517 OPH,,STD,,,,,472.52349084947855,708.7060990229543
2439677.9,11.573389212,,,Vis.,JA,K,,,,,,,Z,,,,V517 OPH,,STD,,,,,472.52349084947855,708.7060990229543
2439684.1,11.573389212,,,Vis.,JA,K,,,,,,,Z,,,,V517 OPH,,STD,,,,,472.52349084947855,708.7060990229543
2439687.1,11.668253058000001,,,Vis.,JA,K,,,,,,,Z,,,,V517 OPH,,STD,,,,,472.52349084947855,708.7060990229543
2439694.8,11.668253058000001,,,Vis.,JA,K,,,,,,,Z,,,,V517 OPH,,STD,,,,,472.52349084947855,708.7060990229543
2439707.9,11.668253058000001,,,Vis.,JA,K,,,,,,,Z,,,,V517 OPH,,STD,,,,,472.52349084947855,708.7060990229543
2439709.9,11.668253058000001,,,Vis.,JA,K,,,,,,,Z,,,,V517 OPH,,STD,,,,,472.52349084947855,708.7060990229543
2439722.8,11.857980750000001,,,Vis.,JA,K,,,,,,,Z,,,,V517 OPH,,STD,,,,,472.52349084947855,708.7060990229543
2439731.9,11.952844595999998,,,Vis.,JA,K,,,,,,,Z,,,,V517 OPH,,STD,,,,,472.52349084947855,708.7060990229543
2439736.9,12.047708442000003,,,Vis.,JA,K,,,,,,,Z,,,,V517 OPH,,STD,,,,,472.52349084947855,708.7060990229543
2439756.9,12.047708442000003,,,Vis.,JA,K,,,,,,,Z,,,,V517 OPH,,STD,,,,,472.52349084947855,708.7060990229543
2439763.8,12.616891518,,,Vis.,JA,K,,,,,,,Z,,,,V517 OPH,,STD,,,,,472.52349084947855,708.7060990229543
2439784.9,12.047708442000003,,,Vis.,JA,K,,,,,,,Z,,,,V517 OPH,,STD,,,,,472.52349084947855,708.7060990229543
2439786.9,12.616891518,,,Vis.,JA,K,,,,,,,Z,,,,V517 OPH,,STD,,,,,472.52349084947855,708.7060990229543
2439793.9,12.047708442000003,,,Vis.,JA,K,,,,,,,Z,,,,V517 OPH,,STD,,,,,472.52349084947855,708.7060990229543
2439883.2,12.047708442000003,,,Vis.,JA,K,,,,,,,Z,,,,V517 OPH,,STD,,,,,472.52349084947855,708.7060990229543
2439896.2,12.806619210000003,,,Vis.,JA,K,,,,,,,Z,,,,V517 OPH,,STD,,,,,472.52349084947855,708.7060990229543
2439910.2,12.806619210000003,,,Vis.,JA,K,,,,,,,Z,,,,V517 OPH,,STD,,,,,472.52349084947855,708.7060990229543
2439917.2,12.806619210000003,,,Vis.,JA,K,,,,,,,Z,,,,V517 OPH,,STD,,,,,472.52349084947855,708.7060990229543
2439938.1,12.806619210000003,,,Vis.,JA,K,,,,,,,Z,,,,V517 OPH,,STD,,,,,472.52349084947855,708.7060990229543
2439955.0,12.806619210000003,,,Vis.,JA,K,,,,,,,Z,,,,V517 OPH,,STD,,,,,472.52349084947855,708.7060990229543
2439968.2,12.711755364000002,,,Vis.,JA,K,,,,,,,Z,,,,V517 OPH,,STD,,,,,472.52349084947855,708.7060990229543
2439973.0,12.616891518,,,Vis.,JA,K,,,,,,,Z,,,,V517 OPH,,STD,,,,,0.0,0.0
2439976.2,12.901483056000002,,,Vis.,JA,K,,,,,,,Z,,,,V517 OPH,,STD,,,,,472.52349084947855,708.7060990229543
2439984.2,12.33229998,,,Vis.,JA,K,,,,,,,Z,,,,V517 OPH,,STD,,,,,472.52349084947855,708.7060990229543
2439997.9,12.142572288000002,,,Vis.,JA,K,,,,,,,Z,,,,V517 OPH,,STD,,,,,472.52349084947855,708.7060990229543
2440002.9,11.952844595999998,,,Vis.,JA,K,,,,,,,Z,,,,V517 OPH,,STD,,,,,472.52349084947855,708.7060990229543
2440008.9,11.763116904,,,Vis.,JA,K,,,,,,,Z,,,,V517 OPH,,STD,,,,,472.52349084947855,708.7060990229543
2440012.9,11.763116904,,,Vis.,JA,K,,,,,,,Z,,,,V517 OPH,,STD,,,,,472.52349084947855,708.7060990229543
2440027.0,11.668253058000001,,,Vis.,JA,K,,,,,,,Z,,,,V517 OPH,,STD,,,,,472.52349084947855,708.7060990229543
2440041.0,11.668253058000001,,,Vis.,JA,K,,,,,,,Z,,,,V517 OPH,,STD,,,,,472.52349084947855,708.7060990229543
2440044.2,11.193933828000004,,,Vis.,JA,K,,,,,,,Z,,,,V517 OPH,,STD,,,,,472.52349084947855,708.7060990229543
2440050.9,11.573389212,,,Vis.,JA,K,,,,,,,Z,,,,V517 OPH,,STD,,,,,472.52349084947855,708.7060990229543
2440060.9,11.573389212,,,Vis.,JA,K,,,,,,,Z,,,,V517 OPH,,STD,,,,,472.52349084947855,708.7060990229543
2440065.0,11.573389212,,,Vis.,JA,K,,,,,,,Z,,,,V517 OPH,,STD,,,,,472.52349084947855,708.7060990229543
2440068.9,11.573389212,,,Vis.,JA,K,,,,,,,Z,,,,V517 OPH,,STD,,,,,472.52349084947855,708.7060990229543
2440082.9,11.478525366,,,Vis.,JA,K,,,,,,,Z,,,,V517 OPH,,STD,,,,,472.52349084947855,708.7060990229543
2440093.0,11.668253058000001,,,Vis.,JA,K,,,,,,,Z,,,,V517 OPH,,STD,,,,,472.52349084947855,708.7060990229543
2440098.9,11.478525366,,,Vis.,JA,K,,,,,,,Z,,,,V517 OPH,,STD,,,,,472.52349084947855,708.7060990229543
2440106.8,11.478525366,,,Vis.,JA,K,,,,,,,Z,,,,V517 OPH,,STD,,,,,472.52349084947855,708.7060990229543
2440113.9,11.573389212,,,Vis.,JA,K,,,,,,,Z,,,,V517 OPH,,STD,,,,,472.52349084947855,708.7060990229543
2440115.9,10.909342290000001,,,Vis.,JA,K,,,,,,,Z,,,,V517 OPH,,STD,,,,,472.52349084947855,708.7060990229543
2440126.9,11.099069982,,,Vis.,JA,K,,,,,,,Z,,,,V517 OPH,,STD,,,,,472.52349084947855,708.7060990229543
2440132.9,11.668253058000001,,,Vis.,JA,K,,,,,,,Z,,,,V517 OPH,,STD,,,,,472.52349084947855,708.7060990229543
2440135.9,11.573389212,,,Vis.,JA,K,,,,,,,Z,,,,V517 OPH,,STD,,,,,472.52349084947855,708.7060990229543
2440143.9,11.099069982,,,Vis.,JA,K,,,,,,,Z,,,,V517 OPH,,STD,,,,,472.52349084947855,708.7060990229543
2440150.9,11.193933828000004,,,Vis.,JA,K,,,,,,,Z,,,,V517 OPH,,STD,,,,,472.52349084947855,708.7060990229543
2440155.9,11.288797674000001,,,Vis.,JA,K,,,,,,,Z,,,,V517 OPH,,STD,,,,,472.52349084947855,708.7060990229543
2440242.1,11.288797674000001,,,Vis.,JA,K,,,,,,,Z,,,,V517 OPH,,STD,,,,,472.52349084947855,708.7060990229543
2440251.2,11.288797674000001,,,Vis.,JA,K,,,,,,,Z,,,,V517 OPH,,STD,,,,,472.52349084947855,708.7060990229543
2440255.2,11.288797674000001,,,Vis.,JA,K,,,,,,,Z,,,,V517 OPH,,STD,,,,,472.52349084947855,708.7060990229543
2440270.2,11.099069982,,,Vis.,JA,K,,,,,,,Z,,,,V517 OPH,,STD,,,,,472.52349084947855,708.7060990229543
2440275.2,10.909342290000001,,,Vis.,JA,K,,,,,,,Z,,,,V517 OPH,,STD,,,,,472.52349084947855,708.7060990229543
2440282.2,11.193933828000004,,,Vis.,JA,K,,,,,,,Z,,,,V517 OPH,,STD,,,,,472.52349084947855,708.7060990229543
2440303.2,11.478525366,,,Vis.,JA,K,,,,,,,Z,,,,V517 OPH,,STD,,,,,472.52349084947855,708.7060990229543
2440308.2,11.288797674000001,,,Vis.,JA,K,,,,,,,Z,,,,V517 OPH,,STD,,,,,472.52349084947855,708.7060990229543
2440321.2,11.288797674000001,,,Vis.,JA,K,,,,,,,Z,,,,V517 OPH,,STD,,,,,472.52349084947855,708.7060990229543
2440326.2,11.004206136,,,Vis.,JA,K,,,,,,,Z,,,,V517 OPH,,STD,,,,,472.52349084947855,708.7060990229543
2440333.2,11.478525366,,,Vis.,JA,K,,,,,,,Z,,,,V517 OPH,,STD,,,,,472.52349084947855,708.7060990229543
2440340.2,11.573389212,,,Vis.,JA,K,,,,,,,Z,,,,V517 OPH,,STD,,,,,472.52349084947855,708.7060990229543
2440349.9,11.478525366,,,Vis.,JA,K,,,,,,,Z,,,,V517 OPH,,STD,,,,,472.52349084947855,708.7060990229543
2440356.9,11.668253058000001,,,Vis.,JA,K,,,,,,,Z,,,,V517 OPH,,STD,,,,,472.52349084947855,708.7060990229543
2440369.2,11.38366152,,,Vis.,JA,K,,,,,,,Z,,,,V517 OPH,,STD,,,,,472.52349084947855,708.7060990229543
2440376.9,11.952844595999998,,,Vis.,JA,K,,,,,,,Z,,,,V517 OPH,,STD,,,,,472.52349084947855,708.7060990229543
2440382.9,11.952844595999998,,,Vis.,JA,K,,,,,,,Z,,,,V517 OPH,,STD,,,,,472.52349084947855,708.7060990229543
2440394.0,11.857980750000001,,,Vis.,JA,K,,,,,,,Z,,,,V517 OPH,,STD,,,,,472.52349084947855,708.7060990229543
2440409.0,12.142572288000002,,,Vis.,JA,K,,,,,,,Z,,,,V517 OPH,,STD,,,,,472.52349084947855,708.7060990229543
2440415.8,12.047708442000003,,,Vis.,JA,K,,,,,,,Z,,,,V517 OPH,,STD,,,,,472.52349084947855,708.7060990229543
2440424.0,12.047708442000003,,,Vis.,JA,K,,,,,,,Z,,,,V517 OPH,,STD,,,,,472.52349084947855,708.7060990229543
2440432.8,12.142572288000002,,,Vis.,JA,K,,,,,,,Z,,,,V517 OPH,,STD,,,,,472.52349084947855,708.7060990229543
2440436.9,12.142572288000002,,,Vis.,JA,K,,,,,,,Z,,,,V517 OPH,,STD,,,,,472.52349084947855,708.7060990229543
2440443.9,12.806619210000003,,,Vis.,JA,K,,,,,,,Z,,,,V517 OPH,,STD,,,,,472.52349084947855,708.7060990229543
2440451.9,12.806619210000003,,,Vis.,JA,K,,,,,,,Z,,,,V517 OPH,,STD,,,,,472.52349084947855,708.7060990229543
2440464.9,12.047708442000003,,,Vis.,JA,K,,,,,,,Z,,,,V517 OPH,,STD,,,,,472.52349084947855,708.7060990229543
2440477.9,12.806619210000003,,,Vis.,JA,K,,,,,,,Z,,,,V517 OPH,,STD,,,,,472.52349084947855,708.7060990229543
2440498.9,12.806619210000003,,,Vis.,JA,K,,,,,,,Z,,,,V517 OPH,,STD,,,,,472.52349084947855,708.7060990229543
2440505.9,12.616891518,,,Vis.,JA,K,,,,,,,Z,,,,V517 OPH,,STD,,,,,472.52349084947855,708.7060990229543
2440513.9,11.668253058000001,,,Vis.,JA,K,,,,,,,Z,,,,V517 OPH,,STD,,,,,472.52349084947855,708.7060990229543
2440523.9,12.047708442000003,,,Vis.,JA,K,,,,,,,Z,,,,V517 OPH,,STD,,,,,472.52349084947855,708.7060990229543
2440531.9,11.573389212,,,Vis.,JA,K,,,,,,,Z,,,,V517 OPH,,STD,,,,,472.52349084947855,708.7060990229543
2440603.2,11.573389212,,,Vis.,JA,K,,,,,,,Z,,,,V517 OPH,,STD,,,,,472.52349084947855,708.7060990229543
2440624.2,12.616891518,,,Vis.,JA,K,,,,,,,Z,,,,V517 OPH,,STD,,,,,0.0,0.0
2440628.2,12.616891518,,,Vis.,JA,K,,,,,,,Z,,,,V517 OPH,,STD,,,,,472.52349084947855,708.7060990229543
2440649.2,12.616891518,,,Vis.,JA,K,,,,,,,Z,,,,V517 OPH,,STD,,,,,472.52349084947855,708.7060990229543
2440661.2,12.806619210000003,,,Vis.,JA,K,,,,V=14.1 ?,,,Z,,,,V517 OPH,,STD,,,,,472.52349084947855,708.7060990229543
2440681.2,12.616891518,,,Vis.,JA,K,,,,,,,Z,,,,V517 OPH,,STD,,,,,472.52349084947855,708.7060990229543
2440690.2,12.806619210000003,,,Vis.,JA,K,,,,,,,Z,,,,V517 OPH,,STD,,,,,472.52349084947855,708.7060990229543
2440705.0,12.616891518,,,Vis.,JA,K,,,,,,,Z,,,,V517 OPH,,STD,,,,,472.52349084947855,708.7060990229543
2440708.2,12.806619210000003,,,Vis.,JA,K,,,,,,,Z,,,,V517 OPH,,STD,,,,,472.52349084947855,708.7060990229543
2440719.2,12.806619210000003,,,Vis.,JA,K,,,,,,,Z,,,,V517 OPH,,STD,,,,,472.52349084947855,708.7060990229543
2440722.2,12.806619210000003,,,Vis.,JA,K,,,,,,,Z,,,,V517 OPH,,STD,,,,,472.52349084947855,708.7060990229543
2440733.0,12.616891518,,,Vis.,JA,K,,,,,,,Z,,,,V517 OPH,,STD,,,,,0.0,0.0
2440762.0,12.616891518,,,Vis.,JA,K,,,,,,,Z,,,,V517 OPH,,STD,,,,,0.0,0.0
2440772.9,12.806619210000003,,,Vis.,JA,K,,,,,,,Z,,,,V517 OPH,,STD,,,,,0.0,0.0
2440793.8,12.616891518,,,Vis.,JA,K,,,,,,,Z,,,,V517 OPH,,STD,,,,,0.0,0.0
2440807.9,12.616891518,,,Vis.,JA,K,,,,,,,Z,,,,V517 OPH,,STD,,,,,472.52349084947855,708.7060990229543
2440821.9,12.806619210000003,,,Vis.,JA,K,,,,,,,Z,,,,V517 OPH,,STD,,,,,0.0,0.0
2440831.9,12.806619210000003,,,Vis.,JA,K,,,,,,,Z,,,,V517 OPH,,STD,,,,,472.52349084947855,708.7060990229543
2440856.9,12.047708442000003,,,Vis.,JA,K,,,,,,,Z,,,,V517 OPH,,STD,,,,,472.52349084947855,708.7060990229543
2440863.9,12.047708442000003,,,Vis.,JA,K,,,,,,,Z,,,,V517 OPH,,STD,,,,,472.52349084947855,708.7060990229543
2440978.2,12.047708442000003,,,Vis.,JA,K,,,,,,,Z,,,,V517 OPH,,STD,,,,,472.52349084947855,708.7060990229543
2441004.2,12.427163826,,,Vis.,JA,K,,,,,,,Z,,,,V517 OPH,,STD,,,,,472.52349084947855,708.7060990229543
2441019.2,12.047708442000003,,,Vis.,JA,K,,,,,,,Z,,,,V517 OPH,,STD,,,,,472.52349084947855,708.7060990229543
2441031.2,12.047708442000003,,,Vis.,JA,K,,,,,,,Z,,,,V517 OPH,,STD,,,,,472.52349084947855,708.7060990229543
2441037.2,11.857980750000001,,,Vis.,JA,K,,,,,,,Z,,,,V517 OPH,,STD,,,,,472.52349084947855,708.7060990229543
2441056.2,11.763116904,,,Vis.,JA,K,,,,,,,Z,,,,V517 OPH,,STD,,,,,472.52349084947855,708.7060990229543
2441067.2,11.763116904,,,Vis.,JA,K,,,,,,,Z,,,,V517 OPH,,STD,,,,,472.52349084947855,708.7060990229543
2441079.2,11.763116904,,,Vis.,JA,K,,,,,,,Z,,,,V517 OPH,,STD,,,,,472.52349084947855,708.7060990229543
2441088.0,11.763116904,,,Vis.,JA,K,,,,,,,Z,,,,V517 OPH,,STD,,,,,472.52349084947855,708.7060990229543
2441096.2,11.763116904,,,Vis.,JA,K,,,,,,,Z,,,,V517 OPH,,STD,,,,,472.52349084947855,708.7060990229543
2441113.9,11.573389212,,,Vis.,JA,K,,,,,,,Z,,,,V517 OPH,,STD,,,,,472.52349084947855,708.7060990229543
2441115.9,11.763116904,,,Vis.,JA,K,,,,,,,Z,,,,V517 OPH,,STD,,,,,472.52349084947855,708.7060990229543
2441122.0,12.047708442000003,,,Vis.,JA,K,,,,,,,Z,,,,V517 OPH,,STD,,,,,472.52349084947855,708.7060990229543
2441132.9,12.806619210000003,,,Vis.,JA,K,,,,,,,Z,,,,V517 OPH,,STD,,,,,472.52349084947855,708.7060990229543
2441136.9,12.806619210000003,,,Vis.,JA,K,,,,,,,Z,,,,V517 OPH,,STD,,,,,472.52349084947855,708.7060990229543
2441146.0,12.806619210000003,,,Vis.,JA,K,,,,,,,Z,,,,V517 OPH,,STD,,,,,0.0,0.0
2441162.9,12.616891518,,,Vis.,JA,K,,,,,,,Z,,,,V517 OPH,,STD,,,,,0.0,0.0
2441185.9,11.38366152,,,Vis.,JA,K,,,,,,,Z,,,,V517 OPH,,STD,,,,,0.0,0.0
2441201.9,12.806619210000003,,,Vis.,JA,K,,,,,,,Z,,,,V517 OPH,,STD,,,,,0.0,0.0
2441203.9,13.091210748,,,Vis.,JA,K,,,,,,,Z,,,,V517 OPH,,STD,,,,,0.0,0.0
2441214.9,11.763116904,,,Vis.,JA,K,,,,,,,Z,,,,V517 OPH,,STD,,,,,0.0,0.0
2441233.9,12.616891518,,,Vis.,JA,K,,,,,,,Z,,,,V517 OPH,,STD,,,,,472.52349084947855,708.7060990229543
2441237.9,12.806619210000003,,,Vis.,JA,K,,,,,,,Z,,,,V517 OPH,,STD,,,,,0.0,0.0
2441243.9,12.806619210000003,,,Vis.,JA,K,,,,,,,Z,,,,V517 OPH,,STD,,,,,0.0,0.0
2441334.2,11.573389212,,,Vis.,JA,K,,,,,,,Z,,,,V517 OPH,,STD,,,,,0.0,0.0
2441357.2,11.573389212,,,Vis.,JA,K,,,,,,,Z,,,,V517 OPH,,STD,,,,,472.52349084947855,708.7060990229543
2441360.2,12.047708442000003,,,Vis.,JA,K,,,,,,,Z,,,,V517 OPH,,STD,,,,,472.52349084947855,708.7060990229543
2441373.2,11.668253058000001,,,Vis.,JA,K,,,,,,,Z,,,,V517 OPH,,STD,,,,,472.52349084947855,708.7060990229543
2441389.2,11.763116904,,,Vis.,JA,K,,,,,,,Z,,,,V517 OPH,,STD,,,,,472.52349084947855,708.7060990229543
2441391.2,11.857980750000001,,,Vis.,JA,K,,,,,,,Z,,,,V517 OPH,,STD,,,,,472.52349084947855,708.7060990229543
2441407.2,11.763116904,,,Vis.,JA,K,,,,,,,Z,,,,V517 OPH,,STD,,,,,472.52349084947855,708.7060990229543
2441416.2,11.668253058000001,,,Vis.,JA,K,,,,,,,Z,,,,V517 OPH,,STD,,,,,472.52349084947855,708.7060990229543
2441418.0,11.668253058000001,,,Vis.,JA,K,,,,,,,Z,,,,V517 OPH,,STD,,,,,472.52349084947855,708.7060990229543
2441422.2,11.573389212,,,Vis.,JA,K,,,,,,,Z,,,,V517 OPH,,STD,,,,,472.52349084947855,708.7060990229543
2441425.2,11.668253058000001,,,Vis.,JA,K,,,,,,,Z,,,,V517 OPH,,STD,,,,,472.52349084947855,708.7060990229543
2441433.2,11.573389212,,,Vis.,JA,K,,,,,,,Z,,,,V517 OPH,,STD,,,,,472.52349084947855,708.7060990229543
2441444.9,11.668253058000001,,,Vis.,JA,K,,,,,,,Z,,,,V517 OPH,,STD,,,,,472.52349084947855,708.7060990229543
2441447.9,11.668253058000001,,,Vis.,JA,K,,,,,,,Z,,,,V517 OPH,,STD,,,,,472.52349084947855,708.7060990229543
2441455.0,11.763116904,,,Vis.,JA,K,,,,,,,Z,,,,V517 OPH,,STD,,,,,472.52349084947855,708.7060990229543
2441460.3,11.668253058000001,,,Vis.,JA,K,,,,,,,Z,,,,V517 OPH,,STD,,,,,472.52349084947855,708.7060990229543
2441468.9,11.668253058000001,,,Vis.,JA,K,,,,,,,Z,,,,V517 OPH,,STD,,,,,472.52349084947855,708.7060990229543
2441468.9,11.857980750000001,,,Vis.,JA,K,,,,,,,Z,,,,V517 OPH,,STD,,,,,472.52349084947855,708.7060990229543
2441474.9,11.668253058000001,,,Vis.,JA,K,,,,,,,Z,,,,V517 OPH,,STD,,,,,472.52349084947855,708.7060990229543
2441482.9,11.668253058000001,,,Vis.,JA,K,,,,,,,Z,,,,V517 OPH,,STD,,,,,472.52349084947855,708.7060990229543
2441496.8,11.668253058000001,,,Vis.,JA,K,,,,,,,Z,,,,V517 OPH,,STD,,,,,472.52349084947855,708.7060990229543
2441499.8,11.668253058000001,,,Vis.,JA,K,,,,,,,Z,,,,V517 OPH,,STD,,,,,472.52349084947855,708.7060990229543
2441513.8,11.573389212,,,Vis.,JA,K,,,,,,,Z,,,,V517 OPH,,STD,,,,,472.52349084947855,708.7060990229543
2441524.8,11.573389212,,,Vis.,JA,K,,,,,,,Z,,,,V517 OPH,,STD,,,,,472.52349084947855,708.7060990229543
2441534.9,11.478525366,,,Vis.,JA,K,,,,,,,Z,,,,V517 OPH,,STD,,,,,472.52349084947855,708.7060990229543
2441542.9,11.573389212,,,Vis.,JA,K,,,,,,,Z,,,,V517 OPH,,STD,,,,,472.52349084947855,708.7060990229543
2441551.9,11.478525366,,,Vis.,JA,K,,,,,,,Z,,,,V517 OPH,,STD,,,,,472.52349084947855,708.7060990229543
2441563.9,11.288797674000001,,,Vis.,JA,K,,,,,,,Z,,,,V517 OPH,,STD,,,,,472.52349084947855,708.7060990229543
2441566.9,11.288797674000001,,,Vis.,JA,K,,,,,,,Z,,,,V517 OPH,,STD,,,,,472.52349084947855,708.7060990229543
2441569.9,11.478525366,,,Vis.,JA,K,,,,,,,Z,,,,V517 OPH,,STD,,,,,472.52349084947855,708.7060990229543
2441583.8,11.478525366,,,Vis.,JA,K,,,,,,,Z,,,,V517 OPH,,STD,,,,,472.52349084947855,708.7060990229543
2441594.9,11.478525366,,,Vis.,JA,K,,,,,,,Z,,,,V517 OPH,,STD,,,,,472.52349084947855,708.7060990229543
2441604.9,11.573389212,,,Vis.,JA,K,,,,,,,Z,,,,V517 OPH,,STD,,,,,472.52349084947855,708.7060990229543
2441619.9,12.047708442000003,,,Vis.,JA,K,,,,,,,Z,,,,V517 OPH,,STD,,,,,472.52349084947855,708.7060990229543
2441711.1,11.573389212,,,Vis.,JA,K,,,,,,,Z,,,,V517 OPH,,STD,,,,,472.52349084947855,708.7060990229543
2441717.2,12.047708442000003,,,Vis.,JA,K,,,,,,,Z,,,,V517 OPH,,STD,,,,,472.52349084947855,708.7060990229543
2441722.2,12.616891518,,,Vis.,JA,K,,,,,,,Z,,,,V517 OPH,,STD,,,,,472.52349084947855,708.7060990229543
2441736.2,12.806619210000003,,,Vis.,JA,K,,,,,,,Z,,,,V517 OPH,,STD,,,,,472.52349084947855,708.7060990229543
2441746.2,12.616891518,,,Vis.,JA,K,,,,,,,Z,,,,V517 OPH,,STD,,,,,472.52349084947855,708.7060990229543
2441749.2,12.616891518,,,Vis.,JA,K,,,,,,,Z,,,,V517 OPH,,STD,,,,,472.52349084947855,708.7060990229543
2441758.2,12.806619210000003,,,Vis.,JA,K,,,,,,,Z,,,,V517 OPH,,STD,,,,,472.52349084947855,708.7060990229543
2441772.0,12.616891518,,,Vis.,JA,K,,,,,,,Z,,,,V517 OPH,,STD,,,,,472.52349084947855,708.7060990229543
2441777.2,12.806619210000003,,,Vis.,JA,K,,,,,,,Z,,,,V517 OPH,,STD,,,,,472.52349084947855,708.7060990229543
2441782.2,12.806619210000003,,,Vis.,JA,K,,,,,,,Z,,,,V517 OPH,,STD,,,,,472.52349084947855,708.7060990229543
2441801.9,12.806619210000003,,,Vis.,JA,K,,,,,,,Z,,,,V517 OPH,,STD,,,,,472.52349084947855,708.7060990229543
2441813.2,12.806619210000003,,,Vis.,JA,K,,,,,,,Z,,,,V517 OPH,,STD,,,,,472.52349084947855,708.7060990229543
2441817.2,12.806619210000003,,,Vis.,JA,K,,,,,,,Z,,,,V517 OPH,,STD,,,,,472.52349084947855,708.7060990229543
2441832.9,12.806619210000003,,,Vis.,JA,K,,,,,,,Z,,,,V517 OPH,,STD,,,,,472.52349084947855,708.7060990229543
2441854.9,12.616891518,,,Vis.,JA,K,,,,,,,Z,,,,V517 OPH,,STD,,,,,472.52349084947855,708.7060990229543
2441859.9,12.616891518,,,Vis.,JA,K,,,,,,,Z,,,,V517 OPH,,STD,,,,,472.52349084947855,708.7060990229543
2441864.8,12.616891518,,,Vis.,JA,K,,,,,,,Z,,,,V517 OPH,,STD,,,,,472.52349084947855,708.7060990229543
2441870.9,12.616891518,,,Vis.,JA,K,,,,,,,Z,,,,V517 OPH,,STD,,,,,472.52349084947855,708.7060990229543
2441882.9,12.616891518,,,Vis.,JA,K,,,,,,,Z,,,,V517 OPH,,STD,,,,,472.52349084947855,708.7060990229543
2441899.8,12.616891518,,,Vis.,JA,K,,,,,,,Z,,,,V517 OPH,,STD,,,,,472.52349084947855,708.7060990229543
2441911.9,12.616891518,,,Vis.,JA,K,,,,,,,Z,,,,V517 OPH,,STD,,,,,472.52349084947855,708.7060990229543
2441917.9,12.616891518,,,Vis.,JA,K,,,,,,,Z,,,,V517 OPH,,STD,,,,,472.52349084947855,708.7060990229543
2441929.9,12.142572288000002,,,Vis.,JA,K,,,,,,,Z,,,,V517 OPH,,STD,,,,,472.52349084947855,708.7060990229543
2441947.9,12.047708442000003,,,Vis.,JA,K,,,,,,,Z,,,,V517 OPH,,STD,,,,,472.52349084947855,708.7060990229543
2441950.8,12.711755364000002,,,Vis.,JA,K,,,,,,,Z,,,,V517 OPH,,STD,,,,,472.52349084947855,708.7060990229543
2441954.9,12.047708442000003,,,Vis.,JA,K,,,,,,,Z,,,,V517 OPH,,STD,,,,,0.0,0.0
2442067.1,11.478525366,,,Vis.,JA,K,,,,,,,Z,,,,V517 OPH,,STD,,,,,472.52349084947855,708.7060990229543
2442163.9,12.806619210000003,,,Vis.,JA,K,,,,,,,Z,,,,V517 OPH,,STD,,,,,472.52349084947855,708.7060990229543
2442178.9,12.616891518,,,Vis.,JA,K,,,,,,,Z,,,,V517 OPH,,STD,,,,,472.52349084947855,708.7060990229543
2442184.9,12.616891518,,,Vis.,JA,K,,,,,,,Z,,,,V517 OPH,,STD,,,,,472.52349084947855,708.7060990229543
2442192.9,12.616891518,,,Vis.,JA,K,,,,,,,Z,,,,V517 OPH,,STD,,,,,472.52349084947855,708.7060990229543
2442215.8,12.806619210000003,,,Vis.,JA,K,,,,,,,Z,,,,V517 OPH,,STD,,,,,472.52349084947855,708.7060990229543
2442220.8,12.806619210000003,,,Vis.,JA,K,,,,,,,Z,,,,V517 OPH,,STD,,,,,472.52349084947855,708.7060990229543
2442238.9,11.573389212,,,Vis.,JA,K,,,,,,,Z,,,,V517 OPH,,STD,,,,,472.52349084947855,708.7060990229543
2442239.9,12.616891518,,,Vis.,JA,K,,,,,,,Z,,,,V517 OPH,,STD,,,,,472.52349084947855,708.7060990229543
2442249.9,12.806619210000003,,,Vis.,JA,K,,,,,,,Z,,,,V517 OPH,,STD,,,,,472.52349084947855,708.7060990229543
2442267.8,12.616891518,,,Vis.,JA,K,,,,,,,Z,,,,V517 OPH,,STD,,,,,472.52349084947855,708.7060990229543
2442277.8,12.616891518,,,Vis.,JA,K,,,,,,,Z,,,,V517 OPH,,STD,,,,,472.52349084947855,708.7060990229543
2442295.8,13.091210748,,,Vis.,JA,K,,,,,,,Z,,,,V517 OPH,,STD,,,,,472.52349084947855,708.7060990229543
2442303.9,11.952844595999998,,,Vis.,JA,K,,,,,,,Z,,,,V517 OPH,,STD,,,,,472.52349084947855,708.7060990229543
2442324.9,12.142572288000002,,,Vis.,JA,K,,,,,,,Z,,,,V517 OPH,,STD,,,,,472.52349084947855,708.7060990229543
2442336.9,12.047708442000003,,,Vis.,JA,K,,,,,,,Z,,,,V517 OPH,,STD,,,,,472.52349084947855,708.7060990229543
2442436.2,11.573389212,,,Vis.,JA,K,,,,,,,Z,,,,V517 OPH,,STD,,,,,472.52349084947855,708.7060990229543
2442445.2,11.573389212,,,Vis.,JA,K,,,,,,,Z,,,,V517 OPH,,STD,,,,,472.52349084947855,708.7060990229543
2442480.2,11.763116904,,,Vis.,JA,K,,,,,,,Z,,,,V517 OPH,,STD,,,,,472.52349084947855,708.7060990229543
2442496.2,11.573389212,,,Vis.,JA,K,,,,,,,Z,,,,V517 OPH,,STD,,,,,472.52349084947855,708.7060990229543
2442510.9,12.047708442000003,,,Vis.,JA,K,,,,,,,Z,,,,V517 OPH,,STD,,,,,472.52349084947855,708.7060990229543
2442536.0,11.573389212,,,Vis.,JA,K,,,,,,,Z,,,,V517 OPH,,STD,,,,,472.52349084947855,708.7060990229543
2442555.9,11.668253058000001,,,Vis.,JA,K,,,,,,,Z,,,,V517 OPH,,STD,,,,,472.52349084947855,708.7060990229543
2442561.9,11.099069982,,,Vis.,JA,K,,,,,,,Z,,,,V517 OPH,,STD,,,,,0.0,0.0
2442571.9,10.814478444000002,,,Vis.,JA,K,,,,,,,Z,,,,V517 OPH,,STD,,,,,472.52349084947855,708.7060990229543
2442580.8,10.814478444000002,,,Vis.,JA,K,,,,,,,Z,,,,V517 OPH,,STD,,,,,472.52349084947855,708.7060990229543
2442589.9,11.288797674000001,,,Vis.,JA,K,,,,,,,Z,,,,V517 OPH,,STD,,,,,472.52349084947855,708.7060990229543
2442595.9,11.478525366,,,Vis.,JA,K,,,,,,,Z,,,,V517 OPH,,STD,,,,,472.52349084947855,708.7060990229543
2442605.9,11.004206136,,,Vis.,JA,K,,,,,,,Z,,,,V517 OPH,,STD,,,,,472.52349084947855,708.7060990229543
2442620.9,11.193933828000004,,,Vis.,JA,K,,,,,,,Z,,,,V517 OPH,,STD,,,,,472.52349084947855,708.7060990229543
2442624.9,11.38366152,,,Vis.,JA,K,,,,,,,Z,,,,V517 OPH,,STD,,,,,472.52349084947855,708.7060990229543
2442631.9,11.478525366,,,Vis.,JA,K,,,,,,,Z,,,,V517 OPH,,STD,,,,,472.52349084947855,708.7060990229543
2442649.8,11.38366152,,,Vis.,JA,K,,,,,,,Z,,,,V517 OPH,,STD,,,,,472.52349084947855,708.7060990229543
2442655.9008,11.38366152,,,Vis.,JA,K,,,,,,,Z,,,,V517 OPH,,STD,,,,,472.52349084947855,708.7060990229543
2442671.9,11.193933828000004,,,Vis.,JA,K,,,,,,,Z,,,,V517 OPH,,STD,,,,,472.52349084947855,708.7060990229543
2442680.9,10.719614597999998,,,Vis.,JA,K,,,,,,,Z,,,,V517 OPH,,STD,,,,,472.52349084947855,708.7060990229543
2442683.9,10.719614597999998,,,Vis.,JA,K,,,,,,,Z,,,,V517 OPH,,STD,,,,,472.52349084947855,708.7060990229543
2442690.9,10.719614597999998,,,Vis.,JA,K,,,,,,,Z,,,,V517 OPH,,STD,,,,,472.52349084947855,708.7060990229543
2442713.9,11.193933828000004,,,Vis.,JA,K,,,,,,,Z,,,,V517 OPH,,STD,,,,,472.52349084947855,708.7060990229543
2442871.0,11.099069982,,,Vis.,JA,K,,,,,,,Z,,,,V517 OPH,,STD,,,,,472.52349084947855,708.7060990229543
2442874.9,11.478525366,,,Vis.,JA,K,,,,,,,Z,,,,V517 OPH,,STD,,,,,472.52349084947855,708.7060990229543
2442887.9,10.814478444000002,,,Vis.,JA,K,,,,,,,Z,,,,V517 OPH,,STD,,,,,472.52349084947855,708.7060990229543
2442890.9,11.478525366,,,Vis.,JA,K,,,,,,,Z,,,,V517 OPH,,STD,,,,,472.52349084947855,708.7060990229543
2442893.9,11.478525366,,,Vis.,JA,K,,,,,,,Z,,,,V517 OPH,,STD,,,,,472.52349084947855,708.7060990229543
2442899.9,11.288797674000001,,,Vis.,JA,K,,,,,,,Z,,,,V517 OPH,,STD,,,,,472.52349084947855,708.7060990229543
2442900.9,11.099069982,,,Vis.,JA,K,,,,,,,Z,,,,V517 OPH,,STD,,,,,472.52349084947855,708.7060990229543
2442901.9,11.004206136,,,Vis.,JA,K,,,,,,,Z,,,,V517 OPH,,STD,,,,,472.52349084947855,708.7060990229543
2442908.2,11.099069982,,,Vis.,JA,K,,,,,,,Z,,,,V517 OPH,,STD,,,,,472.52349084947855,708.7060990229543
2442920.2,11.004206136,,,Vis.,JA,K,,,,,,,Z,,,,V517 OPH,,STD,,,,,472.52349084947855,708.7060990229543
2442925.9,11.099069982,,,Vis.,JA,K,,,,,,,Z,,,,V517 OPH,,STD,,,,,472.52349084947855,708.7060990229543
2442935.8,11.099069982,,,Vis.,JA,K,,,,,,,Z,,,,V517 OPH,,STD,,,,,471.6128331457496,715.9267701236995
2442943.9,10.719614597999998,,,Vis.,JA,K,,,,,,,Z,,,,V517 OPH,,STD,,,,,471.6128331457496,715.9267701236995
2442948.8,11.099069982,,,Vis.,JA,K,,,,,,,Z,,,,V517 OPH,,STD,,,,,471.6128331457496,715.9267701236995
2442954.9,10.814478444000002,,,Vis.,JA,K,,,,,,,Z,,,,V517 OPH,,STD,,,,,471.6128331457496,715.9267701236995
2442961.9,10.814478444000002,,,Vis.,JA,K,,,,,,,Z,,,,V517 OPH,,STD,,,,,471.6128331457496,715.9267701236995
2442963.8,10.814478444000002,,,Vis.,JA,K,,,,,,,Z,,,,V517 OPH,,STD,,,,,471.6128331457496,715.9267701236995
2442971.8,10.814478444000002,,,Vis.,JA,K,,,,,,,Z,,,,V517 OPH,,STD,,,,,471.6128331457496,715.9267701236995
2442978.9,10.909342290000001,,,Vis.,JA,K,,,,,,,Z,,,,V517 OPH,,STD,,,,,471.6128331457496,715.9267701236995
2442981.9,10.814478444000002,,,Vis.,JA,K,,,,,,,Z,,,,V517 OPH,,STD,,,,,471.6128331457496,715.9267701236995
2443004.8,11.193933828000004,,,Vis.,JA,K,,,,,,,Z,,,,V517 OPH,,STD,,,,,471.6128331457496,715.9267701236995
2443011.9,10.814478444000002,,,Vis.,JA,K,,,,,,,Z,,,,V517 OPH,,STD,,,,,471.6128331457496,715.9267701236995
2443019.9,10.814478444000002,,,Vis.,JA,K,,,,,,,Z,,,,V517 OPH,,STD,,,,,471.6128331457496,715.9267701236995
2443037.0,10.719614597999998,,,Vis.,JA,K,,,,,,,Z,,,,V517 OPH,,STD,,,,,471.6128331457496,715.9267701236995
2443049.9,11.193933828000004,,,Vis.,JA,K,,,,,,,Z,,,,V517 OPH,,STD,,,,,471.6128331457496,715.9267701236995
2443079.9,10.719614597999998,,,Vis.,JA,K,,,,,,,Z,,,,V517 OPH,,STD,,,,,471.6128331457496,715.9267701236995
2443222.0,11.573389212,,,Vis.,JA,K,,,,,,,Z,,,,V517 OPH,,STD,,,,,471.6128331457496,715.9267701236995
2443236.2,11.004206136,,,Vis.,JA,K,,,,,,,Z,,,,V517 OPH,,STD,,,,,471.6128331457496,715.9267701236995
2443238.8,11.004206136,,,Vis.,JA,K,,,,,,,Z,,,,V517 OPH,,STD,,,,,471.6128331457496,715.9267701236995
2443248.2,11.004206136,,,Vis.,JA,K,,,,,,,Z,,,,V517 OPH,,STD,,,,,471.6128331457496,715.9267701236995
2443255.0,10.529886906,,,Vis.,JA,K,,,,,,,Z,,,,V517 OPH,,STD,,,,,471.6128331457496,715.9267701236995
2443258.9,11.193933828000004,,,Vis.,JA,K,,,,,,,Z,,,,V517 OPH,,STD,,,,,471.6128331457496,715.9267701236995
2443262.2,11.004206136,,,Vis.,JA,K,,,,,,,Z,,,,V517 OPH,,STD,,,,,471.6128331457496,715.9267701236995
2443274.9,11.38366152,,,Vis.,JA,K,,,,,,,Z,,,,V517 OPH,,STD,,,,,471.6128331457496,715.9267701236995
2443298.8,11.288797674000001,,,Vis.,JA,K,,,,,,,Z,,,,V517 OPH,,STD,,,,,471.6128331457496,715.9267701236995
2443301.9,11.004206136,,,Vis.,JA,K,,,,,,,Z,,,,V517 OPH,,STD,,,,,471.6128331457496,715.9267701236995
2443307.9,11.288797674000001,,,Vis.,JA,K,,,,,,,Z,,,,V517 OPH,,STD,,,,,471.6128331457496,715.9267701236995
2443313.9,11.478525366,,,Vis.,JA,K,,,,,,,Z,,,,V517 OPH,,STD,,,,,471.6128331457496,715.9267701236995
2443317.0,11.288797674000001,,,Vis.,JA,K,,,,,,,Z,,,,V517 OPH,,STD,,,,,471.6128331457496,715.9267701236995
2443331.0,11.193933828000004,,,Vis.,JA,K,,,,,,,Z,,,,V517 OPH,,STD,,,,,471.6128331457496,715.9267701236995
2443333.9,11.099069982,,,Vis.,JA,K,,,,,,,Z,,,,V517 OPH,,STD,,,,,471.6128331457496,715.9267701236995
2443334.9,11.288797674000001,,,Vis.,JA,K,,,,,,,Z,,,,V517 OPH,,STD,,,,,471.6128331457496,715.9267701236995
2443358.9,11.38366152,,,Vis.,JA,K,,,,,,,Z,,,,V517 OPH,,STD,,,,,471.6128331457496,715.9267701236995
2443361.9,11.478525366,,,Vis.,JA,K,,,,,,,Z,,,,V517 OPH,,STD,,,,,471.6128331457496,715.9267701236995
2443376.9,11.478525366,,,Vis.,JA,K,,,,,,,Z,,,,V517 OPH,,STD,,,,,471.6128331457496,715.9267701236995
2443394.8,11.668253058000001,,,Vis.,JA,K,,,,,,,Z,,,,V517 OPH,,STD,,,,,471.6128331457496,715.9267701236995
2443397.8,11.668253058000001,,,Vis.,JA,K,,,,,,,Z,,,,V517 OPH,,STD,,,,,471.6128331457496,715.9267701236995
2443543.2,11.38366152,,,Vis.,JA,K,,,,,,,Z,,,,V517 OPH,,STD,,,,,0.0,0.0
2443603.9,11.288797674000001,,,Vis.,JA,K,,,,,,,Z,,,,V517 OPH,,STD,,,,,471.6128331457496,715.9267701236995
2443606.3,11.004206136,,,Vis.,JA,K,,,,,,,Z,,,,V517 OPH,,STD,,,,,471.6128331457496,715.9267701236995
2443628.0,11.288797674000001,,,Vis.,JA,K,,,,,,,Z,,,,V517 OPH,,STD,,,,,471.6128331457496,715.9267701236995
2443632.0,11.288797674000001,,,Vis.,JA,K,,,,,,,Z,,,,V517 OPH,,STD,,,,,471.6128331457496,715.9267701236995
2443639.0,11.288797674000001,,,Vis.,JA,K,,,,,,,Z,,,,V517 OPH,,STD,,,,,471.6128331457496,715.9267701236995
2443650.0,11.38366152,,,Vis.,JA,K,,,,,,,Z,,,,V517 OPH,,STD,,,,,471.6128331457496,715.9267701236995
2443653.8,11.288797674000001,,,Vis.,JA,K,,,,,,,Z,,,,V517 OPH,,STD,,,,,471.6128331457496,715.9267701236995
2443657.0,11.004206136,,,Vis.,JA,K,,,,,,,Z,,,,V517 OPH,,STD,,,,,471.6128331457496,715.9267701236995
2443661.9,11.288797674000001,,,Vis.,JA,K,,,,,,,Z,,,,V517 OPH,,STD,,,,,471.6128331457496,715.9267701236995
2443672.9,10.624750751999999,,,Vis.,JA,K,,,,,,,Z,,,,V517 OPH,,STD,,,,,471.6128331457496,715.9267701236995
2443701.9,11.288797674000001,,,Vis.,JA,K,,,,,,,Z,,,,V517 OPH,,STD,,,,,471.6128331457496,715.9267701236995
2443714.9,10.909342290000001,,,Vis.,JA,K,,,,,,,Z,,,,V517 OPH,,STD,,,,,471.6128331457496,715.9267701236995
2443722.0,11.099069982,,,Vis.,JA,K,,,,,,,Z,,,,V517 OPH,,STD,,,,,471.6128331457496,715.9267701236995
2443726.9,11.478525366,,,Vis.,JA,K,,,,,,,Z,,,,V517 OPH,,STD,,,,,471.6128331457496,715.9267701236995
2443730.0,11.478525366,,,Vis.,JA,K,,,,,,,Z,,,,V517 OPH,,STD,,,,,471.6128331457496,715.9267701236995
2443740.8,11.952844595999998,,,Vis.,JA,K,,,,,,,Z,,,,V517 OPH,,STD,,,,,471.6128331457496,715.9267701236995
2443966.9,11.573389212,,,Vis.,JA,K,,,,,,,Z,,,,V517 OPH,,STD,,,,,-9999.99,-9999.99
2443977.9,11.573389212,,,Vis.,JA,K,,,,,,,Z,,,,V517 OPH,,STD,,,,,471.6128331457496,715.9267701236995
2443985.9,11.573389212,,,Vis.,JA,K,,,,,,,Z,,,,V517 OPH,,STD,,,,,471.6128331457496,715.9267701236995
2443988.0,12.142572288000002,,,Vis.,JA,K,,,,,,,Z,,,,V517 OPH,,STD,,,,,0.0,0.0
2443996.9,12.047708442000003,,,Vis.,JA,K,,,,,,,Z,,,,V517 OPH,,STD,,,,,0.0,0.0
2444010.9,12.047708442000003,,,Vis.,JA,K,,,,,,,Z,,,,V517 OPH,,STD,,,,,471.6128331457496,715.9267701236995
2444013.9,12.047708442000003,,,Vis.,JA,K,,,,,,,Z,,,,V517 OPH,,STD,,,,,471.6128331457496,715.9267701236995
2444017.9,12.047708442000003,,,Vis.,JA,K,,,,,,,Z,,,,V517 OPH,,STD,,,,,471.6128331457496,715.9267701236995
2444022.9,12.047708442000003,,,Vis.,JA,K,,,,,,,Z,,,,V517 OPH,,STD,,,,,471.6128331457496,715.9267701236995
2444032.3,12.047708442000003,,,Vis.,JA,K,,,,,,,Z,,,,V517 OPH,,STD,,,,,0.0,0.0
2444037.8,12.047708442000003,,,Vis.,JA,K,,,,,,,Z,,,,V517 OPH,,STD,,,,,471.6128331457496,715.9267701236995
2444041.9,12.047708442000003,,,Vis.,JA,K,,,,,,,Z,,,,V517 OPH,,STD,,,,,471.6128331457496,715.9267701236995
2444050.9,12.806619210000003,,,Vis.,JA,K,,,,,,,Z,,,,V517 OPH,,STD,,,,,471.6128331457496,715.9267701236995
2444057.8,12.047708442000003,,,Vis.,JA,K,,,,,,,Z,,,,V517 OPH,,STD,,,,,471.6128331457496,715.9267701236995
2444066.8,12.047708442000003,,,Vis.,JA,K,,,,,,,Z,,,,V517 OPH,,STD,,,,,471.6128331457496,715.9267701236995
2444071.8,12.806619210000003,,,Vis.,JA,K,,,,,,,Z,,,,V517 OPH,,STD,,,,,471.6128331457496,715.9267701236995
2444075.9,12.806619210000003,,,Vis.,JA,K,,,,,,,Z,,,,V517 OPH,,STD,,,,,471.6128331457496,715.9267701236995
2444081.8,12.806619210000003,,,Vis.,JA,K,,,,,,,Z,,,,V517 OPH,,STD,,,,,471.6128331457496,715.9267701236995
2444094.8,11.573389212,,,Vis.,JA,K,,,,,,,Z,,,,V517 OPH,,STD,,,,,471.6128331457496,715.9267701236995
2444095.8,12.616891518,,,Vis.,JA,K,,,,,,,Z,,,,V517 OPH,,STD,,,,,471.6128331457496,715.9267701236995
2444106.9,12.616891518,,,Vis.,JA,K,,,,,,,Z,,,,V517 OPH,,STD,,,,,471.6128331457496,715.9267701236995
2444112.9,12.616891518,,,Vis.,JA,K,,,,,,,Z,,,,V517 OPH,,STD,,,,,471.6128331457496,715.9267701236995
2444122.9,12.806619210000003,,,Vis.,JA,K,,,,,,,Z,,,,V517 OPH,,STD,,,,,471.6128331457496,715.9267701236995
2444126.9,12.806619210000003,,,Vis.,JA,K,,,,,,,Z,,,,V517 OPH,,STD,,,,,471.6128331457496,715.9267701236995
2444134.9,12.806619210000003,,,Vis.,JA,K,,,,,,,Z,,,,V517 OPH,,STD,,,,,471.6128331457496,715.9267701236995
2444140.9,12.806619210000003,,,Vis.,JA,K,,,,,,,Z,,,,V517 OPH,,STD,,,,,471.6128331457496,715.9267701236995
2444155.9,12.047708442000003,,,Vis.,JA,K,,,,,,,Z,,,,V517 OPH,,STD,,,,,471.6128331457496,715.9267701236995
2444161.9,12.237436134000001,,,Vis.,JA,K,,,,,,,Z,,,,V517 OPH,,STD,,,,,471.6128331457496,715.9267701236995
2444171.9,11.763116904,,,Vis.,JA,K,,,,,,,Z,,,,V517 OPH,,STD,,,,,471.6128331457496,715.9267701236995
2444260.1,11.573389212,,,Vis.,JA,K,,,,,,,Z,,,,V517 OPH,,STD,,,,,471.6128331457496,715.9267701236995
2444264.2,11.478525366,,,Vis.,JA,K,,,,,,,Z,,,,V517 OPH,,STD,,,,,471.6128331457496,715.9267701236995
2444268.2,11.668253058000001,,,Vis.,JA,K,,,,,,,Z,,,,V517 OPH,,STD,,,,,471.6128331457496,715.9267701236995
2444276.2,11.573389212,,,Vis.,JA,K,,,,,,,Z,,,,V517 OPH,,STD,,,,,-9999.99,-9999.99
2444280.2,11.668253058000001,,,Vis.,JA,K,,,,,,,Z,,,,V517 OPH,,STD,,,,,471.6128331457496,715.9267701236995
2444296.2,11.952844595999998,,,Vis.,JA,K,,,,,,,Z,,,,V517 OPH,,STD,,,,,471.6128331457496,715.9267701236995
2444311.2,12.616891518,,,Vis.,JA,K,,,,,,,Z,,,,V517 OPH,,STD,,,,,471.6128331457496,715.9267701236995
2444314.2,12.616891518,,,Vis.,JA,K,,,,,,,Z,,,,V517 OPH,,STD,,,,,471.6128331457496,715.9267701236995
2444325.2,12.616891518,,,Vis.,JA,K,,,,,,,Z,,,,V517 OPH,,STD,,,,,471.6128331457496,715.9267701236995
2444337.9,11.573389212,,,Vis.,JA,K,,,,,,,Z,,,,V517 OPH,,STD,,,,,471.6128331457496,715.9267701236995
2444349.2,13.375802286,,,Vis.,JA,K,,,,,,,Z,,,,V517 OPH,,STD,,,,,471.6128331457496,715.9267701236995
2444361.9,12.616891518,,,Vis.,JA,K,,,,,,,Z,,,,V517 OPH,,STD,,,,,471.6128331457496,715.9267701236995
2444369.9,12.616891518,,,Vis.,JA,K,,,,,,,Z,,,,V517 OPH,,STD,,,,,471.6128331457496,715.9267701236995
2444377.0,12.616891518,,,Vis.,JA,K,,,,,,,Z,,,,V517 OPH,,STD,,,,,471.6128331457496,715.9267701236995
2444387.2,12.616891518,,,Vis.,JA,K,,,,,,,Z,,,,V517 OPH,,STD,,,,,471.6128331457496,715.9267701236995
2444395.9,12.616891518,,,Vis.,JA,K,,,,,,,Z,,,,V517 OPH,,STD,,,,,471.6128331457496,715.9267701236995
2444404.8,12.616891518,,,Vis.,JA,K,,,,,,,Z,,,,V517 OPH,,STD,,,,,0.0,0.0
2444425.9,12.616891518,,,Vis.,JA,K,,,,,,,Z,,,,V517 OPH,,STD,,,,,471.6128331457496,715.9267701236995
2444434.9,12.616891518,,,Vis.,JA,K,,,,,,,Z,,,,V517 OPH,,STD,,,,,471.6128331457496,715.9267701236995
2444439.9,12.616891518,,,Vis.,JA,K,,,,,,,Z,,,,V517 OPH,,STD,,,,,471.6128331457496,715.9267701236995
2444450.8,12.806619210000003,,,Vis.,JA,K,,,,,,,Z,,,,V517 OPH,,STD,,,,,471.6128331457496,715.9267701236995
2444452.9,12.806619210000003,,,Vis.,JA,K,,,,,,,Z,,,,V517 OPH,,STD,,,,,471.6128331457496,715.9267701236995
2444458.9,12.616891518,,,Vis.,JA,K,,,,,,,Z,,,,V517 OPH,,STD,,,,,471.6128331457496,715.9267701236995
2444468.9,12.616891518,,,Vis.,JA,K,,,,,,,Z,,,,V517 OPH,,STD,,,,,471.6128331457496,715.9267701236995
2444482.9,12.616891518,,,Vis.,JA,K,,,,,,,Z,,,,V517 OPH,,STD,,,,,471.6128331457496,715.9267701236995
2444487.8,12.616891518,,,Vis.,JA,K,,,,,,,Z,,,,V517 OPH,,STD,,,,,471.6128331457496,715.9267701236995
2444495.8,12.616891518,,,Vis.,JA,K,,,,,,,Z,,,,V517 OPH,,STD,,,,,471.6128331457496,715.9267701236995
2444510.9,12.616891518,,,Vis.,JA,K,,,,,,,Z,,,,V517 OPH,,STD,,,,,471.6128331457496,715.9267701236995
2444511.8,12.616891518,,,Vis.,JA,K,,,,,,,Z,,,,V517 OPH,,STD,,,,,471.6128331457496,715.9267701236995
2444517.9,12.616891518,,,Vis.,JA,K,,,,,,,Z,,,,V517 OPH,,STD,,,,,471.6128331457496,715.9267701236995
2444532.9,11.763116904,,,Vis.,JA,K,,,,,,,Z,,,,V517 OPH,,STD,,,,,471.6128331457496,715.9267701236995
2444538.9,12.616891518,,,Vis.,JA,K,,,,,,,Z,,,,V517 OPH,,STD,,,,,471.6128331457496,715.9267701236995
2444542.9,12.616891518,,,Vis.,JA,K,,,,,,,Z,,,,V517 OPH,,STD,,,,,471.6128331457496,715.9267701236995
2444546.9001,11.763116904,,,Vis.,JA,K,,,,,,,Z,,,,V517 OPH,,STD,,,,,471.6128331457496,715.9267701236995
2444623.2,11.38366152,,,Vis.,JA,K,,,,,,,Z,,,,V517 OPH,,STD,,,,,471.6128331457496,715.9267701236995
2444629.2,11.38366152,,,Vis.,JA,K,,,,,,,Z,,,,V517 OPH,,STD,,,,,471.6128331457496,715.9267701236995
2444637.1,12.047708442000003,,,Vis.,JA,K,,,,,,,Z,,,,V517 OPH,,STD,,,,,471.6128331457496,715.9267701236995
2444643.2,11.857980750000001,,,Vis.,JA,K,,,,,,,Z,,,,V517 OPH,,STD,,,,,471.6128331457496,715.9267701236995
2444651.1,11.763116904,,,Vis.,JA,K,,,,,,,Z,,,,V517 OPH,,STD,,,,,471.6128331457496,715.9267701236995
2444675.2,11.573389212,,,Vis.,JA,K,,,,,,,Z,,,,V517 OPH,,STD,,,,,471.6128331457496,715.9267701236995
2444683.2,11.478525366,,,Vis.,JA,K,,,,,,,Z,,,,V517 OPH,,STD,,,,,471.6128331457496,715.9267701236995
2444692.2,11.573389212,,,Vis.,JA,K,,,,,,,Z,,,,V517 OPH,,STD,,,,,471.6128331457496,715.9267701236995
2444696.2,11.478525366,,,Vis.,JA,K,,,,,,,Z,,,,V517 OPH,,STD,,,,,471.6128331457496,715.9267701236995
2444698.2,11.573389212,,,Vis.,JA,K,,,,,,,Z,,,,V517 OPH,,STD,,,,,471.6128331457496,715.9267701236995
2444711.2,11.478525366,,,Vis.,JA,K,,,,,,,Z,,,,V517 OPH,,STD,,,,,471.6128331457496,715.9267701236995
2444719.2,11.38366152,,,Vis.,JA,K,,,,,,,Z,,,,V517 OPH,,STD,,,,,471.6128331457496,715.9267701236995
2444725.9,11.478525366,,,Vis.,JA,K,,,,,,,Z,,,,V517 OPH,,STD,,,,,471.6128331457496,715.9267701236995
2444727.2,11.288797674000001,,,Vis.,JA,K,,,,,,,Z,,,,V517 OPH,,STD,,,,,471.6128331457496,715.9267701236995
2444735.9,11.288797674000001,,,Vis.,JA,K,,,,,,,Z,,,,V517 OPH,,STD,,,,,471.6128331457496,715.9267701236995
2444741.2,11.38366152,,,Vis.,JA,K,,,,,,,Z,,,,V517 OPH,,STD,,,,,471.6128331457496,715.9267701236995
2444747.9,11.478525366,,,Vis.,JA,K,,,,,,,Z,,,,V517 OPH,,STD,,,,,471.6128331457496,715.9267701236995
2444751.9,11.478525366,,,Vis.,JA,K,,,,,,,Z,,,,V517 OPH,,STD,,,,,471.6128331457496,715.9267701236995
2444754.9,11.478525366,,,Vis.,JA,K,,,,,,,Z,,,,V517 OPH,,STD,,,,,471.6128331457496,715.9267701236995
2444764.9,11.38366152,,,Vis.,JA,K,,,,,,,Z,,,,V517 OPH,,STD,,,,,471.6128331457496,715.9267701236995
2444770.3,11.38366152,,,Vis.,JA,K,,,,,,,Z,,,,V517 OPH,,STD,,,,,471.6128331457496,715.9267701236995
2444775.8,11.478525366,,,Vis.,JA,K,,,,,,,Z,,,,V517 OPH,,STD,,,,,471.6128331457496,715.9267701236995
2444777.9,11.478525366,,,Vis.,JA,K,,,,,,,Z,,,,V517 OPH,,STD,,,,,471.6128331457496,715.9267701236995
2444785.9,11.857980750000001,,,Vis.,JA,K,,,,,,,Z,,,,V517 OPH,,STD,,,,,471.6128331457496,715.9267701236995
2444786.9,11.952844595999998,,,Vis.,JA,K,,,,,,,Z,,,,V517 OPH,,STD,,,,,471.6128331457496,715.9267701236995
2444789.8,12.047708442000003,,,Vis.,JA,K,,,,,,,Z,,,,V517 OPH,,STD,,,,,471.6128331457496,715.9267701236995
2444797.9,11.573389212,,,Vis.,JA,K,,,,,,,Z,,,,V517 OPH,,STD,,,,,471.6128331457496,715.9267701236995
2444804.8,12.047708442000003,,,Vis.,JA,K,,,,,,,Z,,,,V517 OPH,,STD,,,,,471.6128331457496,715.9267701236995
2444811.8,12.047708442000003,,,Vis.,JA,K,,,,,,,Z,,,,V517 OPH,,STD,,,,,471.6128331457496,715.9267701236995
2444820.8,12.047708442000003,,,Vis.,JA,K,,,,,,,Z,,,,V517 OPH,,STD,,,,,471.6128331457496,715.9267701236995
2444835.8,12.047708442000003,,,Vis.,JA,K,,,,,,,Z,,,,V517 OPH,,STD,,,,,471.6128331457496,715.9267701236995
2444843.8,12.047708442000003,,,Vis.,JA,K,,,,,,,Z,,,,V517 OPH,,STD,,,,,471.6128331457496,715.9267701236995
2444846.8,12.047708442000003,,,Vis.,JA,K,,,,,,,Z,,,,V517 OPH,,STD,,,,,471.6128331457496,715.9267701236995
2444867.8,12.047708442000003,,,Vis.,JA,K,,,,,,,Z,,,,V517 OPH,,STD,,,,,471.6128331457496,715.9267701236995
2444877.9,12.047708442000003,,,Vis.,JA,K,,,,,,,Z,,,,V517 OPH,,STD,,,,,471.6128331457496,715.9267701236995
2444884.8,11.763116904,,,Vis.,JA,K,,,,,,,Z,,,,V517 OPH,,STD,,,,,471.6128331457496,715.9267701236995
2444895.9,12.047708442000003,,,Vis.,JA,K,,,,,,,Z,,,,V517 OPH,,STD,,,,,471.6128331457496,715.9267701236995
2444903.9,11.763116904,,,Vis.,JA,K,,,,,,,Z,,,,V517 OPH,,STD,,,,,471.6128331457496,715.9267701236995
2444908.9,11.763116904,,,Vis.,JA,K,,,,,,,Z,,,,V517 OPH,,STD,,,,,471.6128331457496,715.9267701236995
2444973.9,12.047708442000003,,,Vis.,JA,K,,,,,,,Z,,,,V517 OPH,,STD,,,,,471.6128331457496,715.9267701236995
2444990.2,11.573389212,,,Vis.,JA,K,,,,,,,Z,,,,V517 OPH,,STD,,,,,471.6128331457496,715.9267701236995
2444992.2,11.668253058000001,,,Vis.,JA,K,,,,,,,Z,,,,V517 OPH,,STD,,,,,-9999.99,-9999.99
2444998.2,11.668253058000001,,,Vis.,JA,K,,,,,,,Z,,,,V517 OPH,,STD,,,,,471.6128331457496,715.9267701236995
2445000.2,11.573389212,,,Vis.,JA,K,,,,,,,Z,,,,V517 OPH,,STD,,,,,0.0,0.0
2445009.8,12.047708442000003,,,Vis.,JA,K,,,,,,,Z,,,,V517 OPH,,STD,,,,,471.6128331457496,715.9267701236995
2445032.2,12.047708442000003,,,Vis.,JA,K,,,,,,,Z,,,,V517 OPH,,STD,,,,,471.6128331457496,715.9267701236995
2445037.2,12.047708442000003,,,Vis.,JA,K,,,,,,,Z,,,,V517 OPH,,STD,,,,,471.6128331457496,715.9267701236995
2445050.2,12.616891518,,,Vis.,JA,K,,,,,,,Z,,,,V517 OPH,,STD,,,,,471.6128331457496,715.9267701236995
2445052.2,12.806619210000003,,,Vis.,JA,K,,,,,,,Z,,,,V517 OPH,,STD,,,,,471.6128331457496,715.9267701236995
2445063.2,12.806619210000003,,,Vis.,JA,K,,,,,,,Z,,,,V517 OPH,,STD,,,,,471.6128331457496,715.9267701236995
2445078.2,12.711755364000002,,,Vis.,JA,K,,,,,,,Z,,,,V517 OPH,,STD,,,,,471.6128331457496,715.9267701236995
2445085.9,12.047708442000003,,,Vis.,JA,K,,,,,,,Z,,,,V517 OPH,,STD,,,,,471.6128331457496,715.9267701236995
2445091.3,12.522027672,,,Vis.,JA,K,,,,,,,Z,,,,V517 OPH,,STD,,,,,471.6128331457496,715.9267701236995
2445101.9,11.763116904,,,Vis.,JA,K,,,,,,,Z,,,,V517 OPH,,STD,,,,,471.6128331457496,715.9267701236995
2445104.9,12.142572288000002,,,Vis.,JA,K,,,,,,,Z,,,,V517 OPH,,STD,,,,,471.6128331457496,715.9267701236995
2445110.2,12.047708442000003,,,Vis.,JA,K,,,,,,,Z,,,,V517 OPH,,STD,,,,,471.6128331457496,715.9267701236995
2445115.9,12.047708442000003,,,Vis.,JA,K,,,,,,,Z,,,,V517 OPH,,STD,,,,,471.6128331457496,715.9267701236995
2445122.2,12.616891518,,,Vis.,JA,K,,,,,,,Z,,,,V517 OPH,,STD,,,,,471.6128331457496,715.9267701236995
2445130.0,12.237436134000001,,,Vis.,JA,K,,,,,,,Z,,,,V517 OPH,,STD,,,,,-9999.99,-9999.99
2445134.9,12.142572288000002,,,Vis.,JA,K,,,,,,,Z,,,,V517 OPH,,STD,,,,,-9999.99,-9999.99
2445138.9,11.952844595999998,,,Vis.,JA,K,,,,,,,Z,,,,V517 OPH,,STD,,,,,471.6128331457496,715.9267701236995
2445146.9,11.763116904,,,Vis.,JA,K,,,,,,,Z,,,,V517 OPH,,STD,,,,,471.6128331457496,715.9267701236995
2445153.8,11.478525366,,,Vis.,JA,K,,,,,,,Z,,,,V517 OPH,,STD,,,,,471.6128331457496,715.9267701236995
2445158.8,11.668253058000001,,,Vis.,JA,K,,,,,,,Z,,,,V517 OPH,,STD,,,,,471.6128331457496,715.9267701236995
2445163.9,11.573389212,,,Vis.,JA,K,,,,,,,Z,,,,V517 OPH,,STD,,,,,471.6128331457496,715.9267701236995
2445165.8,11.573389212,,,Vis.,JA,K,,,,,,,Z,,,,V517 OPH,,STD,,,,,471.6128331457496,715.9267701236995
2445171.9,11.478525366,,,Vis.,JA,K,,,,,,,Z,,,,V517 OPH,,STD,,,,,471.6128331457496,715.9267701236995
2445187.8,11.288797674000001,,,Vis.,JA,K,,,,,,,Z,,,,V517 OPH,,STD,,,,,471.6128331457496,715.9267701236995
2445200.2,11.193933828000004,,,Vis.,JA,K,,,,,,,Z,,,,V517 OPH,,STD,,,,,-9999.99,-9999.99
2445203.9,11.38366152,,,Vis.,JA,K,,,,,,,Z,,,,V517 OPH,,STD,,,,,0.0,0.0
2445221.0,11.668253058000001,,,Vis.,JA,K,,,,,,,Z,,,,V517 OPH,,STD,,,,,471.6128331457496,715.9267701236995
2445229.1,11.668253058000001,,,Vis.,JA,K,,,,,,,Z,,,,V517 OPH,,STD,,,,,471.6128331457496,715.9267701236995
2445233.9,12.616891518,,,Vis.,JA,K,,,,,,,Z,,,,V517 OPH,,STD,,,,,471.6128331457496,715.9267701236995
2445249.9,11.763116904,,,Vis.,JA,K,,,,,,,Z,,,,V517 OPH,,STD,,,,,471.6128331457496,715.9267701236995
2445255.9,11.763116904,,,Vis.,JA,K,,,,,,,Z,,,,V517 OPH,,STD,,,,,471.6128331457496,715.9267701236995
2445355.2,11.573389212,,,Vis.,JA,K,,,,,,,Z,,,,V517 OPH,,STD,,,,,471.6128331457496,715.9267701236995
2445357.2,11.573389212,,,Vis.,JA,K,,,,,,,Z,,,,V517 OPH,,STD,,,,,471.6128331457496,715.9267701236995
2445362.2,11.573389212,,,Vis.,JA,K,,,,,,,Z,,,,V517 OPH,,STD,,,,,471.6128331457496,715.9267701236995
2445370.2,11.478525366,,,Vis.,JA,K,,,,,,,Z,,,,V517 OPH,,STD,,,,,0.0,0.0
2445375.2,11.668253058000001,,,Vis.,JA,K,,,,,,,Z,,,,V517 OPH,,STD,,,,,-9999.99,-9999.99
2445384.2,11.668253058000001,,,Vis.,JA,K,,,,,,,Z,,,,V517 OPH,,STD,,,,,471.6128331457496,715.9267701236995
2445388.2,11.668253058000001,,,Vis.,JA,K,,,,,,,Z,,,,V517 OPH,,STD,,,,,471.6128331457496,715.9267701236995
2445398.2,11.763116904,,,Vis.,JA,K,,,,,,,Z,,,,V517 OPH,,STD,,,,,471.6128331457496,715.9267701236995
2445402.2,11.857980750000001,,,Vis.,JA,K,,,,,,,Z,,,,V517 OPH,,STD,,,,,471.6128331457496,715.9267701236995
2445410.2,11.763116904,,,Vis.,JA,K,,,,,,,Z,,,,V517 OPH,,STD,,,,,0.0,0.0
2445415.2,11.857980750000001,,,Vis.,JA,K,,,,,,,Z,,,,V517 OPH,,STD,,,,,471.6128331457496,715.9267701236995
2445419.2,12.047708442000003,,,Vis.,JA,K,,,,,,,Z,,,,V517 OPH,,STD,,,,,0.0,0.0
2445432.0,12.047708442000003,,,Vis.,JA,K,,,,,,,Z,,,,V517 OPH,,STD,,,,,0.0,0.0
2445437.2,12.806619210000003,,,Vis.,JA,K,,,,,,,Z,,,,V517 OPH,,STD,,,,,0.0,0.0
2445447.2,12.806619210000003,,,Vis.,JA,K,,,,,,,Z,,,,V517 OPH,,STD,,,,,0.0,0.0
2445467.2,12.616891518,,,Vis.,JA,K,,,,,,,Z,,,,V517 OPH,,STD,,,,,0.0,0.0
2445478.3,12.047708442000003,,,Vis.,JA,K,,,,,,,Z,,,,V517 OPH,,STD,,,,,0.0,0.0
2445486.8,12.047708442000003,,,Vis.,JA,K,,,,,,,Z,,,,V517 OPH,,STD,,,,,0.0,0.0
2445499.8,12.047708442000003,,,Vis.,JA,K,,,,,,,Z,,,,V517 OPH,,STD,,,,,0.0,0.0
2445506.2,12.427163826,,,Vis.,JA,K,,,,,,,Z,,,,V517 OPH,,STD,,,,,0.0,0.0
2445515.9,11.857980750000001,,,Vis.,JA,K,,,,,,,Z,,,,V517 OPH,,STD,,,,,0.0,0.0
2445521.9,11.952844595999998,,,Vis.,JA,K,,,,,,,Z,,,,V517 OPH,,STD,,,,,0.0,0.0
2445527.9,11.952844595999998,,,Vis.,JA,K,,,,,,,Z,,,,V517 OPH,,STD,,,,,0.0,0.0
2445542.8,11.668253058000001,,,Vis.,JA,K,,,,,,,Z,,,,V517 OPH,,STD,,,,,0.0,0.0
2445550.9,11.668253058000001,,,Vis.,JA,K,,,,,,,Z,,,,V517 OPH,,STD,,,,,0.0,0.0
2445553.9,11.573389212,,,Vis.,JA,K,,,,,,,Z,,,,V517 OPH,,STD,,,,,0.0,0.0
2445557.9,11.573389212,,,Vis.,JA,K,,,,,,,Z,,,,V517 OPH,,STD,,,,,0.0,0.0
2445561.9,11.763116904,,,Vis.,JA,K,,,,,,,Z,,,,V517 OPH,,STD,,,,,0.0,0.0
2445574.9,11.478525366,,,Vis.,JA,K,,,,,,,Z,,,,V517 OPH,,STD,,,,,0.0,0.0
2445578.9,11.478525366,,,Vis.,JA,K,,,,,,,Z,,,,V517 OPH,,STD,,,,,0.0,0.0
2445581.8,11.478525366,,,Vis.,JA,K,,,,,,,Z,,,,V517 OPH,,STD,,,,,0.0,0.0
2445588.8,11.478525366,,,Vis.,JA,K,,,,,,,Z,,,,V517 OPH,,STD,,,,,0.0,0.0
2445593.8,11.668253058000001,,,Vis.,JA,K,,,,,,,Z,,,,V517 OPH,,STD,,,,,0.0,0.0
2445606.8,11.668253058000001,,,Vis.,JA,K,,,,,,,Z,,,,V517 OPH,,STD,,,,,0.0,0.0
2445617.9,11.38366152,,,Vis.,JA,K,,,,,,,Z,,,,V517 OPH,,STD,,,,,0.0,0.0
2445633.9,10.719614597999998,,,Vis.,JA,K,,,,,,,Z,,,,V517 OPH,,STD,,,,,0.0,0.0
2445643.9,11.193933828000004,,,Vis.,JA,K,,,,,,,Z,,,,V517 OPH,,STD,,,,,0.0,0.0
2445713.1,11.573389212,,,Vis.,JA,K,,,,,,,Z,,,,V517 OPH,,STD,,,,,0.0,0.0
2445723.0,1.89727692,,,Vis.,JA,K,,,,12.5,,,Z,,,,V517 OPH,,STD,,,,,0.0,0.0
2445723.2,11.857980750000001,,,Vis.,JA,K,,,,,,,Z,,,,V517 OPH,,STD,,,,,0.0,0.0
2445725.2,11.668253058000001,,,Vis.,JA,K,,,,,,,Z,,,,V517 OPH,,STD,,,,,0.0,0.0
2445729.2,11.668253058000001,,,Vis.,JA,K,,,,,,,Z,,,,V517 OPH,,STD,,,,,0.0,0.0
2445736.2,11.193933828000004,,,Vis.,JA,K,,,,,,,Z,,,,V517 OPH,,STD,,,,,0.0,0.0
2445737.2,11.478525366,,,Vis.,JA,K,,,,,,,Z,,,,V517 OPH,,STD,,,,,0.0,0.0
2445758.2,11.004206136,,,Vis.,JA,K,,,,,,,Z,,,,V517 OPH,,STD,,,,,0.0,0.0
2445793.2,11.004206136,,,Vis.,JA,K,,,,,,,Z,,,,V517 OPH,,STD,,,,,0.0,0.0
2445805.2,11.288797674000001,,,Vis.,JA,K,,,,,,,Z,,,,V517 OPH,,STD,,,,,0.0,0.0
2445818.3,10.909342290000001,,,Vis.,JA,K,,,,,,,Z,,,,V517 OPH,,STD,,,,,0.0,0.0
2445819.2,10.814478444000002,,,Vis.,JA,K,,,,,,,Z,,,,V517 OPH,,STD,,,,,0.0,0.0
2445824.2,11.004206136,,,Vis.,JA,K,,,,,,,Z,,,,V517 OPH,,STD,,,,,0.0,0.0
2445834.3,10.909342290000001,,,Vis.,JA,K,,,,,,,Z,,,,V517 OPH,,STD,,,,,0.0,0.0
2445839.9,11.099069982,,,Vis.,JA,K,,,,,,,Z,,,,V517 OPH,,STD,,,,,0.0,0.0
2445850.9,11.004206136,,,Vis.,JA,K,,,,,,,Z,,,,V517 OPH,,STD,,,,,0.0,0.0
2445853.2,10.909342290000001,,,Vis.,JA,K,,,,,,,Z,,,,V517 OPH,,STD,,,,,0.0,0.0
2445856.9,11.004206136,,,Vis.,JA,K,,,,,,,Z,,,,V517 OPH,,STD,,,,,0.0,0.0
2445869.9,11.193933828000004,,,Vis.,JA,K,,,,,,,Z,,,,V517 OPH,,STD,,,,,0.0,0.0
2445869.9,11.288797674000001,,,Vis.,JA,K,,,,,,,Z,,,,V517 OPH,,STD,,,,,0.0,0.0
2445875.9,11.573389212,,,Vis.,JA,K,,,,,,,Z,,,,V517 OPH,,STD,,,,,0.0,0.0
2445884.9,11.857980750000001,,,Vis.,JA,K,,,,,,,Z,,,,V517 OPH,,STD,,,,,0.0,0.0
2445896.8,12.047708442000003,,,Vis.,JA,K,,,,,,,Z,,,,V517 OPH,,STD,,,,,0.0,0.0
2445897.9,11.668253058000001,,,Vis.,JA,K,,,,,,,Z,,,,V517 OPH,,STD,,,,,0.0,0.0
2445897.9,11.763116904,,,Vis.,JA,K,,,,,,,Z,,,,V517 OPH,,STD,,,,,0.0,0.0
2445898.9,11.763116904,,,Vis.,JA,K,,,,,,,Z,,,,V517 OPH,,STD,,,,,0.0,0.0
2445938.9,11.004206136,,,Vis.,JA,K,,,,,,,Z,,,,V517 OPH,,STD,,,,,0.0,0.0
2445956.9,11.668253058000001,,,Vis.,JA,K,,,,,,,Z,,,,V517 OPH,,STD,,,,,0.0,0.0
2445961.8,11.38366152,,,Vis.,JA,K,,,,,,,Z,,,,V517 OPH,,STD,,,,,0.0,0.0
2445970.9,11.288797674000001,,,Vis.,JA,K,,,,,,,Z,,,,V517 OPH,,STD,,,,,0.0,0.0
2445974.9,10.719614597999998,,,Vis.,JA,K,,,,,,,Z,,,,V517 OPH,,STD,,,,,0.0,0.0
2445984.8,11.668253058000001,,,Vis.,JA,K,,,,,,,Z,,,,V517 OPH,,STD,,,,,0.0,0.0
2445987.9,11.288797674000001,,,Vis.,JA,K,,,,,,,Z,,,,V517 OPH,,STD,,,,,0.0,0.0
2445991.9,11.668253058000001,,,Vis.,JA,K,,,,,,,Z,,,,V517 OPH,,STD,,,,,0.0,0.0
2446091.2,11.763116904,,,Vis.,JA,K,,,,,,,Z,,,,V517 OPH,,STD,,,,,0.0,0.0
2446101.2,11.763116904,,,Vis.,JA,K,,,,,,,Z,,,,V517 OPH,,STD,,,,,0.0,0.0
2446115.2,12.047708442000003,,,Vis.,JA,K,,,,,,,Z,,,,V517 OPH,,STD,,,,,0.0,0.0
2446117.2,12.047708442000003,,,Vis.,JA,K,,,,,,,Z,,,,V517 OPH,,STD,,,,,0.0,0.0
2446127.2,12.047708442000003,,,Vis.,JA,K,,,,,,,Z,,,,V517 OPH,,STD,,,,,0.0,0.0
2446140.2,12.616891518,,,Vis.,JA,K,,,,,,,Z,,,,V517 OPH,,STD,,,,,0.0,0.0
2446146.2,12.616891518,,,Vis.,JA,K,,,,,,,Z,,,,V517 OPH,,STD,,,,,0.0,0.0
2446172.0,12.047708442000003,,,Vis.,JA,K,,,,,,,Z,,,,V517 OPH,,STD,,,,,0.0,0.0
2446180.2,12.047708442000003,,,Vis.,JA,K,,,,,,,Z,,,,V517 OPH,,STD,,,,,0.0,0.0
2446200.9,12.047708442000003,,,Vis.,JA,K,,,,,,,Z,,,,V517 OPH,,STD,,,,,0.0,0.0
2446207.1,12.616891518,,,Vis.,JA,K,,,,,,,Z,,,,V517 OPH,,STD,,,,,0.0,0.0
2446210.9,12.806619210000003,,,Vis.,JA,K,,,,,,,Z,,,,V517 OPH,,STD,,,,,0.0,0.0
2446224.9,12.806619210000003,,,Vis.,JA,K,,,,,,,Z,,,,V517 OPH,,STD,,,,,0.0,0.0
2446228.9,12.806619210000003,,,Vis.,JA,K,,,,,,,Z,,,,V517 OPH,,STD,,,,,0.0,0.0
2446232.8,12.806619210000003,,,Vis.,JA,K,,,,,,,Z,,,,V517 OPH,,STD,,,,,0.0,0.0
2446240.9,12.806619210000003,,,Vis.,JA,K,,,,,,,Z,,,,V517 OPH,,STD,,,,,0.0,0.0
2446254.9,12.616891518,,,Vis.,JA,K,,,,,,,Z,,,,V517 OPH,,STD,,,,,0.0,0.0
2446260.9,12.616891518,,,Vis.,JA,K,,,,,,,Z,,,,V517 OPH,,STD,,,,,0.0,0.0
2446265.9,12.616891518,,,Vis.,JA,K,,,,,,,Z,,,,V517 OPH,,STD,,,,,0.0,0.0
2446282.9,12.616891518,,,Vis.,JA,K,,,,,,,Z,,,,V517 OPH,,STD,,,,,0.0,0.0
2446291.9,12.616891518,,,Vis.,JA,K,,,,,,,Z,,,,V517 OPH,,STD,,,,,0.0,0.0
2446319.9,12.047708442000003,,,Vis.,JA,K,,,,,,,Z,,,,V517 OPH,,STD,,,,,0.0,0.0
2446324.9,12.806619210000003,,,Vis.,JA,K,,,,,,,Z,,,,V517 OPH,,STD,,,,,0.0,0.0
2446340.9,12.616891518,,,Vis.,JA,K,,,,,,,Z,,,,V517 OPH,,STD,,,,,0.0,0.0
2446445.1,11.763116904,,,Vis.,JA,K,,,,,,,Z,,,,V517 OPH,,STD,,,,,0.0,0.0
2446450.1,11.763116904,,,Vis.,JA,K,,,,,,,Z,,,,V517 OPH,,STD,,,,,0.0,0.0
2446462.1,11.763116904,,,Vis.,JA,K,,,,,,,Z,,,,V517 OPH,,STD,,,,,0.0,0.0
2446465.2,12.616891518,,,Vis.,JA,K,,,,,,,Z,,,,V517 OPH,,STD,,,,,0.0,0.0
2446467.2,12.901483056000002,,,Vis.,JA,K,,,,,,,Z,,,,V517 OPH,,STD,,,,,0.0,0.0
2446468.2,12.806619210000003,,,Vis.,JA,K,,,,,,,Z,,,,V517 OPH,,STD,,,,,0.0,0.0
2446470.2,12.047708442000003,,,Vis.,JA,K,,,,,,,Z,,,,V517 OPH,,STD,,,,,0.0,0.0
2446472.2,12.33229998,,,Vis.,JA,K,,,,,,,Z,,,,V517 OPH,,STD,,,,,0.0,0.0
2446481.1,12.142572288000002,,,Vis.,JA,K,,,,,,,Z,,,,V517 OPH,,STD,,,,,0.0,0.0
2446490.2,11.763116904,,,Vis.,JA,K,,,,,,,Z,,,,V517 OPH,,STD,,,,,0.0,0.0
2446497.2,11.857980750000001,,,Vis.,JA,K,,,,,,,Z,,,,V517 OPH,,STD,,,,,0.0,0.0
2446500.1,11.857980750000001,,,Vis.,JA,K,,,,,,,Z,,,,V517 OPH,,STD,,,,,0.0,0.0
2446503.1,11.763116904,,,Vis.,JA,K,,,,,,,Z,,,,V517 OPH,,STD,,,,,0.0,0.0
2446507.2,11.763116904,,,Vis.,JA,K,,,,,,,Z,,,,V517 OPH,,STD,,,,,0.0,0.0
2446525.2,11.763116904,,,Vis.,JA,K,,,,,,,Z,,,,V517 OPH,,STD,,,,,0.0,0.0
2446527.2,11.763116904,,,Vis.,JA,K,,,,,,,Z,,,,V517 OPH,,STD,,,,,0.0,0.0
2446534.2,11.668253058000001,,,Vis.,JA,K,,,,,,,Z,,,,V517 OPH,,STD,,,,,0.0,0.0
2446536.2,11.763116904,,,Vis.,JA,K,,,,,,,Z,,,,V517 OPH,,STD,,,,,0.0,0.0
2446538.2,11.668253058000001,,,Vis.,JA,K,,,,,,,Z,,,,V517 OPH,,STD,,,,,0.0,0.0
2446542.2,11.668253058000001,,,Vis.,JA,K,,,,,,,Z,,,,V517 OPH,,STD,,,,,0.0,0.0
2446550.9,11.668253058000001,,,Vis.,JA,K,,,,,,,Z,,,,V517 OPH,,STD,,,,,0.0,0.0
2446554.9,11.573389212,,,Vis.,JA,K,,,,,,,Z,,,,V517 OPH,,STD,,,,,0.0,0.0
2446558.9,11.763116904,,,Vis.,JA,K,,,,,,,Z,,,,V517 OPH,,STD,,,,,0.0,0.0
2446562.9,11.763116904,,,Vis.,JA,K,,,,,,,Z,,,,V517 OPH,,STD,,,,,0.0,0.0
2446571.9,12.237436134000001,,,Vis.,JA,K,,,,,,,Z,,,,V517 OPH,,STD,,,,,0.0,0.0
2446584.9,11.573389212,,,Vis.,JA,K,,,,,,,Z,,,,V517 OPH,,STD,,,,,0.0,0.0
2446592.9,11.573389212,,,Vis.,JA,K,,,,,,,Z,,,,V517 OPH,,STD,,,,,0.0,0.0
2446596.93,11.573389212,,,Vis.,JA,K,,,,,,,Z,,,,V517 OPH,,STD,,,,,0.0,0.0
2446607.9,11.478525366,,,Vis.,JA,K,,,,,,,Z,,,,V517 OPH,,STD,,,,,0.0,0.0
2446611.9,11.478525366,,,Vis.,JA,K,,,,,,,Z,,,,V517 OPH,,STD,,,,,0.0,0.0
2446615.9,11.193933828000004,,,Vis.,JA,K,,,,,,,Z,,,,V517 OPH,,STD,,,,,0.0,0.0
2446619.9,11.288797674000001,,,Vis.,JA,K,,,,,,,Z,,,,V517 OPH,,STD,,,,,0.0,0.0
2446623.9,11.38366152,,,Vis.,JA,K,,,,,,,Z,,,,V517 OPH,,STD,,,,,0.0,0.0
2446624.9,11.38366152,,,Vis.,JA,K,,,,,,,Z,,,,V517 OPH,,STD,,,,,0.0,0.0
2446627.9,11.478525366,,,Vis.,JA,K,,,,,,,Z,,,,V517 OPH,,STD,,,,,0.0,0.0
2446634.8,11.573389212,,,Vis.,JA,K,,,,,,,Z,,,,V517 OPH,,STD,,,,,0.0,0.0
2446640.9,11.573389212,,,Vis.,JA,K,,,,,,,Z,,,,V517 OPH,,STD,,,,,0.0,0.0
2446644.9,11.478525366,,,Vis.,JA,K,,,,,,,Z,,,,V517 OPH,,STD,,,,,0.0,0.0
2446648.9,11.573389212,,,Vis.,JA,K,,,,,,,Z,,,,V517 OPH,,STD,,,,,0.0,0.0
2446652.8,11.288797674000001,,,Vis.,JA,K,,,,,,,Z,,,,V517 OPH,,STD,,,,,0.0,0.0
2446655.9,11.38366152,,,Vis.,JA,K,,,,,,,Z,,,,V517 OPH,,STD,,,,,0.0,0.0
2446664.9,11.857980750000001,,,Vis.,JA,K,,,,,,,Z,,,,V517 OPH,,STD,,,,,0.0,0.0
2446670.8,11.38366152,,,Vis.,JA,K,,,,,,,Z,,,,V517 OPH,,STD,,,,,0.0,0.0
2446676.9,11.38366152,,,Vis.,JA,K,,,,,,,Z,,,,V517 OPH,,STD,,,,,0.0,0.0
2446683.9,11.573389212,,,Vis.,JA,K,,,,,,,Z,,,,V517 OPH,,STD,,,,,0.0,0.0
2446685.9,11.288797674000001,,,Vis.,JA,K,,,,,,,Z,,,,V517 OPH,,STD,,,,,0.0,0.0
2446692.8,11.288797674000001,,,Vis.,JA,K,,,,,,,Z,,,,V517 OPH,,STD,,,,,0.0,0.0
2446698.9,11.668253058000001,,,Vis.,JA,K,,,,,,,Z,,,,V517 OPH,,STD,,,,,0.0,0.0
2446703.9,11.193933828000004,,,Vis.,JA,K,,,,,,,Z,,,,V517 OPH,,STD,,,,,0.0,0.0
2446824.0,11.38366152,,,Vis.,JA,K,,,,,,,Z,,,,V517 OPH,,STD,,,,,0.0,0.0
2446836.1,10.719614597999998,,,Vis.,JA,K,,,,,,,Z,,,,V517 OPH,,STD,,,,,0.0,0.0
2446838.2,11.193933828000004,,,Vis.,JA,K,,,,,,,Z,,,,V517 OPH,,STD,,,,,0.0,0.0
2446846.2,11.288797674000001,,,Vis.,JA,K,,,,,,,Z,,,,V517 OPH,,STD,,,,,0.0,0.0
2446850.2,11.193933828000004,,,Vis.,JA,K,,,,,,,Z,,,,V517 OPH,,STD,,,,,0.0,0.0
2446860.2,11.099069982,,,Vis.,JA,K,,,,,,,Z,,,,V517 OPH,,STD,,,,,0.0,0.0
2446861.2,10.814478444000002,,,Vis.,JA,K,,,,,,,Z,,,,V517 OPH,,STD,,,,,0.0,0.0
2446865.2,11.193933828000004,,,Vis.,JA,K,,,,,,,Z,,,,V517 OPH,,STD,,,,,0.0,0.0
2446868.2,11.004206136,,,Vis.,JA,K,,,,,,,Z,,,,V517 OPH,,STD,,,,,0.0,0.0
2446874.2,11.099069982,,,Vis.,JA,K,,,,,,,Z,,,,V517 OPH,,STD,,,,,0.0,0.0
2446878.2,10.814478444000002,,,Vis.,JA,K,,,,,,,Z,,,,V517 OPH,,STD,,,,,0.0,0.0
2446880.2,10.719614597999998,,,Vis.,JA,K,,,,,,,Z,,,,V517 OPH,,STD,,,,,0.0,0.0
2446883.2,10.719614597999998,,,Vis.,JA,K,,,,,,,Z,,,,V517 OPH,,STD,,,,,0.0,0.0
2446893.2,11.763116904,,,Vis.,JA,K,,,,,,,Z,,,,V517 OPH,,STD,,,,,0.0,0.0
2446913.2,11.193933828000004,,,Vis.,JA,K,,,,,,,Z,,,,V517 OPH,,STD,,,,,0.0,0.0
2446918.0,11.288797674000001,,,Vis.,JA,K,,,,,,,Z,,,,V517 OPH,,STD,,,,,0.0,0.0
2446923.0,11.288797674000001,,,Vis.,JA,K,,,,,,,Z,,,,V517 OPH,,STD,,,,,0.0,0.0
2446923.2,11.573389212,,,Vis.,JA,K,,,,,,,Z,,,,V517 OPH,,STD,,,,,0.0,0.0
2446924.2,11.288797674000001,,,Vis.,JA,K,,,,,,,Z,,,,V517 OPH,,STD,,,,,0.0,0.0
2446926.2,11.38366152,,,Vis.,JA,K,,,,,,,Z,,,,V517 OPH,,STD,,,,,0.0,0.0
2446928.2,12.142572288000002,,,Vis.,JA,K,,,,,,,Z,,,,V517 OPH,,STD,,,,,0.0,0.0
2446935.2,11.763116904,,,Vis.,JA,K,,,,,,,Z,,,,V517 OPH,,STD,,,,,0.0,0.0
2446939.9,12.047708442000003,,,Vis.,JA,K,,,,,,,Z,,,,V517 OPH,,STD,,,,,0.0,0.0
2446942.2,12.047708442000003,,,Vis.,JA,K,,,,,,,Z,,,,V517 OPH,,STD,,,,,0.0,0.0
2446944.9,12.047708442000003,,,Vis.,JA,K,,,,,,,Z,,,,V517 OPH,,STD,,,,,0.0,0.0
2446947.2,12.806619210000003,,,Vis.,JA,K,,,,,,,Z,,,,V517 OPH,,STD,,,,,0.0,0.0
2446950.9,12.047708442000003,,,Vis.,JA,K,,,,,,,Z,,,,V517 OPH,,STD,,,,,0.0,0.0
2446952.2,12.616891518,,,Vis.,JA,K,,,,,,,Z,,,,V517 OPH,,STD,,,,,0.0,0.0
2446954.2,12.616891518,,,Vis.,JA,K,,,,,,,Z,,,,V517 OPH,,STD,,,,,0.0,0.0
2446955.2,12.616891518,,,Vis.,JA,K,,,,,,,Z,,,,V517 OPH,,STD,,,,,0.0,0.0
2446963.0,12.047708442000003,,,Vis.,JA,K,,,,,,,Z,,,,V517 OPH,,STD,,,,,0.0,0.0
2446963.9,12.616891518,,,Vis.,JA,K,,,,,,,Z,,,,V517 OPH,,STD,,,,,0.0,0.0
2446967.9,12.047708442000003,,,Vis.,JA,K,,,,,,,Z,,,,V517 OPH,,STD,,,,,0.0,0.0
2446974.9,12.616891518,,,Vis.,JA,K,,,,,,,Z,,,,V517 OPH,,STD,,,,,0.0,0.0
2446977.9,12.616891518,,,Vis.,JA,K,,,,,,,Z,,,,V517 OPH,,STD,,,,,0.0,0.0
2446989.8,12.616891518,,,Vis.,JA,K,,,,,,,Z,,,,V517 OPH,,STD,,,,,0.0,0.0
2446992.9,12.616891518,,,Vis.,JA,K,,,,,,,Z,,,,V517 OPH,,STD,,,,,0.0,0.0
2447005.8,12.616891518,,,Vis.,JA,K,,,,,,,Z,,,,V517 OPH,,STD,,,,,0.0,0.0
2447008.9,12.806619210000003,,,Vis.,JA,K,,,,,,,Z,,,,V517 OPH,,STD,,,,,0.0,0.0
2447017.8,11.763116904,,,Vis.,JA,K,,,,,,,Z,,,,V517 OPH,,STD,,,,,460.8243188158947,616.5529032216318
2447020.9,12.616891518,,,Vis.,JA,K,,,,,,,Z,,,,V517 OPH,,STD,,,,,460.8243188158947,616.5529032216318
2447026.9,12.616891518,,,Vis.,JA,K,,,,,,,Z,,,,V517 OPH,,STD,,,,,460.8243188158947,616.5529032216318
2447078.9,12.806619210000003,,,Vis.,JA,K,,,,,,,Z,,,,V517 OPH,,STD,,,,,460.8243188158947,616.5529032216318
2447084.9,12.806619210000003,,,Vis.,JA,K,,,,+,,,Z,,,,V517 OPH,,STD,,,,,460.8243188158947,616.5529032216318
2447087.9,12.616891518,,,Vis.,JA,K,,,,,,,Z,,,,V517 OPH,,STD,,,,,460.8243188158947,616.5529032216318
2447201.2124,11.763116904,,,Vis.,JA,K,,,,,,,Z,,,,V517 OPH,,STD,,,,,460.8243188158947,616.5529032216318
2447212.2,11.668253058000001,,,Vis.,JA,K,,,,,,,Z,,,,V517 OPH,,STD,,,,,460.8243188158947,616.5529032216318
2447214.2,11.668253058000001,,,Vis.,JA,K,,,,,,,Z,,,,V517 OPH,,STD,,,,,460.8243188158947,616.5529032216318
2447219.1,11.857980750000001,,,Vis.,JA,K,,,,,,,Z,,,,V517 OPH,,STD,,,,,460.8243188158947,616.5529032216318
2447221.2,11.668253058000001,,,Vis.,JA,K,,,,,,,Z,,,,V517 OPH,,STD,,,,,460.8243188158947,616.5529032216318
2447234.1,11.668253058000001,,,Vis.,JA,K,,,,236.2,,,Z,,,,V517 OPH,,STD,,,,,460.8243188158947,616.5529032216318
2447238.1,11.573389212,,,Vis.,JA,K,,,,,,,Z,,,,V517 OPH,,STD,,,,,460.8243188158947,616.5529032216318
2447242.2,11.573389212,,,Vis.,JA,K,,,,,,,Z,,,,V517 OPH,,STD,,,,,460.8243188158947,616.5529032216318
2447244.1,11.668253058000001,,,Vis.,JA,K,,,,,,,Z,,,,V517 OPH,,STD,,,,,460.8243188158947,616.5529032216318
2447245.1,11.573389212,,,Vis.,JA,K,,,,,,,Z,,,,V517 OPH,,STD,,,,,460.8243188158947,616.5529032216318
2447246.2,11.573389212,,,Vis.,JA,K,,,,,,,Z,,,,V517 OPH,,STD,,,,,460.8243188158947,616.5529032216318
2447251.2,11.478525366,,,Vis.,JA,K,,,,,,,Z,,,,V517 OPH,,STD,,,,,460.8243188158947,616.5529032216318
2447262.0,11.573389212,,,Vis.,JA,K,,,,,,,Z,,,,V517 OPH,,STD,,,,,460.8243188158947,616.5529032216318
2447266.2,11.573389212,,,Vis.,JA,K,,,,,,,Z,,,,V517 OPH,,STD,,,,,460.8243188158947,616.5529032216318
2447267.2,11.478525366,,,Vis.,JA,K,,,,,,,Z,,,,V517 OPH,,STD,,,,,460.8243188158947,616.5529032216318
2447268.2,11.478525366,,,Vis.,JA,K,,,,,,,Z,,,,V517 OPH,,STD,,,,,460.8243188158947,616.5529032216318
2447270.2,11.478525366,,,Vis.,JA,K,,,,,,,Z,,,,V517 OPH,,STD,,,,,460.8243188158947,616.5529032216318
2447271.1,11.573389212,,,Vis.,JA,K,,,,,,,Z,,,,V517 OPH,,STD,,,,,460.8243188158947,616.5529032216318
2447273.2,11.573389212,,,Vis.,JA,K,,,,,,,Z,,,,V517 OPH,,STD,,,,,460.8243188158947,616.5529032216318
2447274.2,11.573389212,,,Vis.,JA,K,,,,,,,Z,,,,V517 OPH,,STD,,,,,460.8243188158947,616.5529032216318
2447276.2,11.668253058000001,,,Vis.,JA,K,,,,,,,Z,,,,V517 OPH,,STD,,,,,460.8243188158947,616.5529032216318
2447277.2,11.478525366,,,Vis.,JA,K,,,,,,,Z,,,,V517 OPH,,STD,,,,,460.8243188158947,616.5529032216318
2447280.2,11.193933828000004,,,Vis.,JA,K,,,,"MAGS FROM NGC 6304""",,,Z,,,,V517 OPH,,STD,,,,,460.8243188158947,616.5529032216318
2447281.2,11.573389212,,,Vis.,JA,K,,,,"""",,,Z,,,,V517 OPH,,STD,,,,,460.8243188158947,616.5529032216318
2447282.2,11.763116904,,,Vis.,JA,K,,,,"""",,,Z,,,,V517 OPH,,STD,,,,,460.8243188158947,616.5529032216318
2447288.9,11.478525366,,,Vis.,JA,K,,,,"""",,,Z,,,,V517 OPH,,STD,,,,,460.8243188158947,616.5529032216318
2447301.9,11.478525366,,,Vis.,JA,K,,,,,,,Z,,,,V517 OPH,,STD,,,,,460.8243188158947,616.5529032216318
2447303.9,11.573389212,,,Vis.,JA,K,,,,,,,Z,,,,V517 OPH,,STD,,,,,460.8243188158947,616.5529032216318
2447305.2,11.478525366,,,Vis.,JA,K,,,,,,,Z,,,,V517 OPH,,STD,,,,,460.8243188158947,616.5529032216318
2447307.2,11.478525366,,,Vis.,JA,K,,,,,,,Z,,,,V517 OPH,,STD,,,,,460.8243188158947,616.5529032216318
2447308.2,11.668253058000001,,,Vis.,JA,K,,,,,,,Z,,,,V517 OPH,,STD,,,,,460.8243188158947,616.5529032216318
2447309.2,11.763116904,,,Vis.,JA,K,,,,,,,Z,,,,V517 OPH,,STD,,,,,460.8243188158947,616.5529032216318
2447311.2,11.668253058000001,,,Vis.,JA,K,,,,,,,Z,,,,V517 OPH,,STD,,,,,460.8243188158947,616.5529032216318
2447315.9,11.573389212,,,Vis.,JA,K,,,,,,,Z,,,,V517 OPH,,STD,,,,,460.8243188158947,616.5529032216318
2447316.9,11.478525366,,,Vis.,JA,K,,,,,,,Z,,,,V517 OPH,,STD,,,,,460.8243188158947,616.5529032216318
2447317.9,11.478525366,,,Vis.,JA,K,,,,,,,Z,,,,V517 OPH,,STD,,,,,-9999.99,-9999.99
2447322.9,11.38366152,,,Vis.,JA,K,,,,,,,Z,,,,V517 OPH,,STD,,,,,460.8243188158947,616.5529032216318
2447326.9,11.478525366,,,Vis.,JA,K,,,,,,,Z,,,,V517 OPH,,STD,,,,,460.8243188158947,616.5529032216318
2447333.9,11.478525366,,,Vis.,JA,K,,,,,,,Z,,,,V517 OPH,,STD,,,,,460.8243188158947,616.5529032216318
2447339.2,11.478525366,,,Vis.,JA,K,,,,,,,Z,,,,V517 OPH,,STD,,,,,460.8243188158947,616.5529032216318
2447344.8,11.478525366,,,Vis.,JA,K,,,,,,,Z,,,,V517 OPH,,STD,,,,,460.8243188158947,616.5529032216318
2447346.9,11.573389212,,,Vis.,JA,K,,,,,,,Z,,,,V517 OPH,,STD,,,,,0.0,0.0
2447349.9,11.573389212,,,Vis.,JA,K,,,,,,,Z,,,,V517 OPH,,STD,,,,,460.8243188158947,616.5529032216318
2447353.9,11.478525366,,,Vis.,JA,K,,,,,,,Z,,,,V517 OPH,,STD,,,,,460.8243188158947,616.5529032216318
2447354.9,11.573389212,,,Vis.,JA,K,,,,,,,Z,,,,V517 OPH,,STD,,,,,460.8243188158947,616.5529032216318
2447356.9,11.668253058000001,,,Vis.,JA,K,,,,,,,Z,,,,V517 OPH,,STD,,,,,460.8243188158947,616.5529032216318
2447363.9,11.668253058000001,,,Vis.,JA,K,,,,,,,Z,,,,V517 OPH,,STD,,,,,460.8243188158947,616.5529032216318
2447373.8,11.763116904,,,Vis.,JA,K,,,,,,,Z,,,,V517 OPH,,STD,,,,,460.8243188158947,616.5529032216318
2447374.8,12.047708442000003,,,Vis.,JA,K,,,,,,,Z,,,,V517 OPH,,STD,,,,,460.8243188158947,616.5529032216318
2447376.9,12.047708442000003,,,Vis.,JA,K,,,,,,,Z,,,,V517 OPH,,STD,,,,,460.8243188158947,616.5529032216318
2447379.0,12.33229998,,,Vis.,JA,K,,,,,,,Z,,,,V517 OPH,,STD,,,,,460.8243188158947,616.5529032216318
2447385.9,12.047708442000003,,,Vis.,JA,K,,,,,,,Z,,,,V517 OPH,,STD,,,,,460.8243188158947,616.5529032216318
2447386.9,12.047708442000003,,,Vis.,JA,K,,,,,,,Z,,,,V517 OPH,,STD,,,,,460.8243188158947,616.5529032216318
2447390.9,12.047708442000003,,,Vis.,JA,K,,,,,,,Z,,,,V517 OPH,,STD,,,,,460.8243188158947,616.5529032216318
2447410.9,12.047708442000003,,,Vis.,JA,K,,,,,,,Z,,,,V517 OPH,,STD,,,,,0.0,0.0
2447410.92,11.763116904,,,Vis.,WPX,,,,,,,,Z,,,,V517 OPH,VSS,STD,,,,,0.0,0.0
2447413.0,11.763116904,,,Vis.,WPX,,,,,,,,Z,,,,V517 OPH,VSS,STD,,,,,0.0,0.0
2447423.94,11.763116904,,,Vis.,WPX,,,,,,,,Z,,,,V517 OPH,VSS,STD,,,,,0.0,0.0
2447426.9,11.099069982,,,Vis.,JA,K,,,,,,,Z,,,,V517 OPH,,STD,,,,,0.0,0.0
2447435.9,12.047708442000003,,,Vis.,JA,K,,,,,,,Z,,,,V517 OPH,,STD,,,,,0.0,0.0
2447440.91,13.660393824000002,,,Vis.,WPX,,,,,,,,Z,,,,V517 OPH,VSS,STD,,,,,0.0,0.0
2447443.89,11.763116904,,,Vis.,WPX,,,,,,,,Z,,,,V517 OPH,VSS,STD,,,,,0.0,0.0
2447444.9,11.668253058000001,,,Vis.,JA,K,,,,,,,Z,,,,V517 OPH,,STD,,,,,0.0,0.0
2447444.91,13.660393824000002,,,Vis.,WPX,,,,,,,,Z,,,,V517 OPH,VSS,STD,,,,,0.0,0.0
2447446.9,11.857980750000001,,,Vis.,JA,K,,,,,,,Z,,,,V517 OPH,,STD,,,,,0.0,0.0
2447466.9,11.668253058000001,,,Vis.,JA,K,,,,,,,Z,,,,V517 OPH,,STD,,,,,0.0,0.0
2447542.1,11.668253058000001,,,Vis.,JA,K,,,,,,,Z,,,,V517 OPH,,STD,,,,,0.0,0.0
2447555.2,12.047708442000003,,,Vis.,JA,K,,,,,,,Z,,,,V517 OPH,,STD,,,,,0.0,0.0
2447556.2,12.047708442000003,,,Vis.,JA,K,,,,,,,Z,,,,V517 OPH,,STD,,,,,0.0,0.0
2447561.2,11.668253058000001,,,Vis.,JA,K,,,,,,,Z,,,,V517 OPH,,STD,,,,,0.0,0.0
2447563.2,11.952844595999998,,,Vis.,JA,K,,,,,,,Z,,,,V517 OPH,,STD,,,,,0.0,0.0
2447570.2,12.047708442000003,,,Vis.,JA,K,,,,,,,Z,,,,V517 OPH,,STD,,,,,0.0,0.0
2447572.2,12.33229998,,,Vis.,JA,K,,,,,,,Z,,,,V517 OPH,,STD,,,,,0.0,0.0
2447576.2,12.711755364000002,,,Vis.,JA,K,,,,CLASS 3,,,Z,,,,V517 OPH,,STD,,,,,0.0,0.0
2447589.1,12.33229998,,,Vis.,JA,K,,,,,,,Z,,,,V517 OPH,,STD,,,,,0.0,0.0
2447604.2,12.33229998,,,Vis.,JA,K,,,,,,,Z,,,,V517 OPH,,STD,,,,,0.0,0.0
2447617.0,12.047708442000003,,,Vis.,JA,K,,,,,,,Z,,,,V517 OPH,,STD,,,,,0.0,0.0
2447618.2,12.047708442000003,,,Vis.,JA,K,,,,,,,Z,,,,V517 OPH,,STD,,,,,0.0,0.0
2447621.2,12.616891518,,,Vis.,JA,K,,,,,,,Z,,,,V517 OPH,,STD,,,,,0.0,0.0
2447625.2,12.142572288000002,,,Vis.,JA,K,,,,,,,Z,,,,V517 OPH,,STD,,,,,0.0,0.0
2447628.2,12.047708442000003,,,Vis.,JA,K,,,,,,,Z,,,,V517 OPH,,STD,,,,,0.0,0.0
2447630.2,12.047708442000003,,,Vis.,JA,K,,,,,,,Z,,,,V517 OPH,,STD,,,,,0.0,0.0
2447636.2,12.047708442000003,,,Vis.,JA,K,,,,,,,Z,,,,V517 OPH,,STD,,,,,0.0,0.0
2447643.9,11.763116904,,,Vis.,JA,K,,,,,,,Z,,,,V517 OPH,,STD,,,,,0.0,0.0
2447650.9,12.142572288000002,,,Vis.,JA,K,,,,,,,Z,,,,V517 OPH,,STD,,,,,0.0,0.0
2447654.0,12.142572288000002,,,Vis.,JA,K,,,,,,,Z,,,,V517 OPH,,STD,,,,,0.0,0.0
2447655.2,12.047708442000003,,,Vis.,JA,K,,,,,,,Z,,,,V517 OPH,,STD,,,,,0.0,0.0
2447657.0099,11.668253058000001,,,Vis.,WPX,,,,,,,,Z,,,,V517 OPH,VSS,STD,,,,,0.0,0.0
2447657.2,11.763116904,,,Vis.,JA,K,,,,,,,Z,,,,V517 OPH,,STD,,,,,0.0,0.0
2447671.9,12.047708442000003,,,Vis.,JA,K,,,,,,,Z,,,,V517 OPH,,STD,,,,,0.0,0.0
2447673.9,11.763116904,,,Vis.,JA,K,,,,,,,Z,,,,V517 OPH,,STD,,,,,0.0,0.0
2447675.9,11.573389212,,,Vis.,JA,K,,,,,,,Z,,,,V517 OPH,,STD,,,,,0.0,0.0
2447677.0099,11.668253058000001,,,Vis.,WPX,,,,,,,,Z,,,,V517 OPH,VSS,STD,,,,,0.0,0.0
2447677.9,11.478525366,,,Vis.,JA,K,,,,,,,Z,,,,V517 OPH,,STD,,,,,0.0,0.0
2447681.9,11.573389212,,,Vis.,JA,K,,,,,,,Z,,,,V517 OPH,,STD,,,,,0.0,0.0
2447682.9,11.478525366,,,Vis.,JA,K,,,,,,,Z,,,,V517 OPH,,STD,,,,,0.0,0.0
2447683.97,11.668253058000001,,,Vis.,WPX,,,,,,,,Z,,,,V517 OPH,VSS,STD,,,,,0.0,0.0
2447691.2,11.573389212,,,Vis.,JA,K,,,,,,,Z,,,,V517 OPH,,STD,,,,,0.0,0.0
2447692.2,11.668253058000001,,,Vis.,JA,K,,,,,,,Z,,,,V517 OPH,,STD,,,,,0.0,0.0
2447704.8,11.573389212,,,Vis.,JA,K,,,,,,,Z,,,,V517 OPH,,STD,,,,,0.0,0.0
2447707.0,11.573389212,,,Vis.,JA,K,,,,,,,Z,,,,V517 OPH,,STD,,,,,0.0,0.0
2447708.9,11.478525366,,,Vis.,JA,K,,,,,,,Z,,,,V517 OPH,,STD,,,,,0.0,0.0
2447709.9,11.478525366,,,Vis.,JA,K,,,,,,,Z,,,,V517 OPH,,STD,,,,,0.0,0.0
2447710.9,11.478525366,,,Vis.,JA,K,,,,,,,Z,,,,V517 OPH,,STD,,,,,0.0,0.0
2447712.96,11.668253058000001,,,Vis.,WPX,,,,,,,,Z,,,,V517 OPH,VSS,STD,,,,,0.0,0.0
2447713.9,11.288797674000001,,,Vis.,JA,K,,,,,,,Z,,,,V517 OPH,,STD,,,,,0.0,0.0
2447714.8,11.478525366,,,Vis.,JA,K,,,,,,,Z,,,,V517 OPH,,STD,,,,,0.0,0.0
2447715.8,11.478525366,,,Vis.,JA,K,,,,,,,Z,,,,V517 OPH,,STD,,,,,0.0,0.0
2447727.8,11.668253058000001,,,Vis.,JA,K,,,,,,,Z,,,,V517 OPH,,STD,,,,,0.0,0.0
2447728.8,11.573389212,,,Vis.,JA,K,,,,,,,Z,,,,V517 OPH,,STD,,,,,0.0,0.0
2447733.3,11.668253058000001,,,Vis.,JA,K,,,,,,,Z,,,,V517 OPH,,STD,,,,,0.0,0.0
2447734.9,11.668253058000001,,,Vis.,JA,K,,,,,,,Z,,,,V517 OPH,,STD,,,,,0.0,0.0
2447735.9,11.763116904,,,Vis.,JA,K,,,,,,,Z,,,,V517 OPH,,STD,,,,,0.0,0.0
2447737.9,11.763116904,,,Vis.,JA,K,,,,,,,Z,,,,V517 OPH,,STD,,,,,0.0,0.0
2447740.9,11.573389212,,,Vis.,JA,K,,,,,,,Z,,,,V517 OPH,,STD,,,,,0.0,0.0
2447744.9,11.668253058000001,,,Vis.,JA,K,,,,,,,Z,,,,V517 OPH,,STD,,,,,0.0,0.0
2447757.9,11.668253058000001,,,Vis.,JA,K,,,,,,,Z,,,,V517 OPH,,STD,,,,,0.0,0.0
2447761.97,11.763116904,,,Vis.,WPX,,,,,,,,Z,,,,V517 OPH,VSS,STD,,,,,0.0,0.0
2447788.9,11.952844595999998,,,Vis.,JA,K,,,,,,,Z,,,,V517 OPH,,STD,,,,,0.0,0.0
2447790.9,11.952844595999998,,,Vis.,JA,K,,,,,,,Z,,,,V517 OPH,,STD,,,,,0.0,0.0
2447798.9,12.047708442000003,,,Vis.,JA,K,,,,,,,Z,,,,V517 OPH,,STD,,,,,0.0,0.0
2447801.9,12.33229998,,,Vis.,JA,K,,,,,,,Z,,,,V517 OPH,,STD,,,,,0.0,0.0
2447815.9,11.857980750000001,,,Vis.,JA,K,,,,,,,Z,,,,V517 OPH,,STD,,,,,0.0,0.0
2447822.9,11.668253058000001,,,Vis.,JA,K,,,,,,,Z,,,,V517 OPH,,STD,,,,,0.0,0.0
2447824.9,11.099069982,,,Vis.,JA,K,,,,,,,Z,,,,V517 OPH,,STD,,,,,0.0,0.0
2447910.1,11.38366152,,,Vis.,JA,K,,,,ASAS3,,,Z,,,,V517 OPH,,STD,,,,,0.0,0.0
2447912.1,10.435023060000002,,,Vis.,JA,K,,,,,,,Z,,,,V517 OPH,,STD,,,,,0.0,0.0
2447916.1,11.763116904,,,Vis.,JA,K,,,,,,,Z,,,,V517 OPH,,STD,,,,,0.0,0.0
2447922.2,11.763116904,,,Vis.,JA,K,,,,,,,Z,,,,V517 OPH,,STD,,,,,0.0,0.0
2447925.2,11.668253058000001,,,Vis.,JA,K,,,,NGC 6304 MEARBY,,,Z,,,,V517 OPH,,STD,,,,,0.0,0.0
2447926.1,12.047708442000003,,,Vis.,JA,K,,,,,,,Z,,,,V517 OPH,,STD,,,,,0.0,0.0
2447944.1,12.047708442000003,,,Vis.,JA,K,,,,,,,Z,,,,V517 OPH,,STD,,,,,0.0,0.0
2447948.2,12.047708442000003,,,Vis.,JA,K,,,,,,,Z,,,,V517 OPH,,STD,,,,,0.0,0.0
2447953.2,12.047708442000003,,,Vis.,JA,K,,,,MAGS NOVA OPH,,,Z,,,,V517 OPH,,STD,,,,,0.0,0.0
2447973.2,12.047708442000003,,,Vis.,JA,K,,,,,,,Z,,,,V517 OPH,,STD,,,,,0.0,0.0
2447975.2,12.237436134000001,,,Vis.,JA,K,,,,,,,Z,,,,V517 OPH,,STD,,,,,0.0,0.0
2447978.2,12.047708442000003,,,Vis.,JA,K,,,,,,,Z,,,,V517 OPH,,STD,,,,,0.0,0.0
2447983.2,12.047708442000003,,,Vis.,JA,K,,,,,,,Z,,,,V517 OPH,,STD,,,,,0.0,0.0
2448000.2,11.763116904,,,Vis.,JA,K,,,,,,,Z,,,,V517 OPH,,STD,,,,,0.0,0.0
2448006.25,11.763116904,,,Vis.,WPX,,,,,,,,Z,,,,V517 OPH,VSS,STD,,,,,0.0,0.0
2448011.2,12.616891518,,,Vis.,JA,K,,,,,,,Z,,,,V517 OPH,,STD,,,,,0.0,0.0
2448016.2,11.763116904,,,Vis.,JA,K,,,,,,,Z,,,,V517 OPH,,STD,,,,,0.0,0.0
2448028.9,12.616891518,,,Vis.,JA,K,,,,,,,Z,,,,V517 OPH,,STD,,,,,0.0,0.0
2448035.0,12.616891518,,,Vis.,JA,K,,,,,,,Z,,,,V517 OPH,,STD,,,,,0.0,0.0
2448037.9,12.047708442000003,,,Vis.,JA,K,,,,,,,Z,,,,V517 OPH,,STD,,,,,0.0,0.0
2448041.9,12.616891518,,,Vis.,JA,K,,,,,,,Z,,,,V517 OPH,,STD,,,,,0.0,0.0
2448091.98,11.763116904,,,Vis.,WPX,,,,,,,,Z,,,,V517 OPH,VSS,STD,,,,,0.0,0.0
2448123.0,11.857980750000001,,,Vis.,WPX,,,,,,,,Z,,,,V517 OPH,VSS,STD,,,,,0.0,0.0
2448750.6,12.237436134000001,,,Vis.,OB,,,,,,,,V,,,,V517 OPH,,STD,,,,,0.0,0.0
2448751.6,12.237436134000001,,,Vis.,OB,,,,,,,,V,,,,V517 OPH,,STD,,,,,0.0,0.0
2448752.4,12.237436134000001,,,Vis.,OB,,,,,,,,V,,,,V517 OPH,,STD,,,,,0.0,0.0
2448754.6,12.237436134000001,,,Vis.,OB,,,,,,,,V,,,,V517 OPH,,STD,,,,,0.0,0.0
2448755.6,12.237436134000001,,,Vis.,OB,,,,,,,,V,,,,V517 OPH,,STD,,,,,0.0,0.0
2448756.6,12.237436134000001,,,Vis.,OB,,,,,,,,V,,,,V517 OPH,,STD,,,,,0.0,0.0
2448766.4,12.237436134000001,,,Vis.,OB,,,,,,,,V,,,,V517 OPH,,STD,,,,,0.0,0.0
2448767.5,12.237436134000001,,,Vis.,OB,,,,,,,,V,,,,V517 OPH,,STD,,,,,0.0,0.0
2448768.6,12.237436134000001,,,Vis.,OB,,,,,,,,V,,,,V517 OPH,,STD,,,,,0.0,0.0
2448769.5,12.237436134000001,,,Vis.,OB,,,,,,,,V,,,,V517 OPH,,STD,,,,,0.0,0.0
2448770.6,12.237436134000001,,,Vis.,OB,,,,,,,,V,,,,V517 OPH,,STD,,,,,0.0,0.0
2448771.5,12.237436134000001,,,Vis.,OB,,,,,,,,V,,,,V517 OPH,,STD,,,,,0.0,0.0
2448772.5,12.237436134000001,,,Vis.,OB,,,,,,,,V,,,,V517 OPH,,STD,,,,,0.0,0.0
2448773.6,12.237436134000001,,,Vis.,OB,,,,,,,,V,,,,V517 OPH,,STD,,,,,0.0,0.0
2448775.6,12.237436134000001,,,Vis.,OB,,,,,,,,V,,,,V517 OPH,,STD,,,,,0.0,0.0
2448776.5,12.237436134000001,,,Vis.,OB,,,,,,,,V,,,,V517 OPH,,STD,,,,,0.0,0.0
2448777.5,12.237436134000001,,,Vis.,OB,,,,,,,,V,,,,V517 OPH,,STD,,,,,0.0,0.0
2448778.5,12.237436134000001,,,Vis.,OB,,,,,,,,V,,,,V517 OPH,,STD,,,,,0.0,0.0
2448779.6,12.237436134000001,,,Vis.,OB,,,,,,,,V,,,,V517 OPH,,STD,,,,,0.0,0.0
2448780.5,12.237436134000001,,,Vis.,OB,,,,,,,,V,,,,V517 OPH,,STD,,,,,0.0,0.0
2448781.4,12.237436134000001,,,Vis.,OB,,,,,,,,V,,,,V517 OPH,,STD,,,,,0.0,0.0
2448782.5,12.237436134000001,,,Vis.,OB,,,,,,,,V,,,,V517 OPH,,STD,,,,,0.0,0.0
2448783.5,12.237436134000001,,,Vis.,OB,,,,,,,,V,,,,V517 OPH,,STD,,,,,0.0,0.0
2448785.6,12.237436134000001,,,Vis.,OB,,,,,,,,V,,,,V517 OPH,,STD,,,,,0.0,0.0
2448798.4,12.237436134000001,,,Vis.,OB,,,,,,,,V,,,,V517 OPH,,STD,,,,,0.0,0.0
2448799.4,12.237436134000001,,,Vis.,OB,,,,,,,,V,,,,V517 OPH,,STD,,,,,0.0,0.0
2448800.4,12.237436134000001,,,Vis.,OB,,,,,,,,V,,,,V517 OPH,,STD,,,,,0.0,0.0
2448801.4,12.237436134000001,,,Vis.,OB,,,,,,,,V,,,,V517 OPH,,STD,,,,,0.0,0.0
2448802.2,12.237436134000001,,,Vis.,OB,,,,,,,,V,,,,V517 OPH,,STD,,,,,0.0,0.0
2448803.4,12.237436134000001,,,Vis.,OB,,,,,,,,V,,,,V517 OPH,,STD,,,,,0.0,0.0
2448804.2,12.237436134000001,,,Vis.,OB,,,,,,,,V,,,,V517 OPH,,STD,,,,,0.0,0.0
2448805.4,12.237436134000001,,,Vis.,OB,,,,,,,,V,,,,V517 OPH,,STD,,,,,0.0,0.0
2448806.4,12.237436134000001,,,Vis.,OB,,,,,,,,V,,,,V517 OPH,,STD,,,,,0.0,0.0
2448807.5,12.237436134000001,,,Vis.,OB,,,,,,,,V,,,,V517 OPH,,STD,,,,,0.0,0.0
2448808.3,12.237436134000001,,,Vis.,OB,,,,,,,,V,,,,V517 OPH,,STD,,,,,0.0,0.0
2448809.2,12.237436134000001,,,Vis.,OB,,,,,,,,V,,,,V517 OPH,,STD,,,,,0.0,0.0
2448812.3,12.237436134000001,,,Vis.,OB,,,,,,,,V,,,,V517 OPH,,STD,,,,,0.0,0.0
2448813.2,12.237436134000001,,,Vis.,OB,,,,,,,,V,,,,V517 OPH,,STD,,,,,0.0,0.0
2448819.2,12.237436134000001,,,Vis.,OB,,,,,,,,V,,,,V517 OPH,,STD,,,,,0.0,0.0
2448820.2,12.237436134000001,,,Vis.,OB,,,,,,,,V,,,,V517 OPH,,STD,,,,,0.0,0.0
2448821.2,12.237436134000001,,,Vis.,OB,,,,,,,,V,,,,V517 OPH,,STD,,,,,0.0,0.0
2448822.2,12.237436134000001,,,Vis.,OB,,,,,,,,V,,,,V517 OPH,,STD,,,,,0.0,0.0
2448823.3,12.237436134000001,,,Vis.,OB,,,,,,,,V,,,,V517 OPH,,STD,,,,,0.0,0.0
2448824.2,12.237436134000001,,,Vis.,OB,,,,,,,,V,,,,V517 OPH,,STD,,,,,0.0,0.0
2448825.2,12.237436134000001,,,Vis.,OB,,,,,,,,V,,,,V517 OPH,,STD,,,,,0.0,0.0
2448827.2,12.237436134000001,,,Vis.,OB,,,,,,,,V,,,,V517 OPH,,STD,,,,,0.0,0.0
2448828.2,12.237436134000001,,,Vis.,OB,,,,,,,,V,,,,V517 OPH,,STD,,,,,0.0,0.0
2448830.3,12.237436134000001,,,Vis.,OB,,,,,,,,V,,,,V517 OPH,,STD,,,,,0.0,0.0
2448831.2,12.237436134000001,,,Vis.,OB,,,,,,,,V,,,,V517 OPH,,STD,,,,,0.0,0.0
2448832.2,12.237436134000001,,,Vis.,OB,,,,,,,,V,,,,V517 OPH,,STD,,,,,0.0,0.0
2448833.2,12.237436134000001,,,Vis.,OB,,,,,,,,V,,,,V517 OPH,,STD,,,,,0.0,0.0
2448834.2,12.237436134000001,,,Vis.,OB,,,,,,,,V,,,,V517 OPH,,STD,,,,,0.0,0.0
2448835.2,12.237436134000001,,,Vis.,OB,,,,,,,,V,,,,V517 OPH,,STD,,,,,0.0,0.0
2448836.2,12.237436134000001,,,Vis.,OB,,,,,,,,V,,,,V517 OPH,,STD,,,,,0.0,0.0
2448837.2,12.237436134000001,,,Vis.,OB,,,,,,,,V,,,,V517 OPH,,STD,,,,,0.0,0.0
2448839.4,12.237436134000001,,,Vis.,OB,,,,,,,,V,,,,V517 OPH,,STD,,,,,0.0,0.0
2448840.2,12.237436134000001,,,Vis.,OB,,,,,,,,V,,,,V517 OPH,,STD,,,,,0.0,0.0
2448844.2,12.237436134000001,,,Vis.,OB,,,,,,,,V,,,,V517 OPH,,STD,,,,,0.0,0.0
2448845.2,12.237436134000001,,,Vis.,OB,,,,,,,,V,,,,V517 OPH,,STD,,,,,0.0,0.0
2448849.2,12.237436134000001,,,Vis.,OB,,,,,,,,V,,,,V517 OPH,,STD,,,,,0.0,0.0
2448850.2,12.237436134000001,,,Vis.,OB,,,,,,,,V,,,,V517 OPH,,STD,,,,,0.0,0.0
2448851.2,12.237436134000001,,,Vis.,OB,,,,,,,,V,,,,V517 OPH,,STD,,,,,0.0,0.0
2448852.2,12.237436134000001,,,Vis.,OB,,,,,,,,V,,,,V517 OPH,,STD,,,,,0.0,0.0
2448853.2,12.237436134000001,,,Vis.,OB,,,,,,,,V,,,,V517 OPH,,STD,,,,,0.0,0.0
2448854.2,12.237436134000001,,,Vis.,OB,,,,,,,,V,,,,V517 OPH,,STD,,,,,0.0,0.0
2448855.2,12.237436134000001,,,Vis.,OB,,,,,,,,V,,,,V517 OPH,,STD,,,,,0.0,0.0
2448856.2,12.237436134000001,,,Vis.,OB,,,,,,,,V,,,,V517 OPH,,STD,,,,,0.0,0.0
2448857.2,12.237436134000001,,,Vis.,OB,,,,,,,,V,,,,V517 OPH,,STD,,,,,0.0,0.0
2448857.98,13.186074594,,,Vis.,WPX,,,,,,,,Z,,,,V517 OPH,VSS,STD,,,,,0.0,0.0
2448858.2,12.237436134000001,,,Vis.,OB,,,,,,,,V,,,,V517 OPH,,STD,,,,,0.0,0.0
2448860.02,13.660393824000002,,,Vis.,WPX,,,,,,,,Z,,,,V517 OPH,VSS,STD,,,,,0.0,0.0
2448860.2,12.237436134000001,,,Vis.,OB,,,,,,,,V,,,,V517 OPH,,STD,,,,,0.0,0.0
2448867.0,12.711755364000002,,,Vis.,WPX,,,,,,,,Z,,,,V517 OPH,VSS,STD,,,,,0.0,0.0
2448880.94,13.091210748,,,Vis.,WPX,,,,,,,,Z,,,,V517 OPH,VSS,STD,,,,,0.0,0.0
2448882.2,12.237436134000001,,,Vis.,OB,,,,,,,,V,,,,V517 OPH,,STD,,,,,0.0,0.0
2448884.2,12.237436134000001,,,Vis.,OB,,,,,,,,V,,,,V517 OPH,,STD,,,,,0.0,0.0
2448885.2,12.237436134000001,,,Vis.,OB,,,,,,,,V,,,,V517 OPH,,STD,,,,,0.0,0.0
2448886.2,12.237436134000001,,,Vis.,OB,,,,,,,,V,,,,V517 OPH,,STD,,,,,0.0,0.0
2448891.92,12.616891518,,,Vis.,WPX,,,,,,,,Z,,,,V517 OPH,VSS,STD,,,,,0.0,0.0
2448918.93,11.952844595999998,,,Vis.,WPX,,,,,,,,Z,,,,V517 OPH,VSS,STD,,,,,0.0,0.0
2448919.93,11.952844595999998,,,Vis.,WPX,,,,,,,,Z,,,,V517 OPH,VSS,STD,,,,,0.0,0.0
2449080.22,11.004206136,,,Vis.,WPX,,,,,,,,Z,,,,V517 OPH,VSS,STD,,,,,0.0,0.0
2449096.05,11.193933828000004,,,Vis.,WPX,,,,,,,,Z,,,,V517 OPH,VSS,STD,,,,,0.0,0.0
2449100.0099,11.288797674000001,,,Vis.,WPX,,,,,,,,Z,,,,V517 OPH,VSS,STD,,,,,0.0,0.0
2449101.04,11.288797674000001,,,Vis.,WPX,,,,,,,,Z,,,,V517 OPH,VSS,STD,,,,,0.0,0.0
2449105.0099,11.193933828000004,,,Vis.,WPX,,,,,,,,Z,,,,V517 OPH,VSS,STD,,,,,0.0,0.0
2449119.0,11.004206136,,,Vis.,WPX,,,,,,,,Z,,,,V517 OPH,VSS,STD,,,,,0.0,0.0
2449123.3,11.38366152,,,Vis.,COM,,,,,,,,V,,,,V517 OPH,,STD,,,,,0.0,0.0
2449123.97,11.193933828000004,,,Vis.,WPX,,,,,,,,Z,,,,V517 OPH,VSS,STD,,,,,0.0,0.0
2449125.0299,11.288797674000001,,,Vis.,WPX,,,,,,,,Z,,,,V517 OPH,VSS,STD,,,,,0.0,0.0
2449126.98,11.193933828000004,,,Vis.,WPX,,,,,,,,Z,,,,V517 OPH,VSS,STD,,,,,0.0,0.0
2449127.3,11.38366152,,,Vis.,COM,,,,,,,,V,,,,V517 OPH,,STD,,,,,0.0,0.0
2449127.96,11.099069982,,,Vis.,WPX,,,,,,,,Z,,,,V517 OPH,VSS,STD,,,,,0.0,0.0
2449146.94,11.193933828000004,,,Vis.,WPX,,,,,,,,Z,,,,V517 OPH,VSS,STD,,,,,0.0,0.0
2449151.94,11.193933828000004,,,Vis.,WPX,,,,,,,,Z,,,,V517 OPH,VSS,STD,,,,,0.0,0.0
2449152.94,11.099069982,,,Vis.,WPX,,,,,,,,Z,,,,V517 OPH,VSS,STD,,,,,0.0,0.0
2449153.96,11.193933828000004,,,Vis.,WPX,,,,,,,,Z,,,,V517 OPH,VSS,STD,,,,,0.0,0.0
2449154.99,11.099069982,,,Vis.,WPX,,,,,,,,Z,,,,V517 OPH,VSS,STD,,,,,0.0,0.0
2449156.97,11.193933828000004,,,Vis.,WPX,,,,,,,,Z,,,,V517 OPH,VSS,STD,,,,,0.0,0.0
2449157.93,11.099069982,,,Vis.,WPX,,,,,,,,Z,,,,V517 OPH,VSS,STD,,,,,0.0,0.0
2449158.95,11.193933828000004,,,Vis.,WPX,,,,,,,,Z,,,,V517 OPH,VSS,STD,,,,,0.0,0.0
2449162.97,11.288797674000001,,,Vis.,WPX,,,,,,,,Z,,,,V517 OPH,VSS,STD,,,,,0.0,0.0
2449163.98,11.288797674000001,,,Vis.,WPX,,,,,,,,Z,,,,V517 OPH,VSS,STD,,,,,0.0,0.0
2449185.92,11.193933828000004,,,Vis.,WPX,,,,,,,,Z,,,,V517 OPH,VSS,STD,,,,,0.0,0.0
2449188.97,11.193933828000004,,,Vis.,WPX,,,,,,,,Z,,,,V517 OPH,VSS,STD,,,,,0.0,0.0
2449193.94,11.193933828000004,,,Vis.,WPX,,,,,,,,Z,,,,V517 OPH,VSS,STD,,,,,0.0,0.0
2449199.95,11.099069982,,,Vis.,WPX,,,,,,,,Z,,,,V517 OPH,VSS,STD,,,,,0.0,0.0
2449201.94,11.288797674000001,,,Vis.,WPX,,,,,,,,Z,,,,V517 OPH,VSS,STD,,,,,0.0,0.0
2449205.94,11.193933828000004,,,Vis.,WPX,,,,,,,,Z,,,,V517 OPH,VSS,STD,,,,,0.0,0.0
2449207.96,11.288797674000001,,,Vis.,WPX,,,,,,,,Z,,,,V517 OPH,VSS,STD,,,,,0.0,0.0
2449208.96,11.288797674000001,,,Vis.,WPX,,,,,,,,Z,,,,V517 OPH,VSS,STD,,,,,0.0,0.0
2449210.96,11.288797674000001,,,Vis.,WPX,,,,,,,,Z,,,,V517 OPH,VSS,STD,,,,,0.0,0.0
2449212.0299,11.38366152,,,Vis.,WPX,,,,,,,,Z,,,,V517 OPH,VSS,STD,,,,,0.0,0.0
2449216.95,11.288797674000001,,,Vis.,WPX,,,,,,,,Z,,,,V517 OPH,VSS,STD,,,,,0.0,0.0
2449219.98,11.288797674000001,,,Vis.,WPX,,,,,,,,Z,,,,V517 OPH,VSS,STD,,,,,0.0,0.0
2449221.96,11.288797674000001,,,Vis.,WPX,,,,,,,,Z,,,,V517 OPH,VSS,STD,,,,,0.0,0.0
2449223.94,11.288797674000001,,,Vis.,WPX,,,,,,,,Z,,,,V517 OPH,VSS,STD,,,,,0.0,0.0
2449237.98,11.288797674000001,,,Vis.,WPX,,,,,,,,Z,,,,V517 OPH,VSS,STD,,,,,0.0,0.0
2449240.98,11.193933828000004,,,Vis.,WPX,,,,,,,,Z,,,,V517 OPH,VSS,STD,,,,,0.0,0.0
2449241.92,11.288797674000001,,,Vis.,WPX,,,,,,,,Z,,,,V517 OPH,VSS,STD,,,,,0.0,0.0
2449248.92,11.288797674000001,,,Vis.,WPX,,,,,,,,Z,,,,V517 OPH,VSS,STD,,,,,0.0,0.0
2449250.97,11.288797674000001,,,Vis.,WPX,,,,,,,,Z,,,,V517 OPH,VSS,STD,,,,,0.0,0.0
2449251.96,11.288797674000001,,,Vis.,WPX,,,,,,,,Z,,,,V517 OPH,VSS,STD,,,,,0.0,0.0
2449257.97,11.288797674000001,,,Vis.,WPX,,,,,,,,Z,,,,V517 OPH,VSS,STD,,,,,0.0,0.0
2449265.93,11.288797674000001,,,Vis.,WPX,,,,,,,,Z,,,,V517 OPH,VSS,STD,,,,,0.0,0.0
2449268.96,11.288797674000001,,,Vis.,WPX,,,,,,,,Z,,,,V517 OPH,VSS,STD,,,,,0.0,0.0
2449271.95,11.193933828000004,,,Vis.,WPX,,,,,,,,Z,,,,V517 OPH,VSS,STD,,,,,0.0,0.0
2449414.2,11.573389212,,,Vis.,JA,,,,,,,,V,,,,V517 OPH,,STD,,,,,0.0,0.0
2449418.2,11.573389212,,,Vis.,JA,,,,,,,,V,,,,V517 OPH,,STD,,,,,0.0,0.0
2449420.1,11.573389212,,,Vis.,JA,,,,,,,,V,,,,V517 OPH,,STD,,,,,0.0,0.0
2449424.2,11.38366152,,,Vis.,JA,,,,,,,,V,,,,V517 OPH,,STD,,,,,0.0,0.0
2449428.2,11.38366152,,,Vis.,JA,,,,,,,,V,,,,V517 OPH,,STD,,,,,0.0,0.0
2449432.2,11.38366152,,,Vis.,JA,,,,,,,,V,,,,V517 OPH,,STD,,,,,0.0,0.0
2449436.2,11.573389212,,,Vis.,JA,,,,,,,,V,,,,V517 OPH,,STD,,,,,0.0,0.0
2449446.2,11.668253058000001,,,Vis.,JA,,,,,,,,V,,,,V517 OPH,,STD,,,,,0.0,0.0
2449447.16,11.478525366,,,Vis.,JA,,,,,,,,V,,,,V517 OPH,,STD,,,,,0.0,0.0
2449448.2,11.478525366,,,Vis.,JA,,,,,,,,V,,,,V517 OPH,,STD,,,,,0.0,0.0
2449452.06,11.573389212,,,Vis.,WPX,,,,,,,,Z,,,,V517 OPH,VSS,STD,,,,,0.0,0.0
2449452.2,11.573389212,,,Vis.,JA,,,,,,,,V,,,,V517 OPH,,STD,,,,,0.0,0.0
2449458.2,11.478525366,,,Vis.,JA,,,,,,,,V,,,,V517 OPH,,STD,,,,,0.0,0.0
2449464.2,11.763116904,,,Vis.,JA,,,,,,,,V,,,,V517 OPH,,STD,,,,,0.0,0.0
2449465.2,11.668253058000001,,,Vis.,JA,,,,,,,,V,,,,V517 OPH,,STD,,,,,0.0,0.0
2449466.29,11.668253058000001,,,Vis.,WPX,,,,,,,,Z,,,,V517 OPH,VSS,STD,,,,,0.0,0.0
2449475.9,11.857980750000001,,,Vis.,JA,,,,,,,,V,,,,V517 OPH,,STD,,,,,0.0,0.0
2449476.05,11.952844595999998,,,Vis.,WPX,,,,,,,,Z,,,,V517 OPH,VSS,STD,,,,,0.0,0.0
2449477.9,11.857980750000001,,,Vis.,JA,,,,,,,,V,,,,V517 OPH,,STD,,,,,0.0,0.0
2449479.0099,11.668253058000001,,,Vis.,WPX,,,,,,,,Z,,,,V517 OPH,VSS,STD,,,,,0.0,0.0
2449481.0,11.668253058000001,,,Vis.,JA,,,,,,,,V,,,,V517 OPH,,STD,,,,,0.0,0.0
2449484.99,11.857980750000001,,,Vis.,WPX,,,,,,,,Z,,,,V517 OPH,VSS,STD,,,,,0.0,0.0
2449485.9,12.142572288000002,,,Vis.,JA,,,,,,,,V,,,,V517 OPH,,STD,,,,,0.0,0.0
2449485.95,12.047708442000003,,,Vis.,WPX,,,,,,,,Z,,,,V517 OPH,VSS,STD,,,,,0.0,0.0
2449487.2,12.427163826,,,Vis.,JA,,,,,,,,V,,,,V517 OPH,,STD,,,,,0.0,0.0
2449487.97,11.668253058000001,,,Vis.,WPX,,,,,,,,Z,,,,V517 OPH,VSS,STD,,,,,0.0,0.0
2449488.97,11.857980750000001,,,Vis.,WPX,,,,,,,,Z,,,,V517 OPH,VSS,STD,,,,,0.0,0.0
2449490.9,11.763116904,,,Vis.,JA,,,,,,,,V,,,,V517 OPH,,STD,,,,,0.0,0.0
2449491.97,11.857980750000001,,,Vis.,WPX,,,,,,,,Z,,,,V517 OPH,VSS,STD,,,,,0.0,0.0
2449501.9,11.857980750000001,,,Vis.,JA,,,,,,,,V,,,,V517 OPH,,STD,,,,,0.0,0.0
2449503.9,11.952844595999998,,,Vis.,JA,,,,,,,,V,,,,V517 OPH,,STD,,,,,0.0,0.0
2449504.9,11.668253058000001,,,Vis.,JA,,,,,,,,V,,,,V517 OPH,,STD,,,,,0.0,0.0
2449507.9,11.668253058000001,,,Vis.,JA,,,,,,,,V,,,,V517 OPH,,STD,,,,,0.0,0.0
2449510.2,11.857980750000001,,,Vis.,JA,,,,,,,,V,,,,V517 OPH,,STD,,,,,0.0,0.0
2449510.9,11.668253058000001,,,Vis.,JA,,,,,,,,V,,,,V517 OPH,,STD,,,,,0.0,0.0
2449514.91,11.668253058000001,,,Vis.,WPX,,,,,,,,Z,,,,V517 OPH,VSS,STD,,,,,0.0,0.0
2449515.95,11.668253058000001,,,Vis.,WPX,,,,,,,,Z,,,,V517 OPH,VSS,STD,,,,,0.0,0.0
2449519.9,11.668253058000001,,,Vis.,JA,,,,,,,,V,,,,V517 OPH,,STD,,,,,0.0,0.0
2449521.2,11.668253058000001,,,Vis.,JA,,,,,,,,V,,,,V517 OPH,,STD,,,,,0.0,0.0
2449522.9,11.573389212,,,Vis.,JA,,,,,,,,V,,,,V517 OPH,,STD,,,,,0.0,0.0
2449528.8,11.668253058000001,,,Vis.,JA,,,,,,,,V,,,,V517 OPH,,STD,,,,,0.0,0.0
2449529.8,11.668253058000001,,,Vis.,JA,,,,,,,,V,,,,V517 OPH,,STD,,,,,0.0,0.0
2449532.9,11.38366152,,,Vis.,JA,,,,,,,,V,,,,V517 OPH,,STD,,,,,0.0,0.0
2449535.9,11.38366152,,,Vis.,JA,,,,,,,,V,,,,V517 OPH,,STD,,,,,0.0,0.0
2449536.89,11.288797674000001,,,Vis.,WPX,,,,,,,,Z,,,,V517 OPH,VSS,STD,,,,,0.0,0.0
2449538.9,11.573389212,,,Vis.,JA,,,,,,,,V,,,,V517 OPH,,STD,,,,,0.0,0.0
2449539.0,11.573389212,,,Vis.,WPX,,,,,,,,Z,,,,V517 OPH,VSS,STD,,,,,0.0,0.0
2449539.93,11.573389212,,,Vis.,WPX,,,,,,,,Z,,,,V517 OPH,VSS,STD,,,,,0.0,0.0
2449541.9,11.288797674000001,,,Vis.,JA,,,,,,,,V,,,,V517 OPH,,STD,,,,,0.0,0.0
2449542.9,11.573389212,,,Vis.,WPX,,,,,,,,Z,,,,V517 OPH,VSS,STD,,,,,0.0,0.0
2449546.0,11.573389212,,,Vis.,JA,,,,,,,,V,,,,V517 OPH,,STD,,,,,0.0,0.0
2449546.9,11.288797674000001,,,Vis.,JA,,,,,,,,V,,,,V517 OPH,,STD,,,,,0.0,0.0
2449547.9,11.38366152,,,Vis.,JA,,,,,,,,V,,,,V517 OPH,,STD,,,,,0.0,0.0
2449547.98,11.573389212,,,Vis.,WPX,,,,,,,,Z,,,,V517 OPH,VSS,STD,,,,,0.0,0.0
2449551.9,11.193933828000004,,,Vis.,JA,,,,,,,,V,,,,V517 OPH,,STD,,,,,0.0,0.0
2449554.0,11.573389212,,,Vis.,WPX,,,,,,,,Z,,,,V517 OPH,VSS,STD,,,,,0.0,0.0
2449557.93,11.288797674000001,,,Vis.,WPX,,,,,,,,Z,,,,V517 OPH,VSS,STD,,,,,0.0,0.0
2449560.98,11.668253058000001,,,Vis.,WPX,,,,,,,,Z,,,,V517 OPH,VSS,STD,,,,,0.0,0.0
2449561.96,11.668253058000001,,,Vis.,WPX,,,,,,,,Z,,,,V517 OPH,VSS,STD,,,,,0.0,0.0
2449562.97,11.668253058000001,,,Vis.,WPX,,,,,,,,Z,,,,V517 OPH,VSS,STD,,,,,0.0,0.0
2449564.96,11.668253058000001,,,Vis.,WPX,,,,,,,,Z,,,,V517 OPH,VSS,STD,,,,,0.0,0.0
2449568.9,11.38366152,,,Vis.,JA,,,,,,,,V,,,,V517 OPH,,STD,,,,,0.0,0.0
2449570.9,11.668253058000001,,,Vis.,JA,,,,,,,,V,,,,V517 OPH,,STD,,,,,0.0,0.0
2449571.9,11.573389212,,,Vis.,JA,,,,,,,,V,,,,V517 OPH,,STD,,,,,0.0,0.0
2449571.95,11.573389212,,,Vis.,WPX,,,,,,,,Z,,,,V517 OPH,VSS,STD,,,,,0.0,0.0
2449573.9,11.478525366,,,Vis.,JA,,,,,,,,V,,,,V517 OPH,,STD,,,,,0.0,0.0
2449574.9,11.573389212,,,Vis.,JA,,,,,,,,V,,,,V517 OPH,,STD,,,,,0.0,0.0
2449574.98,11.668253058000001,,,Vis.,WPX,,,,,,,,Z,,,,V517 OPH,VSS,STD,,,,,0.0,0.0
2449579.96,11.668253058000001,,,Vis.,WPX,,,,,,,,Z,,,,V517 OPH,VSS,STD,,,,,0.0,0.0
2449585.92,11.668253058000001,,,Vis.,WPX,,,,,,,,Z,,,,V517 OPH,VSS,STD,,,,,0.0,0.0
2449587.99,11.668253058000001,,,Vis.,WPX,,,,,,,,Z,,,,V517 OPH,VSS,STD,,,,,0.0,0.0
2449588.99,11.668253058000001,,,Vis.,WPX,,,,,,,,Z,,,,V517 OPH,VSS,STD,,,,,0.0,0.0
2449589.9,11.573389212,,,Vis.,JA,,,,,,,,V,,,,V517 OPH,,STD,,,,,0.0,0.0
2449590.9,11.668253058000001,,,Vis.,JA,,,,,,,,V,,,,V517 OPH,,STD,,,,,0.0,0.0
2449594.9,11.668253058000001,,,Vis.,JA,,,,,,,,V,,,,V517 OPH,,STD,,,,,0.0,0.0
2449595.9,11.573389212,,,Vis.,JA,,,,,,,,V,,,,V517 OPH,,STD,,,,,0.0,0.0
2449598.9,11.573389212,,,Vis.,JA,,,,,,,,V,,,,V517 OPH,,STD,,,,,0.0,0.0
2449599.9,11.668253058000001,,,Vis.,JA,,,,,,,,V,,,,V517 OPH,,STD,,,,,0.0,0.0
2449600.9,11.573389212,,,Vis.,JA,,,,,,,,V,,,,V517 OPH,,STD,,,,,0.0,0.0
2449602.96,11.668253058000001,,,Vis.,WPX,,,,,,,,Z,,,,V517 OPH,VSS,STD,,,,,0.0,0.0
2449604.9,11.668253058000001,,,Vis.,JA,,,,,,,,V,,,,V517 OPH,,STD,,,,,0.0,0.0
2449605.97,11.573389212,,,Vis.,WPX,,,,,,,,Z,,,,V517 OPH,VSS,STD,,,,,0.0,0.0
2449608.97,11.38366152,,,Vis.,WPX,,,,,,,,Z,,,,V517 OPH,VSS,STD,,,,,0.0,0.0
2449609.96,11.573389212,,,Vis.,WPX,,,,,,,,Z,,,,V517 OPH,VSS,STD,,,,,0.0,0.0
2449612.0,11.38366152,,,Vis.,WPX,,,,,,,,Z,,,,V517 OPH,VSS,STD,,,,,0.0,0.0
2449613.9,11.573389212,,,Vis.,WPX,,,,,,,,Z,,,,V517 OPH,VSS,STD,,,,,0.0,0.0
2449619.9,11.573389212,,,Vis.,JA,,,,,,,,V,,,,V517 OPH,,STD,,,,,0.0,0.0
2449622.9,11.288797674000001,,,Vis.,JA,,,,,,,,V,,,,V517 OPH,,STD,,,,,0.0,0.0
2449627.2,11.288797674000001,,,Vis.,OB,,,,,,,,V,,,,V517 OPH,,STD,,,,,0.0,0.0
2449627.8,11.288797674000001,,,Vis.,JA,,,,,,,,V,,,,V517 OPH,,STD,,,,,0.0,0.0
2449628.2,11.288797674000001,,,Vis.,OB,,,,,,,,V,,,,V517 OPH,,STD,,,,,0.0,0.0
2449635.9,11.288797674000001,,,Vis.,JA,,,,,,,,V,,,,V517 OPH,,STD,,,,,0.0,0.0
2449639.8576,11.288797674000001,,,Vis.,JA,,,,,,,,V,,,,V517 OPH,,STD,,,,,0.0,0.0
2449641.2,11.288797674000001,,,Vis.,OB,,,,,,,,V,,,,V517 OPH,,STD,,,,,0.0,0.0
2449642.2,11.288797674000001,,,Vis.,OB,,,,,,,,V,,,,V517 OPH,,STD,,,,,0.0,0.0
2449643.2,11.288797674000001,,,Vis.,OB,,,,,,,,V,,,,V517 OPH,,STD,,,,,0.0,0.0
2449647.2,11.288797674000001,,,Vis.,OB,,,,,,,,V,,,,V517 OPH,,STD,,,,,0.0,0.0
2449648.8729,11.38366152,,,Vis.,JA,,,,,,,,V,,,,V517 OPH,,STD,,,,,0.0,0.0
2449651.2,11.288797674000001,,,Vis.,OB,,,,,,,,V,,,,V517 OPH,,STD,,,,,0.0,0.0
2449651.8611,11.193933828000004,,,Vis.,JA,,,,,,,,V,,,,V517 OPH,,STD,,,,,0.0,0.0
2449732.15,10.719614597999998,,,Vis.,JA,,,,,,,,V,,,,V517 OPH,,STD,,,,,0.0,0.0
2449738.1514,11.099069982,,,Vis.,JA,,,,,,,,V,,,,V517 OPH,,STD,,,,,0.0,0.0
2449754.1368,12.616891518,,,Vis.,JA,,,,,,,,V,,,,V517 OPH,,STD,,,,,0.0,0.0
2449755.166,12.616891518,,,Vis.,JA,,,,,,,,V,,,,V517 OPH,,STD,,,,,0.0,0.0
2449761.1514,12.616891518,,,Vis.,JA,,,,,,,,V,,,,V517 OPH,,STD,,,,,0.0,0.0
2449766.1931,11.763116904,,,Vis.,JA,,,,,,,,V,,,,V517 OPH,,STD,,,,,0.0,0.0
2449780.1611,12.616891518,,,Vis.,JA,,,,,,,,V,,,,V517 OPH,,STD,,,,,0.0,0.0
2449780.4,12.616891518,,,Vis.,OB,,,,,,,,V,,,,V517 OPH,,STD,,,,,0.0,0.0
2449781.5,12.616891518,,,Vis.,OB,,,,,,,,V,,,,V517 OPH,,STD,,,,,0.0,0.0
2449782.6,12.616891518,,,Vis.,OB,,,,,,,,V,,,,V517 OPH,,STD,,,,,0.0,0.0
2449783.4,12.616891518,,,Vis.,OB,,,,,,,,V,,,,V517 OPH,,STD,,,,,0.0,0.0
2449784.1826,12.616891518,,,Vis.,JA,,,,,,,,V,,,,V517 OPH,,STD,,,,,0.0,0.0
2449787.6,12.616891518,,,Vis.,OB,,,,,,,,V,,,,V517 OPH,,STD,,,,,0.0,0.0
2449788.1583,12.616891518,,,Vis.,JA,,,,,,,,V,,,,V517 OPH,,STD,,,,,0.0,0.0
2449788.5,12.616891518,,,Vis.,OB,,,,,,,,V,,,,V517 OPH,,STD,,,,,0.0,0.0
2449790.6,12.616891518,,,Vis.,OB,,,,,,,,V,,,,V517 OPH,,STD,,,,,0.0,0.0
2449791.209,12.616891518,,,Vis.,JA,,,,,,,,V,,,,V517 OPH,,STD,,,,,0.0,0.0
2449793.5,12.142572288000002,,,Vis.,OB,,,,,,,,V,,,,V517 OPH,,STD,,,,,0.0,0.0
2449794.5,12.616891518,,,Vis.,OB,,,,,,,,V,,,,V517 OPH,,STD,,,,,0.0,0.0
2449795.5,12.616891518,,,Vis.,OB,,,,,,,,V,,,,V517 OPH,,STD,,,,,0.0,0.0
2449797.5,12.616891518,,,Vis.,OB,,,,,,,,V,,,,V517 OPH,,STD,,,,,0.0,0.0
2449801.1993,12.616891518,,,Vis.,JA,W,,,,,,,V,,,,V517 OPH,,STD,,,,,0.0,0.0
2449803.1833,12.901483056000002,,,Vis.,JA,Z,,,,,,,V,,,,V517 OPH,,STD,,,,,0.0,0.0
2449807.5,12.616891518,,,Vis.,OB,,,,,,,,V,,,,V517 OPH,,STD,,,,,0.0,0.0
2449808.9979,12.047708442000003,,,Vis.,JA,,,,,,,,V,,,,V517 OPH,,STD,,,,,0.0,0.0
2449809.4,12.616891518,,,Vis.,OB,,,,,,,,V,,,,V517 OPH,,STD,,,,,0.0,0.0
2449810.1743,12.237436134000001,,,Vis.,JA,,,,,,,,V,,,,V517 OPH,,STD,,,,,0.0,0.0
2449813.5,12.616891518,,,Vis.,OB,,,,,,,,V,,,,V517 OPH,,STD,,,,,0.0,0.0
2449814.07,13.660393824000002,,,Vis.,WPX,,,,,,,,Z,,,,V517 OPH,VSS,STD,,,,,0.0,0.0
2449815.5,12.616891518,,,Vis.,OB,,,,,,,,V,,,,V517 OPH,,STD,,,,,0.0,0.0
2449816.5,12.616891518,,,Vis.,OB,,,,,,,,V,,,,V517 OPH,,STD,,,,,0.0,0.0
2449819.6,12.616891518,,,Vis.,OB,,,,,,,,V,,,,V517 OPH,,STD,,,,,0.0,0.0
2449820.1847,12.616891518,,,Vis.,JA,,,,,,,,V,,,,V517 OPH,,STD,,,,,0.0,0.0
2449821.5,12.616891518,,,Vis.,OB,,,,,,,,V,,,,V517 OPH,,STD,,,,,0.0,0.0
2449823.5,12.616891518,,,Vis.,OB,,,,,,,,V,,,,V517 OPH,,STD,,,,,0.0,0.0
2449827.5,12.616891518,,,Vis.,OB,,,,,,,,V,,,,V517 OPH,,STD,,,,,0.0,0.0
2449828.5,12.616891518,,,Vis.,OB,,,,,,,,V,,,,V517 OPH,,STD,,,,,0.0,0.0
2449830.6,12.616891518,,,Vis.,OB,,,,,,,,V,,,,V517 OPH,,STD,,,,,0.0,0.0
2449831.5,12.616891518,,,Vis.,OB,,,,,,,,V,,,,V517 OPH,,STD,,,,,0.0,0.0
2449832.4,12.616891518,,,Vis.,OB,,,,,,,,V,,,,V517 OPH,,STD,,,,,0.0,0.0
2449833.02,13.186074594,,,Vis.,WPX,,,,,,,,Z,,,,V517 OPH,VSS,STD,,,,,0.0,0.0
2449833.5,12.616891518,,,Vis.,OB,,,,,,,,V,,,,V517 OPH,,STD,,,,,0.0,0.0
2449834.6,12.616891518,,,Vis.,OB,,,,,,,,V,,,,V517 OPH,,STD,,,,,0.0,0.0
2449834.9319,12.047708442000003,,,Vis.,JA,,,,,,,,V,,,,V517 OPH,,STD,,,,,0.0,0.0
2449835.5,12.616891518,,,Vis.,OB,,,,,,,,V,,,,V517 OPH,,STD,,,,,0.0,0.0
2449836.9083,11.763116904,,,Vis.,JA,,,,,,,,V,,,,V517 OPH,,STD,,,,,0.0,0.0
2449839.9194,12.616891518,,,Vis.,JA,,,,,,,,V,,,,V517 OPH,,STD,,,,,0.0,0.0
2449840.6,12.616891518,,,Vis.,OB,,,,,,,,V,,,,V517 OPH,,STD,,,,,0.0,0.0
2449843.5,12.616891518,,,Vis.,OB,,,,,,,,V,,,,V517 OPH,,STD,,,,,0.0,0.0
2449844.2292,12.616891518,,,Vis.,JA,,,,,,,,V,,,,V517 OPH,,STD,,,,,0.0,0.0
2449846.4,12.616891518,,,Vis.,OB,,,,,,,,V,,,,V517 OPH,,STD,,,,,0.0,0.0
2449847.2493,12.616891518,,,Vis.,JA,,,,,,,,V,,,,V517 OPH,,STD,,,,,0.0,0.0
2449847.4,12.616891518,,,Vis.,OB,,,,,,,,V,,,,V517 OPH,,STD,,,,,0.0,0.0
2449848.5,12.616891518,,,Vis.,OB,,,,,,,,V,,,,V517 OPH,,STD,,,,,0.0,0.0
2449849.2028,12.616891518,,,Vis.,JA,,,,,,,,V,,,,V517 OPH,,STD,,,,,0.0,0.0
2449849.5,12.616891518,,,Vis.,OB,,,,,,,,V,,,,V517 OPH,,STD,,,,,0.0,0.0
2449850.5,12.616891518,,,Vis.,OB,,,,,,,,V,,,,V517 OPH,,STD,,,,,0.0,0.0
2449851.5,12.616891518,,,Vis.,OB,,,,,,,,V,,,,V517 OPH,,STD,,,,,0.0,0.0
2449855.8701,11.763116904,,,Vis.,JA,,,,,,,,V,,,,V517 OPH,,STD,,,,,0.0,0.0
2449858.8278,11.763116904,,,Vis.,JA,,,,,,,,V,,,,V517 OPH,,STD,,,,,0.0,0.0
2449861.2118,12.806619210000003,,,Vis.,JA,Z,,,,,,,V,,,,V517 OPH,,STD,,,,,0.0,0.0
2449865.0099,13.186074594,,,Vis.,WPX,,,,,,,,Z,,,,V517 OPH,VSS,STD,,,,,0.0,0.0
2449866.8174,11.857980750000001,,,Vis.,JA,,,,,,,,V,,,,V517 OPH,,STD,,,,,0.0,0.0
2449867.5,12.616891518,,,Vis.,OB,,,,,,,,V,,,,V517 OPH,,STD,,,,,0.0,0.0
2449868.4,12.616891518,,,Vis.,OB,,,,,,,,V,,,,V517 OPH,,STD,,,,,0.0,0.0
2449869.4,12.616891518,,,Vis.,OB,,,,,,,,V,,,,V517 OPH,,STD,,,,,0.0,0.0
2449871.5,12.616891518,,,Vis.,OB,,,,,,,,V,,,,V517 OPH,,STD,,,,,0.0,0.0
2449871.9278,12.616891518,,,Vis.,JA,,,,,,,,V,,,,V517 OPH,,STD,,,,,0.0,0.0
2449873.5,12.616891518,,,Vis.,OB,,,,,,,,V,,,,V517 OPH,,STD,,,,,0.0,0.0
2449873.9201,12.616891518,,,Vis.,JA,,,,,,,,V,,,,V517 OPH,,STD,,,,,0.0,0.0
2449875.4,12.616891518,,,Vis.,OB,,,,,,,,V,,,,V517 OPH,,STD,,,,,0.0,0.0
2449876.5,12.616891518,,,Vis.,OB,,,,,,,,V,,,,V517 OPH,,STD,,,,,0.0,0.0
2449878.1792,12.901483056000002,,,Vis.,JA,,,,,,,,V,,,,V517 OPH,,STD,,,,,0.0,0.0
2449878.5,12.616891518,,,Vis.,OB,,,,,,,,V,,,,V517 OPH,,STD,,,,,0.0,0.0
2449884.2,12.616891518,,,Vis.,OB,,,,,,,,V,,,,V517 OPH,,STD,,,,,0.0,0.0
2449885.2,12.616891518,,,Vis.,OB,,,,,,,,V,,,,V517 OPH,,STD,,,,,0.0,0.0
2449885.8813,12.616891518,,,Vis.,JA,,,,,,,,V,,,,V517 OPH,,STD,,,,,0.0,0.0
2449886.2,12.616891518,,,Vis.,OB,,,,,,,,V,,,,V517 OPH,,STD,,,,,0.0,0.0
2449887.2,12.616891518,,,Vis.,OB,,,,,,,,V,,,,V517 OPH,,STD,,,,,0.0,0.0
2449887.916,12.616891518,,,Vis.,JA,,,,,,,,V,,,,V517 OPH,,STD,,,,,0.0,0.0
2449888.4,12.616891518,,,Vis.,OB,,,,,,,,V,,,,V517 OPH,,STD,,,,,0.0,0.0
2449890.4,12.616891518,,,Vis.,OB,,,,,,,,V,,,,V517 OPH,,STD,,,,,0.0,0.0
2449890.8903,12.616891518,,,Vis.,JA,,,,,,,,V,,,,V517 OPH,,STD,,,,,0.0,0.0
2449891.5,12.616891518,,,Vis.,OB,,,,,,,,V,,,,V517 OPH,,STD,,,,,0.0,0.0
2449892.2,12.616891518,,,Vis.,OB,,,,,,,,V,,,,V517 OPH,,STD,,,,,0.0,0.0
2449892.9285,12.616891518,,,Vis.,JA,,,,,,,,V,,,,V517 OPH,,STD,,,,,0.0,0.0
2449893.2,12.616891518,,,Vis.,OB,,,,,,,,V,,,,V517 OPH,,STD,,,,,0.0,0.0
2449893.8903,12.616891518,,,Vis.,JA,,,,,,,,V,,,,V517 OPH,,STD,,,,,0.0,0.0
2449895.4,12.616891518,,,Vis.,OB,,,,,,,,V,,,,V517 OPH,,STD,,,,,0.0,0.0
2449895.8458,12.616891518,,,Vis.,JA,,,,,,,,V,,,,V517 OPH,,STD,,,,,0.0,0.0
2449896.5,12.616891518,,,Vis.,OB,,,,,,,,V,,,,V517 OPH,,STD,,,,,0.0,0.0
2449897.521,12.616891518,,,Vis.,OB,,,,,,,,V,,,,V517 OPH,,STD,,,,,0.0,0.0
2449898.221,12.616891518,,,Vis.,OB,,,,,,,,V,,,,V517 OPH,,STD,,,,,0.0,0.0
2449899.221,12.616891518,,,Vis.,OB,,,,,,,,V,,,,V517 OPH,,STD,,,,,0.0,0.0
2449899.9938,12.616891518,,,Vis.,JA,,,,,,,,V,,,,V517 OPH,,STD,,,,,0.0,0.0
2449900.221,12.616891518,,,Vis.,OB,,,,,,,,V,,,,V517 OPH,,STD,,,,,0.0,0.0
2449901.221,12.616891518,,,Vis.,OB,,,,,,,,V,,,,V517 OPH,,STD,,,,,0.0,0.0
2449901.9076,12.901483056000002,,,Vis.,JA,Z,,,,,,,V,,,,V517 OPH,,STD,,,,,0.0,0.0
2449903.421,12.616891518,,,Vis.,OB,,,,,,,,V,,,,V517 OPH,,STD,,,,,0.0,0.0
2449905.221,12.616891518,,,Vis.,OB,,,,,,,,V,,,,V517 OPH,,STD,,,,,0.0,0.0
2449906.221,12.616891518,,,Vis.,OB,,,,,,,,V,,,,V517 OPH,,STD,,,,,0.0,0.0
2449906.8938,11.763116904,,,Vis.,JA,W,,,,,,,V,,,,V517 OPH,,STD,,,,,0.0,0.0
2449914.221,12.616891518,,,Vis.,OB,,,,,,,,V,,,,V517 OPH,,STD,,,,,0.0,0.0
2449915.9299,12.616891518,,,Vis.,JA,,,,,,,,V,,,,V517 OPH,,STD,,,,,0.0,0.0
2449917.321,12.522027672,,,Vis.,OB,,,,,,,,V,,,,V517 OPH,,STD,,,,,0.0,0.0
2449918.221,12.616891518,,,Vis.,OB,,,,,,,,V,,,,V517 OPH,,STD,,,,,0.0,0.0
2449919.221,12.711755364000002,,,Vis.,OB,,,,,,,,V,,,,V517 OPH,,STD,,,,,0.0,0.0
2449919.8139,12.616891518,,,Vis.,JA,,,,,,,,V,,,,V517 OPH,,STD,,,,,0.0,0.0
2449920.221,12.616891518,,,Vis.,OB,,,,,,,,V,,,,V517 OPH,,STD,,,,,0.0,0.0
2449921.221,12.711755364000002,,,Vis.,OB,,,,,,,,V,,,,V517 OPH,,STD,,,,,0.0,0.0
2449921.9854,12.616891518,,,Vis.,JA,,,,,,,,V,,,,V517 OPH,,STD,,,,,0.0,0.0
2449922.221,12.711755364000002,,,Vis.,OB,,,,,,,,V,,,,V517 OPH,,STD,,,,,0.0,0.0
2449923.221,12.616891518,,,Vis.,OB,,,,,,,,V,,,,V517 OPH,,STD,,,,,0.0,0.0
2449924.9563,12.616891518,,,Vis.,JA,,,,,,,,V,,,,V517 OPH,,STD,,,,,0.0,0.0
2449925.221,12.616891518,,,Vis.,OB,,,,,,,,V,,,,V517 OPH,,STD,,,,,0.0,0.0
2449927.221,12.616891518,,,Vis.,OB,,,,,,,,V,,,,V517 OPH,,STD,,,,,0.0,0.0
2449927.9333,11.668253058000001,,,Vis.,JA,,,,,,,,V,,,,V517 OPH,,STD,,,,,0.0,0.0
2449929.221,12.237436134000001,,,Vis.,OB,,,,,,,,V,,,,V517 OPH,,STD,,,,,0.0,0.0
2449930.221,12.237436134000001,,,Vis.,OB,,,,,,,,V,,,,V517 OPH,,STD,,,,,0.0,0.0
2449932.2,12.616891518,,,Vis.,OB,,,,,,,,V,,,,V517 OPH,,STD,,,,,0.0,0.0
2449933.2,12.616891518,,,Vis.,OB,,,,,,,,V,,,,V517 OPH,,STD,,,,,0.0,0.0
2449934.2,12.616891518,,,Vis.,OB,,,,,,,,V,,,,V517 OPH,,STD,,,,,0.0,0.0
2449942.2,12.616891518,,,Vis.,OB,,,,,,,,V,,,,V517 OPH,,STD,,,,,0.0,0.0
2449943.2,12.711755364000002,,,Vis.,OB,,,,,,,,V,,,,V517 OPH,,STD,,,,,0.0,0.0
2449944.8688,12.616891518,,,Vis.,JA,,,,,,,,V,,,,V517 OPH,,STD,,,,,0.0,0.0
2449946.3,12.522027672,,,Vis.,OB,,,,,,,,V,,,,V517 OPH,,STD,,,,,0.0,0.0
2449946.99,12.522027672,,,Vis.,WPX,,,,,,,,Z,,,,V517 OPH,VSS,STD,,,,,0.0,0.0
2449948.3,12.33229998,,,Vis.,OB,,,,,,,,V,,,,V517 OPH,,STD,,,,,0.0,0.0
2449948.9944,12.996346902,,,Vis.,JA,Z,,,,,,,V,,,,V517 OPH,,STD,,,,,0.0,0.0
2449951.2,12.33229998,,,Vis.,OB,,,,,,,,V,,,,V517 OPH,,STD,,,,,0.0,0.0
2449952.2,12.33229998,,,Vis.,OB,,,,,,,,V,,,,V517 OPH,,STD,,,,,0.0,0.0
2449954.2,12.33229998,,,Vis.,OB,,,,,,,,V,,,,V517 OPH,,STD,,,,,0.0,0.0
2449957.93,12.33229998,,,Vis.,WPX,,,,,,,,Z,,,,V517 OPH,VSS,STD,,,,,0.0,0.0
2449958.2,12.427163826,,,Vis.,OB,,,,,,,,V,,,,V517 OPH,,STD,,,,,0.0,0.0
2449958.99,12.427163826,,,Vis.,WPX,,,,,,,,Z,,,,V517 OPH,VSS,STD,,,,,0.0,0.0
2449959.8979,12.616891518,,,Vis.,JA,,,,,,,,V,,,,V517 OPH,,STD,,,,,0.0,0.0
2449972.8896,12.047708442000003,,,Vis.,JA,,,,,,,,V,,,,V517 OPH,,STD,,,,,0.0,0.0
2449974.8799,12.142572288000002,,,Vis.,JA,,,,,,,,V,,,,V517 OPH,,STD,,,,,0.0,0.0
2449980.9063,12.047708442000003,,,Vis.,JA,,,,,,,,V,,,,V517 OPH,,STD,,,,,0.0,0.0
2449984.2,11.763116904,,,Vis.,OB,,,,,,,,V,,,,V517 OPH,,STD,,,,,0.0,0.0
2449985.2,11.763116904,,,Vis.,OB,,,,,,,,V,,,,V517 OPH,,STD,,,,,0.0,0.0
2449986.2,11.763116904,,,Vis.,OB,,,,,,,,V,,,,V517 OPH,,STD,,,,,0.0,0.0
2449987.2,11.763116904,,,Vis.,OB,,,,,,,,V,,,,V517 OPH,,STD,,,,,0.0,0.0
2449990.2,11.763116904,,,Vis.,OB,,,,,,,,V,,,,V517 OPH,,STD,,,,,0.0,0.0
2449990.9181,11.38366152,,,Vis.,JA,W,,,,,,,V,,,,V517 OPH,,STD,,,,,0.0,0.0
2449992.8458,12.047708442000003,,,Vis.,JA,W,,,,,,,V,,,,V517 OPH,,STD,,,,,0.0,0.0
2449999.94,11.952844595999998,,,Vis.,WPX,,,,,,,,Z,,,,V517 OPH,VSS,STD,,,,,0.0,0.0
2450001.8521,11.857980750000001,,,Vis.,JA,,,,,,,,V,,,,V517 OPH,,STD,,,,,0.0,0.0
2450006.86,11.763116904,,,Vis.,WPX,,,,,,,,Z,,,,V517 OPH,VSS,STD,,,,,0.0,0.0
2450012.2,11.763116904,,,Vis.,OB,,,,,,,,V,,,,V517 OPH,,STD,,,,,0.0,0.0
2450015.8833,11.857980750000001,,,Vis.,JA,WZ,,,,,,,V,,,,V517 OPH,,STD,,,,,0.0,0.0
2450102.1451,11.763116904,,,Vis.,JA,W,,,,,,,V,,,,V517 OPH,,STD,,,,,0.0,0.0
2450103.1479,11.668253058000001,,,Vis.,JA,W,,,,,,,V,,,,V517 OPH,,STD,,,,,0.0,0.0
2450108.1528,11.668253058000001,,,Vis.,JA,WZ,,,,,,,V,,,,V517 OPH,,STD,,,,,0.0,0.0
2450111.1451,11.668253058000001,,,Vis.,JA,,,,,,,,V,,,,V517 OPH,,STD,,,,,0.0,0.0
2450114.15,11.668253058000001,,,Vis.,JA,,,,,,,,V,,,,V517 OPH,,STD,,,,,0.0,0.0
2450123.1382,11.573389212,,,Vis.,JA,W,,,,,,,V,,,,V517 OPH,,STD,,,,,0.0,0.0
2450128.1424,11.573389212,,,Vis.,JA,W,,,,,,,V,,,,V517 OPH,,STD,,,,,0.0,0.0
2450131.234,11.573389212,,,Vis.,WPX,,,,,,,,Z,,,,V517 OPH,VSS,STD,,,,,0.0,0.0
2450135.1764,11.478525366,,,Vis.,JA,,,,,,,,V,,,,V517 OPH,,STD,,,,,0.0,0.0
2450141.1924,11.478525366,,,Vis.,JA,,,,,,,,V,,,,V517 OPH,,STD,,,,,0.0,0.0
2450143.1625,11.478525366,,,Vis.,JA,,,,,,,,V,,,,V517 OPH,,STD,,,,,0.0,0.0
2450145.6,11.288797674000001,,,Vis.,OB,K        ,,,,RASNZ ARCHIVAL,,,V,,,,V517 OPH,,STD,,,,RASNZ,0.0,0.0
2450148.6,11.288797674000001,,,Vis.,OB,K        ,,,,RASNZ ARCHIVAL,,,V,,,,V517 OPH,,STD,,,,RASNZ,0.0,0.0
2450150.6,11.288797674000001,,,Vis.,OB,K        ,,,,RASNZ ARCHIVAL,,,V,,,,V517 OPH,,STD,,,,RASNZ,0.0,0.0
2450151.2014,11.288797674000001,,,Vis.,JA,W,,,,,,,V,,,,V517 OPH,,STD,,,,,0.0,0.0
2450158.4,11.288797674000001,,,Vis.,OB,K        ,,,,RASNZ ARCHIVAL,,,V,,,,V517 OPH,,STD,,,,RASNZ,0.0,0.0
2450159.0979,11.478525366,,,Vis.,WPX,,,,,,,,Z,,,,V517 OPH,VSS,STD,,,,,0.0,0.0
2450159.5,11.288797674000001,,,Vis.,OB,K        ,,,,RASNZ ARCHIVAL,,,V,,,,V517 OPH,,STD,,,,RASNZ,0.0,0.0
2450160.5,11.288797674000001,,,Vis.,OB,K        ,,,,RASNZ ARCHIVAL,,,V,,,,V517 OPH,,STD,,,,RASNZ,0.0,0.0
2450161.1833,11.478525366,,,Vis.,JA,,,,,,,,V,,,,V517 OPH,,STD,,,,,0.0,0.0
2450162.5,11.099069982,,,Vis.,OB,K        ,,,,RASNZ ARCHIVAL,,,V,,,,V517 OPH,,STD,,,,RASNZ,0.0,0.0
2450163.1896,11.288797674000001,,,Vis.,JA,,,,,,,,V,,,,V517 OPH,,STD,,,,,0.0,0.0
2450163.6,11.099069982,,,Vis.,OB,K        ,,,,RASNZ ARCHIVAL,,,V,,,,V517 OPH,,STD,,,,RASNZ,0.0,0.0
2450164.5,11.099069982,,,Vis.,OB,K        ,,,,RASNZ ARCHIVAL,,,V,,,,V517 OPH,,STD,,,,RASNZ,0.0,0.0
2450165.5,11.099069982,,,Vis.,OB,K        ,,,,RASNZ ARCHIVAL,,,V,,,,V517 OPH,,STD,,,,RASNZ,0.0,0.0
2450166.6,11.099069982,,,Vis.,OB,K        ,,,,RASNZ ARCHIVAL,,,V,,,,V517 OPH,,STD,,,,RASNZ,0.0,0.0
2450167.1313,11.478525366,,,Vis.,SRX,K,121,,,,,,V,,,,V517 OPH,,STD,,,,,0.0,0.0
2450167.6,11.099069982,,,Vis.,OB,K        ,,,,RASNZ ARCHIVAL,,,V,,,,V517 OPH,,STD,,,,RASNZ,0.0,0.0
2450168.5,11.099069982,,,Vis.,OB,K        ,,,,RASNZ ARCHIVAL,,,V,,,,V517 OPH,,STD,,,,RASNZ,0.0,0.0
2450169.1924,11.193933828000004,,,Vis.,JA,,,,,,,,V,,,,V517 OPH,,STD,,,,,0.0,0.0
2450169.5,11.288797674000001,,,Vis.,OB,K        ,,,,RASNZ ARCHIVAL,,,V,,,,V517 OPH,,STD,,,,RASNZ,0.0,0.0
2450170.5,11.288797674000001,,,Vis.,OB,K        ,,,,RASNZ ARCHIVAL,,,V,,,,V517 OPH,,STD,,,,RASNZ,0.0,0.0
2450171.6,11.288797674000001,,,Vis.,OB,K        ,,,,RASNZ ARCHIVAL,,,V,,,,V517 OPH,,STD,,,,RASNZ,0.0,0.0
2450185.0681,11.288797674000001,,,Vis.,SRX,K,111,121.0,,,,,V,,,,V517 OPH,,STD,,,,,0.0,0.0
2450188.1667,11.099069982,,,Vis.,JA,,,,,,,,V,,,,V517 OPH,,STD,,,,,0.0,0.0
2450189.9951,11.288797674000001,,,Vis.,WPX,,,,,,,,Z,,,,V517 OPH,VSS,STD,,,,,0.0,0.0
2450191.1639,10.909342290000001,,,Vis.,JA,,,,,,,,V,,,,V517 OPH,,STD,,,,,0.0,0.0
2450193.984,11.193933828000004,,,Vis.,WPX,,,,,,,,Z,,,,V517 OPH,VSS,STD,,,,,0.0,0.0
2450194.0826,11.478525366,,,Vis.,SRX,K,121,,,,,,Z,,,,V517 OPH,,STD,,,,,0.0,0.0
2450196.0958,11.478525366,,,Vis.,SRX,K,121,,,,,,Z,,,,V517 OPH,,STD,,,,,0.0,0.0
2450196.2174,11.193933828000004,,,Vis.,JA,,,,,,,,V,,,,V517 OPH,,STD,,,,,0.0,0.0
2450198.9861,11.004206136,,,Vis.,WPX,,,,,,,,Z,,,,V517 OPH,VSS,STD,,,,,0.0,0.0
2450200.1882,11.099069982,,,Vis.,JA,,,,,,,,V,,,,V517 OPH,,STD,,,,,0.0,0.0
2450201.1563,11.099069982,,,Vis.,JA,,,,,,,,V,,,,V517 OPH,,STD,,,,,0.0,0.0
2450204.2056,11.099069982,,,Vis.,JA,,,,,,,,V,,,,V517 OPH,,STD,,,,,0.0,0.0
2450212.9472,10.909342290000001,,,Vis.,WPX,,,,,,,,Z,,,,V517 OPH,VSS,STD,,,,,0.0,0.0
2450212.9486,11.099069982,,,Vis.,JA,,,,,,,,V,,,,V517 OPH,,STD,,,,,0.0,0.0
2450213.9979,11.478525366,,,Vis.,SRX,K,121,,,,,,Z,,,,V517 OPH,,STD,,,,,0.0,0.0
2450214.2521,11.288797674000001,,,Vis.,WPX,,,,,,,,Z,,,,V517 OPH,VSS,STD,,,,,0.0,0.0
2450214.8806,10.909342290000001,,,Vis.,JA,,,,,,,,V,,,,V517 OPH,,STD,,,,,0.0,0.0
2450215.5,11.099069982,,,Vis.,OB,K        ,,,,RASNZ ARCHIVAL,,,V,,,,V517 OPH,,STD,,,,RASNZ,0.0,0.0
2450218.9167,11.099069982,,,Vis.,JA,,,,,,,,V,,,,V517 OPH,,STD,,,,,0.0,0.0
2450219.5,11.099069982,,,Vis.,OB,K        ,,,,RASNZ ARCHIVAL,,,V,,,,V517 OPH,,STD,,,,RASNZ,0.0,0.0
2450219.9826,11.38366152,,,Vis.,SRX,K,,,,>12.1 [0.1],,,Z,,,,V517 OPH,,STD,,,,,0.0,0.0
2450220.5,11.099069982,,,Vis.,OB,K        ,,,,RASNZ ARCHIVAL,,,V,,,,V517 OPH,,STD,,,,RASNZ,0.0,0.0
2450221.0049,11.38366152,,,Vis.,SRX,K,,,,>12.1 [0.1],,,Z,,,,V517 OPH,,STD,,,,,0.0,0.0
2450221.8931,11.193933828000004,,,Vis.,JA,,,,,,,,V,,,,V517 OPH,,STD,,,,,0.0,0.0
2450222.5,11.099069982,,,Vis.,OB,K        ,,,,RASNZ ARCHIVAL,,,V,,,,V517 OPH,,STD,,,,RASNZ,0.0,0.0
2450223.6,11.099069982,,,Vis.,OB,K        ,,,,RASNZ ARCHIVAL,,,V,,,,V517 OPH,,STD,,,,RASNZ,0.0,0.0
2450224.5,11.099069982,,,Vis.,OB,K        ,,,,RASNZ ARCHIVAL,,,V,,,,V517 OPH,,STD,,,,RASNZ,0.0,0.0
2450226.6,11.099069982,,,Vis.,OB,K        ,,,,RASNZ ARCHIVAL,,,V,,,,V517 OPH,,STD,,,,RASNZ,0.0,0.0
2450227.6,11.099069982,,,Vis.,OB,K        ,,,,RASNZ ARCHIVAL,,,V,,,,V517 OPH,,STD,,,,RASNZ,0.0,0.0
2450227.8965,11.288797674000001,,,Vis.,JA,,,,,,,,V,,,,V517 OPH,,STD,,,,,0.0,0.0
2450228.3,11.099069982,,,Vis.,OB,K        ,,,,RASNZ ARCHIVAL,,,V,,,,V517 OPH,,STD,,,,RASNZ,0.0,0.0
2450229.9153,11.288797674000001,,,Vis.,WPX,,,,,,,,Z,,,,V517 OPH,VSS,STD,,,,,0.0,0.0
2450231.1944,11.288797674000001,,,Vis.,JA,,,,,,,,V,,,,V517 OPH,,STD,,,,,0.0,0.0
2450231.9646,11.288797674000001,,,Vis.,WPX,,,,,,,,Z,,,,V517 OPH,VSS,STD,,,,,0.0,0.0
2450233.5,11.099069982,,,Vis.,OB,K        ,,,,RASNZ ARCHIVAL,,,V,,,,V517 OPH,,STD,,,,RASNZ,0.0,0.0
2450233.909,11.288797674000001,,,Vis.,WPX,,,,,,,,Z,,,,V517 OPH,VSS,STD,,,,,0.0,0.0
2450238.8319,11.288797674000001,,,Vis.,JA,W,,,,,,,V,,,,V517 OPH,,STD,,,,,0.0,0.0
2450241.9653,11.193933828000004,,,Vis.,JA,,,,,,,,V,,,,V517 OPH,,STD,,,,,0.0,0.0
2450241.9722,11.38366152,,,Vis.,SRX,K,,,,>12.1 [0.1],,,V,,,,V517 OPH,,STD,,,,,0.0,0.0
2450242.5,11.099069982,,,Vis.,OB,,,,,,,,V,,,,V517 OPH,,STD,,,,,0.0,0.0
2450245.2104,11.288797674000001,,,Vis.,JA,,,,,,,,V,,,,V517 OPH,,STD,,,,,0.0,0.0
2450246.9771,11.38366152,,,Vis.,SRX,K,,,,>12.1 [0.1],,,V,,,,V517 OPH,,STD,,,,,0.0,0.0
2450247.3,10.909342290000001,,,Vis.,OB,,,,,,,,V,,,,V517 OPH,,STD,,,,,0.0,0.0
2450247.925,11.099069982,,,Vis.,JA,,,,,,,,V,,,,V517 OPH,,STD,,,,,0.0,0.0
2450247.9326,11.38366152,,,Vis.,SRX,K,,,,>12.1 [0.1],,,Z,,,,V517 OPH,,STD,,,,,0.0,0.0
2450248.5,11.099069982,,,Vis.,OB,,,,,,,,V,,,,V517 OPH,,STD,,,,,0.0,0.0
2450248.9278,11.38366152,,,Vis.,SRX,K,,,,>12.1 [0.1],,,Z,,,,V517 OPH,,STD,,,,,0.0,0.0
2450249.5,11.099069982,,,Vis.,OB,,,,,,,,V,,,,V517 OPH,,STD,,,,,0.0,0.0
2450249.9556,11.38366152,,,Vis.,SRX,K,,,,>12.1 [0.1],,,Z,,,,V517 OPH,,STD,,,,,0.0,0.0
2450250.4,11.099069982,,,Vis.,OB,,,,,,,,V,,,,V517 OPH,,STD,,,,,0.0,0.0
2450250.9174,11.38366152,,,Vis.,SRX,K,,,,>12.1 [0.1],,,V,,,,V517 OPH,,STD,,,,,0.0,0.0
2450251.9264,11.004206136,,,Vis.,JA,,,,,,,,V,,,,V517 OPH,,STD,,,,,0.0,0.0
2450252.5,11.38366152,,,Vis.,OB,,,,,,,,V,,,,V517 OPH,,STD,,,,,0.0,0.0
2450253.8722,10.909342290000001,,,Vis.,JA,,,,,,,,V,,,,V517 OPH,,STD,,,,,0.0,0.0
2450254.4,11.099069982,,,Vis.,OB,,,,,,,,V,,,,V517 OPH,,STD,,,,,0.0,0.0
2450255.1847,11.288797674000001,,,Vis.,SRX,K,,,,>12.1 [0.2],,,Z,,,,V517 OPH,,STD,,,,,0.0,0.0
2450255.5,11.099069982,,,Vis.,OB,,,,,,,,V,,,,V517 OPH,,STD,,,,,0.0,0.0
2450256.9646,11.288797674000001,,,Vis.,SRX,KW,,,,>12.1 [0.2],,,Z,,,,V517 OPH,,STD,,,,,0.0,0.0
2450257.2,11.099069982,,,Vis.,OB,,,,,,,,V,,,,V517 OPH,,STD,,,,,0.0,0.0
2450258.3,11.099069982,,,Vis.,OB,,,,,,,,V,,,,V517 OPH,,STD,,,,,0.0,0.0
2450258.9757,11.288797674000001,,,Vis.,WPX,,,,,,,,Z,,,,V517 OPH,VSS,STD,,,,,0.0,0.0
2450259.9854,11.193933828000004,,,Vis.,WPX,,,,,,,,Z,,,,V517 OPH,VSS,STD,,,,,0.0,0.0
2450260.4,11.099069982,,,Vis.,OB,,,,,,,,V,,,,V517 OPH,,STD,,,,,0.0,0.0
2450260.8819,11.004206136,,,Vis.,JA,,,,,,,,V,,,,V517 OPH,,STD,,,,,0.0,0.0
2450262.0146,11.288797674000001,,,Vis.,WPX,,,,,,,,Z,,,,V517 OPH,VSS,STD,,,,,0.0,0.0
2450267.8382,11.099069982,,,Vis.,JA,,,,,,,,V,,,,V517 OPH,,STD,,,,,0.0,0.0
2450267.9111,11.288797674000001,,,Vis.,SRX,K,,,,>12.1 [0.2],,,V,,,,V517 OPH,,STD,,,,,0.0,0.0
2450269.8514,11.099069982,,,Vis.,JA,,,,,,,,V,,,,V517 OPH,,STD,,,,,0.0,0.0
2450269.9375,11.288797674000001,,,Vis.,SRX,K,,,,>12.1 [0.2],,,Z,,,,V517 OPH,,STD,,,,,0.0,0.0
2450270.2,11.099069982,,,Vis.,OB,,,,,,,,V,,,,V517 OPH,,STD,,,,,0.0,0.0
2450271.8986,11.288797674000001,,,Vis.,SRX,K,,,,>12.1 [0.2],,,Z,,,,V517 OPH,,STD,,,,,0.0,0.0
2450272.9417,11.099069982,,,Vis.,WPX,,,,,,,,Z,,,,V517 OPH,VSS,STD,,,,,0.0,0.0
2450273.2,11.099069982,,,Vis.,OB,,,,,,,,V,,,,V517 OPH,,STD,,,,,0.0,0.0
2450274.3,11.099069982,,,Vis.,OB,,,,,,,,V,,,,V517 OPH,,STD,,,,,0.0,0.0
2450275.4,11.099069982,,,Vis.,OB,,,,,,,,V,,,,V517 OPH,,STD,,,,,0.0,0.0
2450275.9236,11.38366152,,,Vis.,SRX,K,,,,>12.1 [0.1],,,Z,,,,V517 OPH,,STD,,,,,0.0,0.0
2450276.2,11.099069982,,,Vis.,OB,,,,,,,,V,,,,V517 OPH,,STD,,,,,0.0,0.0
2450277.0875,11.193933828000004,,,Vis.,SRX,K,,,,>12.1 [0.3],,,V,,,,V517 OPH,,STD,,,,,0.0,0.0
2450280.9431,11.193933828000004,,,Vis.,SRX,K,,,,>12.1 [0.3],,,V,,,,V517 OPH,,STD,,,,,0.0,0.0
2450280.9917,11.099069982,,,Vis.,WPX,,,,,,,,Z,,,,V517 OPH,VSS,STD,,,,,0.0,0.0
2450284.3,11.099069982,,,Vis.,OB,,,,,,,,V,,,,V517 OPH,,STD,,,,,0.0,0.0
2450287.9208,11.004206136,,,Vis.,JA,W,,,,,,,V,,,,V517 OPH,,STD,,,,,0.0,0.0
2450288.9625,11.099069982,,,Vis.,WPX,,,,,,,,Z,,,,V517 OPH,VSS,STD,,,,,0.0,0.0
2450289.1611,11.193933828000004,,,Vis.,SRX,K,,,,>12.1 [0.3],,,V,,,,V517 OPH,,STD,,,,,0.0,0.0
2450298.9063,10.909342290000001,,,Vis.,JA,,,,,,,,V,,,,V517 OPH,,STD,,,,,0.0,0.0
2450298.9181,11.099069982,,,Vis.,WPX,,,,,,,,Z,,,,V517 OPH,VSS,STD,,,,,0.0,0.0
2450299.0257,11.004206136,,,Vis.,SRX,KW,115,121.0,,,,,Z,,,,V517 OPH,,STD,,,,,0.0,0.0
2450300.9188,10.814478444000002,,,Vis.,JA,,,,,,,,V,,,,V517 OPH,,STD,,,,,0.0,0.0
2450301.3,10.624750751999999,,,Vis.,OB,,,,,,,,V,,,,V517 OPH,,STD,,,,,0.0,0.0
2450302.2,10.909342290000001,,,Vis.,OB,,,,,,,,V,,,,V517 OPH,,STD,,,,,0.0,0.0
2450302.9139,10.909342290000001,,,Vis.,JA,,,,,,,,V,,,,V517 OPH,,STD,,,,,0.0,0.0
2450304.2,11.099069982,,,Vis.,OB,,,,,,,,V,,,,V517 OPH,,STD,,,,,0.0,0.0
2450305.2,11.004206136,,,Vis.,OB,,,,,,,,V,,,,V517 OPH,,STD,,,,,0.0,0.0
2450306.1069,11.004206136,,,Vis.,SRX,K,111,121.0,,,,,Z,,,,V517 OPH,,STD,,,,,0.0,0.0
2450306.2,11.004206136,,,Vis.,OB,,,,,,,,V,,,,V517 OPH,,STD,,,,,0.0,0.0
2450306.9847,11.193933828000004,,,Vis.,WPX,,,,,,,,Z,,,,V517 OPH,VSS,STD,,,,,0.0,0.0
2450308.0083,11.193933828000004,,,Vis.,WPX,,,,,,,,Z,,,,V517 OPH,VSS,STD,,,,,0.0,0.0
2450309.2,10.909342290000001,,,Vis.,OB,,,,,,,,V,,,,V517 OPH,,STD,,,,,0.0,0.0
2450309.8632,10.909342290000001,,,Vis.,JA,,,,,,,,V,,,,V517 OPH,,STD,,,,,0.0,0.0
2450310.0278,11.099069982,,,Vis.,SRX,K,111,121.0,,,,,Z,,,,V517 OPH,,STD,,,,,0.0,0.0
2450310.2,10.909342290000001,,,Vis.,OB,,,,,,,,V,,,,V517 OPH,,STD,,,,,0.0,0.0
2450311.9847,11.099069982,,,Vis.,WPX,,,,,,,,Z,,,,V517 OPH,VSS,STD,,,,,0.0,0.0
2450312.2,10.909342290000001,,,Vis.,OB,,,,,,,,V,,,,V517 OPH,,STD,,,,,0.0,0.0
2450316.9444,10.814478444000002,,,Vis.,JA,,,,,,,,V,,,,V517 OPH,,STD,,,,,0.0,0.0
2450325.8583,11.38366152,,,Vis.,JA,,,,,,,,V,,,,V517 OPH,,STD,,,,,0.0,0.0
2450327.2,10.909342290000001,,,Vis.,OB,,,,,,,,V,,,,V517 OPH,,STD,,,,,0.0,0.0
2450327.9465,11.288797674000001,,,Vis.,SRX,K,,,,>12.1 [0.2],,,Z,,,,V517 OPH,,STD,,,,,0.0,0.0
2450328.2,10.909342290000001,,,Vis.,OB,,,,,,,,V,,,,V517 OPH,,STD,,,,,0.0,0.0
2450329.2,11.099069982,,,Vis.,OB,,,,,,,,V,,,,V517 OPH,,STD,,,,,0.0,0.0
2450330.2,11.193933828000004,,,Vis.,OB,,,,,,,,V,,,,V517 OPH,,STD,,,,,0.0,0.0
2450332.2,11.193933828000004,,,Vis.,OB,,,,,,,,V,,,,V517 OPH,,STD,,,,,0.0,0.0
2450332.8486,11.573389212,,,Vis.,JA,,,,,,,,V,,,,V517 OPH,,STD,,,,,0.0,0.0
2450333.2,11.193933828000004,,,Vis.,OB,,,,,,,,V,,,,V517 OPH,,STD,,,,,0.0,0.0
2450333.916,11.573389212,,,Vis.,WPX,,,,,,,,Z,,,,V517 OPH,VSS,STD,,,,,0.0,0.0
2450334.2,11.38366152,,,Vis.,OB,,,,,,,,V,,,,V517 OPH,,STD,,,,,0.0,0.0
2450335.2,11.288797674000001,,,Vis.,OB,,,,,,,,V,,,,V517 OPH,,STD,,,,,0.0,0.0
2450336.2,11.763116904,,,Vis.,OB,,,,,,,,V,,,,V517 OPH,,STD,,,,,0.0,0.0
2450336.9299,11.573389212,,,Vis.,WPX,,,,,,,,Z,,,,V517 OPH,VSS,STD,,,,,0.0,0.0
2450336.9438,11.573389212,,,Vis.,JA,,,,,,,,V,,,,V517 OPH,,STD,,,,,0.0,0.0
2450340.2,11.193933828000004,,,Vis.,OB,,,,,,,,V,,,,V517 OPH,,STD,,,,,0.0,0.0
2450340.8861,11.668253058000001,,,Vis.,JA,,,,,,,,V,,,,V517 OPH,,STD,,,,,0.0,0.0
2450342.2,11.38366152,,,Vis.,OB,,,,,,,,V,,,,V517 OPH,,STD,,,,,0.0,0.0
2450343.0403,11.952844595999998,,,Vis.,SRX,K,126,,,,,,V,,,,V517 OPH,,STD,,,,,0.0,0.0
2450346.8563,11.668253058000001,,,Vis.,JA,W,,,,,,,V,,,,V517 OPH,,STD,,,,,0.0,0.0
2450349.9424,11.573389212,,,Vis.,WPX,,,,,,,,Z,,,,V517 OPH,VSS,STD,,,,,0.0,0.0
2450350.9549,11.952844595999998,,,Vis.,SRX,KWZ,126,,,,,,Z,,,,V517 OPH,,STD,,,,,0.0,0.0
2450353.2,11.38366152,,,Vis.,OB,,,,,,,,V,,,,V517 OPH,,STD,,,,,0.0,0.0
2450356.2,12.047708442000003,,,Vis.,OB,,,,,,,,V,,,,V517 OPH,,STD,,,,,0.0,0.0
2450359.85,12.616891518,,,Vis.,JA,,,,,,,,V,,,,V517 OPH,,STD,,,,,0.0,0.0
2450360.9847,12.047708442000003,,,Vis.,SRX,KW,,,,<12.8,,,Z,,,,V517 OPH,,STD,,,,,0.0,0.0
2450363.9403,12.806619210000003,,,Vis.,SRX,K,,,,<13.6,,,V,,,,V517 OPH,,STD,,,,,0.0,0.0
2450364.9215,12.806619210000003,,,Vis.,SRX,K,,,,<13.6,,,Z,,,,V517 OPH,,STD,,,,,0.0,0.0
2450364.9556,12.806619210000003,,,Vis.,WPX,,,,,,,,Z,,,,V517 OPH,VSS,STD,,,,,0.0,0.0
2450366.9979,12.047708442000003,,,Vis.,SRX,KW,,,,<12.8,,,Z,,,,V517 OPH,,STD,,,,,0.0,0.0
2450368.9548,12.806619210000003,,,Vis.,WPX,,,,,,,,Z,,,,V517 OPH,VSS,STD,,,,,0.0,0.0
2450369.8514,12.901483056000002,,,Vis.,JA,,,,,,,,V,,,,V517 OPH,,STD,,,,,0.0,0.0
2450369.9521,12.806619210000003,,,Vis.,WPX,,,,,,,,Z,,,,V517 OPH,VSS,STD,,,,,0.0,0.0
2450370.9188,12.806619210000003,,,Vis.,SRX,K,,,,<13.6,,,Z,,,,V517 OPH,,STD,,,,,0.0,0.0
2450378.9243,12.047708442000003,,,Vis.,SRX,KWZ,,,,<12.8,,,V,,,,V517 OPH,,STD,,,,,0.0,0.0
2450387.9319,12.047708442000003,,,Vis.,SRX,K,,,,<12.8,,,Z,,,,V517 OPH,,STD,,,,,0.0,0.0
2450465.1493,11.38366152,,,Vis.,JA,,,,,,,,V,,,,V517 OPH,,STD,,,,,0.0,0.0
2450468.1507,11.668253058000001,,,Vis.,JA,,,,,,,,V,,,,V517 OPH,,STD,,,,,0.0,0.0
2450478.1653,11.38366152,,,Vis.,JA,W,,,,,,,V,,,,V517 OPH,,STD,,,,,0.0,0.0
2450481.1806,11.668253058000001,,,Vis.,JA,W,,,,,,,V,,,,V517 OPH,,STD,,,,,0.0,0.0
2450483.2174,12.616891518,,,Vis.,SRX,KW,,,,<13.4,,,V,,,,V517 OPH,,STD,,,,,0.0,0.0
2450486.1486,11.668253058000001,,,Vis.,JA,W,,,,,,,V,,,,V517 OPH,,STD,,,,,0.0,0.0
2450491.2014,12.616891518,,,Vis.,SRX,K,,,,<13.4,,,V,,,,V517 OPH,,STD,,,,,0.0,0.0
2450492.1972,12.616891518,,,Vis.,SRX,K,,,,<13.4,,,V,,,,V517 OPH,,STD,,,,,0.0,0.0
2450493.1472,12.616891518,,,Vis.,JA,,,,,,,,V,,,,V517 OPH,,STD,,,,,0.0,0.0
2450499.5,11.668253058000001,,,Vis.,OB,,,,,,,,V,,,,V517 OPH,,STD,,,,,0.0,0.0
2450500.1993,11.668253058000001,,,Vis.,JA,W,,,,,,,V,,,,V517 OPH,,STD,,,,,0.0,0.0
2450500.5,11.668253058000001,,,Vis.,OB,,,,,,,,V,,,,V517 OPH,,STD,,,,,0.0,0.0
2450512.1292,12.616891518,,,Vis.,SRX,K,,,,<13.4,,,V,,,,V517 OPH,,STD,,,,,0.0,0.0
2450514.1319,11.668253058000001,,,Vis.,JA,W,,,,,,,V,,,,V517 OPH,,STD,,,,,0.0,0.0
2450515.1306,12.616891518,,,Vis.,SRX,K,,,,<13.4,,,Z,,,,V517 OPH,,STD,,,,,0.0,0.0
2450518.2319,12.616891518,,,Vis.,SRX,K,,,,<13.4,,,Z,,,,V517 OPH,,STD,,,,,0.0,0.0
2450519.1417,12.616891518,,,Vis.,SRX,K,,,,<13.4,,,Z,,,,V517 OPH,,STD,,,,,0.0,0.0
2450521.1688,12.616891518,,,Vis.,JA,,,,,,,,V,,,,V517 OPH,,STD,,,,,0.0,0.0
2450522.1417,12.616891518,,,Vis.,SRX,K,,,,<13.4,,,Z,,,,V517 OPH,,STD,,,,,0.0,0.0
2450524.2035,12.616891518,,,Vis.,JA,,,,,,,,V,,,,V517 OPH,,STD,,,,,0.0,0.0
2450529.2896,12.616891518,,,Vis.,SRX,K,,,,<13.4,,,Z,,,,V517 OPH,,STD,,,,,0.0,0.0
2450537.1938,12.616891518,,,Vis.,SRX,KW,,,,<13.4,,,Z,,,,V517 OPH,,STD,,,,,0.0,0.0
2450538.5,11.668253058000001,,,Vis.,OB,,,,,,,,V,,,,V517 OPH,,STD,,,,,0.0,0.0
2450540.0826,12.616891518,,,Vis.,SRX,K,,,,<13.4,,,Z,,,,V517 OPH,,STD,,,,,0.0,0.0
2450543.0188,12.806619210000003,,,Vis.,WPX,,,,,,,,Z,,,,V517 OPH,VSS,STD,,,,,0.0,0.0
2450543.5,11.763116904,,,Vis.,OB,,,,,,,,V,,,,V517 OPH,,STD,,,,,0.0,0.0
2450545.5,12.33229998,,,Vis.,OB,,,,,,,,V,,,,V517 OPH,,STD,,,,,0.0,0.0
2450546.5,12.33229998,,,Vis.,OB,,,,,,,,V,,,,V517 OPH,,STD,,,,,0.0,0.0
2450547.941,12.047708442000003,,,Vis.,JA,,,,,,,,V,,,,V517 OPH,,STD,,,,,0.0,0.0
2450549.1382,12.616891518,,,Vis.,SRX,KW,,,,<13.4,,,V,,,,V517 OPH,,STD,,,,,0.0,0.0
2450549.2042,12.616891518,,,Vis.,JA,,,,,,,,V,,,,V517 OPH,,STD,,,,,0.0,0.0
2450550.6,12.33229998,,,Vis.,OB,,,,,,,,V,,,,V517 OPH,,STD,,,,,0.0,0.0
2450551.1563,12.616891518,,,Vis.,SRX,K,,,,<13.4,,,V,,,,V517 OPH,,STD,,,,,0.0,0.0
2450551.5,12.33229998,,,Vis.,OB,,,,,,,,V,,,,V517 OPH,,STD,,,,,0.0,0.0
2450552.1222,12.616891518,,,Vis.,SRX,K,,,,<13.4,,,V,,,,V517 OPH,,STD,,,,,0.0,0.0
2450552.2333,12.616891518,,,Vis.,JA,,,,,,,,V,,,,V517 OPH,,STD,,,,,0.0,0.0
2450552.5,12.33229998,,,Vis.,OB,,,,,,,,V,,,,V517 OPH,,STD,,,,,0.0,0.0
2450553.5,12.33229998,,,Vis.,OB,,,,,,,,V,,,,V517 OPH,,STD,,,,,0.0,0.0
2450555.1743,12.901483056000002,,,Vis.,SRX,KZ,,,,<13.4 [0.2],,,V,,,,V517 OPH,,STD,,,,,0.0,0.0
2450555.5,12.33229998,,,Vis.,OB,,,,,,,,V,,,,V517 OPH,,STD,,,,,0.0,0.0
2450556.1778,11.763116904,,,Vis.,JA,,,,,,,,V,,,,V517 OPH,,STD,,,,,0.0,0.0
2450556.5,12.33229998,,,Vis.,OB,,,,,,,,V,,,,V517 OPH,,STD,,,,,0.0,0.0
2450558.5,12.33229998,,,Vis.,OB,,,,,,,,V,,,,V517 OPH,,STD,,,,,0.0,0.0
2450562.4,12.33229998,,,Vis.,OB,,,,,,,,V,,,,V517 OPH,,STD,,,,,0.0,0.0
2450566.2,12.33229998,,,Vis.,OB,,,,,,,,V,,,,V517 OPH,,STD,,,,,0.0,0.0
2450567.5,12.33229998,,,Vis.,OB,,,,,,,,V,,,,V517 OPH,,STD,,,,,0.0,0.0
2450568.0167,13.091210748,,,Vis.,SRX,KZ,,,,<13.4 [0.4],,,Z,,,,V517 OPH,,STD,,,,,0.0,0.0
2450568.4,12.33229998,,,Vis.,OB,,,,,,,,V,,,,V517 OPH,,STD,,,,,0.0,0.0
2450568.9229,11.763116904,,,Vis.,JA,,,,,,,,V,,,,V517 OPH,,STD,,,,,0.0,0.0
2450569.5,12.33229998,,,Vis.,OB,,,,,,,,V,,,,V517 OPH,,STD,,,,,0.0,0.0
2450570.5,12.711755364000002,,,Vis.,OB,,,,,,,,V,,,,V517 OPH,,STD,,,,,0.0,0.0
2450571.5,12.711755364000002,,,Vis.,OB,,,,,,,,V,,,,V517 OPH,,STD,,,,,0.0,0.0
2450571.959,12.047708442000003,,,Vis.,JA,,,,,,,,V,,,,V517 OPH,,STD,,,,,0.0,0.0
2450573.5,12.711755364000002,,,Vis.,OB,,,,,,,,V,,,,V517 OPH,,STD,,,,,0.0,0.0
2450574.0146,12.901483056000002,,,Vis.,SRX,K,,,,>13.4 [0.2],,,Z,,,,V517 OPH,,STD,,,,,0.0,0.0
2450574.5,12.711755364000002,,,Vis.,OB,,,,,,,,V,,,,V517 OPH,,STD,,,,,0.0,0.0
2450575.9764,12.711755364000002,,,Vis.,SRX,K,134,,,,,,V,,,,V517 OPH,,STD,,,,,0.0,0.0
2450577.6,12.711755364000002,,,Vis.,OB,,,,,,,,V,,,,V517 OPH,,STD,,,,,0.0,0.0
2450578.2035,12.047708442000003,,,Vis.,JA,,,,,,,,V,,,,V517 OPH,,STD,,,,,0.0,0.0
2450578.6,12.711755364000002,,,Vis.,OB,,,,,,,,V,,,,V517 OPH,,STD,,,,,0.0,0.0
2450579.5,12.33229998,,,Vis.,OB,,,,,,,,V,,,,V517 OPH,,STD,,,,,0.0,0.0
2450580.5,12.33229998,,,Vis.,OB,,,,,,,,V,,,,V517 OPH,,STD,,,,,0.0,0.0
2450581.5,12.33229998,,,Vis.,OB,,,,,,,,V,,,,V517 OPH,,STD,,,,,0.0,0.0
2450582.5,12.33229998,,,Vis.,OB,,,,,,,,V,,,,V517 OPH,,STD,,,,,0.0,0.0
2450583.6,12.33229998,,,Vis.,OB,,,,,,,,V,,,,V517 OPH,,STD,,,,,0.0,0.0
2450584.2236,12.522027672,,,Vis.,SRX,K,,,,>13.4 [0.2],,,Z,,,,V517 OPH,,STD,,,,,0.0,0.0
2450584.4,12.33229998,,,Vis.,OB,,,,,,,,V,,,,V517 OPH,,STD,,,,,0.0,0.0
2450585.6,12.33229998,,,Vis.,OB,,,,,,,,V,,,,V517 OPH,,STD,,,,,0.0,0.0
2450586.5,12.33229998,,,Vis.,OB,,,,,,,,V,,,,V517 OPH,,STD,,,,,0.0,0.0
2450587.5,12.33229998,,,Vis.,OB,,,,,,,,V,,,,V517 OPH,,STD,,,,,0.0,0.0
2450588.0375,12.711755364000002,,,Vis.,SRX,KW,134,,,,,,Z,,,,V517 OPH,,STD,,,,,0.0,0.0
2450588.6,12.33229998,,,Vis.,OB,,,,,,,,V,,,,V517 OPH,,STD,,,,,0.0,0.0
2450594.9958,12.522027672,,,Vis.,SRX,KW,,,,>13.4 [0.2],,,Z,,,,V517 OPH,,STD,,,,,0.0,0.0
2450595.959,12.522027672,,,Vis.,SRX,K,,,,>13.4 [0.2],,,V,,,,V517 OPH,,STD,,,,,0.0,0.0
2450596.9958,11.952844595999998,,,Vis.,WPX,,,,,,,,Z,,,,V517 OPH,VSS,STD,,,,,0.0,0.0
2450597.9688,11.952844595999998,,,Vis.,WPX,,,,,,,,Z,,,,V517 OPH,VSS,STD,,,,,0.0,0.0
2450598.9632,12.33229998,,,Vis.,SRX,K,,,,>13.4 [0.4],,,V,,,,V517 OPH,,STD,,,,,0.0,0.0
2450600.9806,12.522027672,,,Vis.,SRX,K,,,,,,,Z,,,,V517 OPH,,STD,,,,,0.0,0.0
2450601.5,12.237436134000001,,,Vis.,OB,,,,,,,,V,,,,V517 OPH,,STD,,,,,0.0,0.0
2450602.5,12.047708442000003,,,Vis.,OB,,,,,,,,V,,,,V517 OPH,,STD,,,,,0.0,0.0
2450602.9417,12.047708442000003,,,Vis.,SRX,K,,,,,,,Z,,,,V517 OPH,,STD,,,,,0.0,0.0
2450603.5,11.952844595999998,,,Vis.,OB,,,,,,,,V,,,,V517 OPH,,STD,,,,,0.0,0.0
2450604.0125,11.668253058000001,,,Vis.,SRX,K,,,,,,,Z,,,,V517 OPH,,STD,,,,,0.0,0.0
2450604.5,11.952844595999998,,,Vis.,OB,,,,,,,,V,,,,V517 OPH,,STD,,,,,0.0,0.0
2450605.9764,11.857980750000001,,,Vis.,SRX,K,,,,,,,V,,,,V517 OPH,,STD,,,,,0.0,0.0
2450606.5,12.047708442000003,,,Vis.,OB,,,,,,,,V,,,,V517 OPH,,STD,,,,,0.0,0.0
2450606.9097,12.33229998,,,Vis.,WPX,,,,,,,,Z,,,,V517 OPH,VSS,STD,,,,,0.0,0.0
2450606.9264,12.047708442000003,,,Vis.,SRX,K,,,,,,,V,,,,V517 OPH,,STD,,,,,0.0,0.0
2450607.5,12.142572288000002,,,Vis.,OB,,,,,,,,V,,,,V517 OPH,,STD,,,,,0.0,0.0
2450608.5,12.142572288000002,,,Vis.,OB,,,,,,,,V,,,,V517 OPH,,STD,,,,,0.0,0.0
2450608.9049,12.33229998,,,Vis.,WPX,,,,,,,,Z,,,,V517 OPH,VSS,STD,,,,,0.0,0.0
2450609.4,11.857980750000001,,,Vis.,OB,,,,,,,,V,,,,V517 OPH,,STD,,,,,0.0,0.0
2450610.5,11.952844595999998,,,Vis.,OB,,,,,,,,V,,,,V517 OPH,,STD,,,,,0.0,0.0
2450612.5,11.952844595999998,,,Vis.,OB,,,,,,,,V,,,,V517 OPH,,STD,,,,,0.0,0.0
2450613.2,11.952844595999998,,,Vis.,OB,,,,,,,,V,,,,V517 OPH,,STD,,,,,0.0,0.0
2450614.2,11.952844595999998,,,Vis.,OB,,,,,,,,V,,,,V517 OPH,,STD,,,,,0.0,0.0
2450615.3,11.857980750000001,,,Vis.,OB,,,,,,,,V,,,,V517 OPH,,STD,,,,,0.0,0.0
2450616.2,11.478525366,,,Vis.,OB,,,,,,,,V,,,,V517 OPH,,STD,,,,,0.0,0.0
2450617.2,11.857980750000001,,,Vis.,OB,,,,,,,,V,,,,V517 OPH,,STD,,,,,0.0,0.0
2450621.9014,11.763116904,,,Vis.,SRX,KW,,,,,,,V,,,,V517 OPH,,STD,,,,,0.0,0.0
2450622.2,11.952844595999998,,,Vis.,OB,,,,,,,,V,,,,V517 OPH,,STD,,,,,0.0,0.0
2450623.2,11.952844595999998,,,Vis.,OB,,,,,,,,V,,,,V517 OPH,,STD,,,,,0.0,0.0
2450623.9153,11.668253058000001,,,Vis.,JA,,,,,,,,V,,,,V517 OPH,,STD,,,,,0.0,0.0
2450624.2,11.763116904,,,Vis.,OB,,,,,,,,V,,,,V517 OPH,,STD,,,,,0.0,0.0
2450625.4,11.857980750000001,,,Vis.,OB,,,,,,,,V,,,,V517 OPH,,STD,,,,,0.0,0.0
2450625.9097,11.857980750000001,,,Vis.,JA,,,,,,,,V,,,,V517 OPH,,STD,,,,,0.0,0.0
2450626.5,11.857980750000001,,,Vis.,OB,,,,,,,,V,,,,V517 OPH,,STD,,,,,0.0,0.0
2450627.2,11.857980750000001,,,Vis.,OB,,,,,,,,V,,,,V517 OPH,,STD,,,,,0.0,0.0
2450628.2,11.857980750000001,,,Vis.,OB,,,,,,,,V,,,,V517 OPH,,STD,,,,,0.0,0.0
2450629.2,11.857980750000001,,,Vis.,OB,,,,,,,,V,,,,V517 OPH,,STD,,,,,0.0,0.0
2450630.5,11.857980750000001,,,Vis.,OB,,,,,,,,V,,,,V517 OPH,,STD,,,,,0.0,0.0
2450631.4,11.668253058000001,,,Vis.,OB,,,,,,,,V,,,,V517 OPH,,STD,,,,,0.0,0.0
2450631.8847,11.857980750000001,,,Vis.,JA,,,,,,,,V,,,,V517 OPH,,STD,,,,,0.0,0.0
2450632.2,11.478525366,,,Vis.,OB,,,,,,,,V,,,,V517 OPH,,STD,,,,,0.0,0.0
2450633.2,11.478525366,,,Vis.,OB,,,,,,,,V,,,,V517 OPH,,STD,,,,,0.0,0.0
2450633.8868,11.668253058000001,,,Vis.,JA,,,,,,,,V,,,,V517 OPH,,STD,,,,,0.0,0.0
2450633.9368,11.573389212,,,Vis.,SRX,K,,,,,,,Z,,,,V517 OPH,,STD,,,,,0.0,0.0
2450634.2,11.478525366,,,Vis.,OB,,,,,,,,V,,,,V517 OPH,,STD,,,,,0.0,0.0
2450636.2,11.478525366,,,Vis.,OB,,,,,,,,V,,,,V517 OPH,,STD,,,,,0.0,0.0
2450637.2,11.478525366,,,Vis.,OB,,,,,,,,V,,,,V517 OPH,,STD,,,,,0.0,0.0
2450638.2,11.478525366,,,Vis.,OB,,,,,,,,V,,,,V517 OPH,,STD,,,,,0.0,0.0
2450638.9785,11.952844595999998,,,Vis.,WPX,,,,,,,,Z,,,,V517 OPH,VSS,STD,,,,,0.0,0.0
2450640.9278,11.763116904,,,Vis.,JA,,,,,,,,V,,,,V517 OPH,,STD,,,,,0.0,0.0
2450641.3,11.573389212,,,Vis.,OB,,,,,,,,V,,,,V517 OPH,,STD,,,,,0.0,0.0
2450641.8972,11.763116904,,,Vis.,WPX,,,,,,,,Z,,,,V517 OPH,VSS,STD,,,,,0.0,0.0
2450642.2,11.573389212,,,Vis.,OB,,,,,,,,V,,,,V517 OPH,,STD,,,,,0.0,0.0
2450643.2,11.573389212,,,Vis.,OB,,,,,,,,V,,,,V517 OPH,,STD,,,,,0.0,0.0
2450644.2,11.38366152,,,Vis.,OB,,,,,,,,V,,,,V517 OPH,,STD,,,,,0.0,0.0
2450645.9465,11.763116904,,,Vis.,WPX,,,,,,,,Z,,,,V517 OPH,VSS,STD,,,,,0.0,0.0
2450649.9424,11.38366152,,,Vis.,WPX,W,,,,FULL MOON,,,Z,,,,V517 OPH,VSS,STD,,,,,0.0,0.0
2450650.9326,11.38366152,,,Vis.,WPX,W,,,,FULL MOON,,,Z,,,,V517 OPH,VSS,STD,,,,,0.0,0.0
2450651.2,11.478525366,,,Vis.,OB,,,,,,,,V,,,,V517 OPH,,STD,,,,,0.0,0.0
2450652.2,11.38366152,,,Vis.,OB,,,,,,,,V,,,,V517 OPH,,STD,,,,,0.0,0.0
2450652.8535,12.047708442000003,,,Vis.,JA,,,,,,,,V,,,,V517 OPH,,STD,,,,,0.0,0.0
2450652.9319,11.763116904,,,Vis.,WPX,,,,,,,,Z,,,,V517 OPH,VSS,STD,,,,,0.0,0.0
2450653.2,11.288797674000001,,,Vis.,OB,,,,,,,,V,,,,V517 OPH,,STD,,,,,0.0,0.0
2450654.2,11.288797674000001,,,Vis.,OB,,,,,,,,V,,,,V517 OPH,,STD,,,,,0.0,0.0
2450655.3,11.38366152,,,Vis.,OB,,,,,,,,V,,,,V517 OPH,,STD,,,,,0.0,0.0
2450656.2,11.38366152,,,Vis.,OB,,,,,,,,V,,,,V517 OPH,,STD,,,,,0.0,0.0
2450657.9465,11.763116904,,,Vis.,WPX,,,,,,,,Z,,,,V517 OPH,VSS,STD,,,,,0.0,0.0
2450658.2,11.573389212,,,Vis.,OB,,,,,,,,V,,,,V517 OPH,,STD,,,,,0.0,0.0
2450658.9104,11.573389212,,,Vis.,SRX,K,,,,,,,V,,,,V517 OPH,,STD,,,,,0.0,0.0
2450659.9229,11.763116904,,,Vis.,WPX,,,,,,,,Z,,,,V517 OPH,VSS,STD,,,,,0.0,0.0
2450660.0188,11.763116904,,,Vis.,JA,,,,,,,,V,,,,V517 OPH,,STD,,,,,0.0,0.0
2450660.2,11.38366152,,,Vis.,OB,,,,,,,,V,,,,V517 OPH,,STD,,,,,0.0,0.0
2450661.2,11.478525366,,,Vis.,OB,,,,,,,,V,,,,V517 OPH,,STD,,,,,0.0,0.0
2450662.2,11.478525366,,,Vis.,OB,,,,,,,,V,,,,V517 OPH,,STD,,,,,0.0,0.0
2450662.9264,11.668253058000001,,,Vis.,JA,,,,,,,,V,,,,V517 OPH,,STD,,,,,0.0,0.0
2450663.2,11.38366152,,,Vis.,OB,,,,,,,,V,,,,V517 OPH,,STD,,,,,0.0,0.0
2450664.2,11.38366152,,,Vis.,OB,,,,,,,,V,,,,V517 OPH,,STD,,,,,0.0,0.0
2450664.8861,11.668253058000001,,,Vis.,JA,,,,,,,,V,,,,V517 OPH,,STD,,,,,0.0,0.0
2450664.9014,11.573389212,,,Vis.,SRX,K,,,,,,,V,,,,V517 OPH,,STD,,,,,0.0,0.0
2450665.2,11.38366152,,,Vis.,OB,,,,,,,,V,,,,V517 OPH,,STD,,,,,0.0,0.0
2450667.2,11.288797674000001,,,Vis.,OB,,,,,,,,V,,,,V517 OPH,,STD,,,,,0.0,0.0
2450668.2,11.288797674000001,,,Vis.,OB,,,,,,,,V,,,,V517 OPH,,STD,,,,,0.0,0.0
2450670.2,11.38366152,,,Vis.,OB,,,,,,,,V,,,,V517 OPH,,STD,,,,,0.0,0.0
2450671.2,11.38366152,,,Vis.,OB,,,,,,,,V,,,,V517 OPH,,STD,,,,,0.0,0.0
2450672.2,11.38366152,,,Vis.,OB,,,,,,,,V,,,,V517 OPH,,STD,,,,,0.0,0.0
2450672.9646,11.288797674000001,,,Vis.,WPX,,,,,,,,Z,,,,V517 OPH,VSS,STD,,,,,0.0,0.0
2450673.9667,11.288797674000001,,,Vis.,WPX,,,,,,,,Z,,,,V517 OPH,VSS,STD,,,,,0.0,0.0
2450678.9882,11.38366152,,,Vis.,WPX,W,,,,FULL MOON,,,Z,,,,V517 OPH,VSS,STD,,,,,0.0,0.0
2450681.2,11.38366152,,,Vis.,OB,,,,,,,,V,,,,V517 OPH,,STD,,,,,0.0,0.0
2450682.2,11.38366152,,,Vis.,OB,,,,,,,,V,,,,V517 OPH,,STD,,,,,0.0,0.0
2450682.8535,11.668253058000001,,,Vis.,JA,,,,,,,,V,,,,V517 OPH,,STD,,,,,0.0,0.0
2450683.2,11.38366152,,,Vis.,OB,,,,,,,,V,,,,V517 OPH,,STD,,,,,0.0,0.0
2450683.9111,11.38366152,,,Vis.,WPX,,,,,,,,Z,,,,V517 OPH,VSS,STD,,,,,0.0,0.0
2450688.2,11.478525366,,,Vis.,OB,,,,,,,,V,,,,V517 OPH,,STD,,,,,0.0,0.0
2450688.9389,11.668253058000001,,,Vis.,JA,,,,,,,,V,,,,V517 OPH,,STD,,,,,0.0,0.0
2450689.9153,11.478525366,,,Vis.,SRX,K,,,,,,,V,,,,V517 OPH,,STD,,,,,0.0,0.0
2450691.2,11.478525366,,,Vis.,OB,,,,,,,,V,,,,V517 OPH,,STD,,,,,0.0,0.0
2450693.2,11.38366152,,,Vis.,OB,,,,,,,,V,,,,V517 OPH,,STD,,,,,0.0,0.0
2450695.2,11.38366152,,,Vis.,OB,,,,,,,,V,,,,V517 OPH,,STD,,,,,0.0,0.0
2450697.9028,11.573389212,,,Vis.,JA,,,,,,,,V,,,,V517 OPH,,STD,,,,,0.0,0.0
2450698.9451,11.38366152,,,Vis.,WPX,,,,,,,,Z,,,,V517 OPH,VSS,STD,,,,,0.0,0.0
2450708.2,11.38366152,,,Vis.,OB,,,,,,,,V,,,,V517 OPH,,STD,,,,,0.0,0.0
2450712.2,11.573389212,,,Vis.,OB,,,,,,,,V,,,,V517 OPH,,STD,,,,,0.0,0.0
2450714.2,11.38366152,,,Vis.,OB,,,,,,,,V,,,,V517 OPH,,STD,,,,,0.0,0.0
2450715.9076,11.668253058000001,,,Vis.,JA,W,,,,,,,V,,,,V517 OPH,,STD,,,,,0.0,0.0
2450715.9444,11.478525366,,,Vis.,SRX,K,,,,,,,V,,,,V517 OPH,,STD,,,,,0.0,0.0
2450716.2,11.38366152,,,Vis.,OB,,,,,,,,V,,,,V517 OPH,,STD,,,,,0.0,0.0
2450717.2,11.38366152,,,Vis.,OB,,,,,,,,V,,,,V517 OPH,,STD,,,,,0.0,0.0
2450718.2,11.38366152,,,Vis.,OB,,,,,,,,V,,,,V517 OPH,,STD,,,,,0.0,0.0
2450719.2,11.38366152,,,Vis.,OB,,,,,,,,V,,,,V517 OPH,,STD,,,,,0.0,0.0
2450720.2,11.38366152,,,Vis.,OB,,,,,,,,V,,,,V517 OPH,,STD,,,,,0.0,0.0
2450720.9819,11.288797674000001,,,Vis.,WPX,,,,,,,,Z,,,,V517 OPH,VSS,STD,,,,,0.0,0.0
2450722.2,11.38366152,,,Vis.,OB,,,,,,,,V,,,,V517 OPH,,STD,,,,,0.0,0.0
2450722.9597,11.288797674000001,,,Vis.,WPX,,,,,,,,Z,,,,V517 OPH,VSS,STD,,,,,0.0,0.0
2450723.9049,11.668253058000001,,,Vis.,JA,,,,,,,,V,,,,V517 OPH,,STD,,,,,0.0,0.0
2450726.9285,11.38366152,,,Vis.,WPX,,,,,,,,Z,,,,V517 OPH,VSS,STD,,,,,0.0,0.0
2450732.9424,11.38366152,,,Vis.,WPX,,,,,FQ MOON,,,Z,,,,V517 OPH,VSS,STD,,,,,0.0,0.0
2450734.9569,11.38366152,,,Vis.,WPX,W,,,,MOON,,,Z,,,,V517 OPH,VSS,STD,,,,,0.0,0.0
2450735.9479,11.38366152,,,Vis.,WPX,W,,,,MOON,,,Z,,,,V517 OPH,VSS,STD,,,,,0.0,0.0
2450740.9188,11.288797674000001,,,Vis.,WPX,,,,,,,,Z,,,,V517 OPH,VSS,STD,,,,,0.0,0.0
2450742.859,11.573389212,,,Vis.,JA,,,,,,,,V,,,,V517 OPH,,STD,,,,,0.0,0.0
2450750.8729,11.478525366,,,Vis.,JA,W,,,,,,,V,,,,V517 OPH,,STD,,,,,0.0,0.0
2450754.8757,11.668253058000001,,,Vis.,JA,,,,,,,,V,,,,V517 OPH,,STD,,,,,0.0,0.0
2450847.1646,11.668253058000001,,,Vis.,JA,W,,,,,,,V,,,,V517 OPH,,STD,,,,,0.0,0.0
2450866.1507,11.763116904,,,Vis.,JA,W,,,,,,,V,,,,V517 OPH,,STD,,,,,0.0,0.0
2450867.5,11.668253058000001,,,Vis.,OB,,,,,,,,V,,,,V517 OPH,,STD,,,,,0.0,0.0
2450868.1542,13.091210748,,,Vis.,SRX,K,,,,,,,V,,,,V517 OPH,,STD,,,,,0.0,0.0
2450868.5,11.668253058000001,,,Vis.,OB,,,,,,,,V,,,,V517 OPH,,STD,,,,,0.0,0.0
2450871.1528,11.763116904,,,Vis.,JA,,,,,,,,V,,,,V517 OPH,,STD,,,,,0.0,0.0
2450877.1361,12.616891518,,,Vis.,JA,,,,,,,,V,,,,V517 OPH,,STD,,,,,0.0,0.0
2450880.2292,12.901483056000002,,,Vis.,SRX,K,,,,,,,V,,,,V517 OPH,,STD,,,,,0.0,0.0
2450883.5,11.668253058000001,,,Vis.,OB,,,,,,,,V,,,,V517 OPH,,STD,,,,,0.0,0.0
2450888.5,11.857980750000001,,,Vis.,OB,,,,,,,,V,,,,V517 OPH,,STD,,,,,0.0,0.0
2450889.5,11.857980750000001,,,Vis.,OB,,,,,,,,V,,,,V517 OPH,,STD,,,,,0.0,0.0
2450890.5,11.857980750000001,,,Vis.,OB,,,,,,,,V,,,,V517 OPH,,STD,,,,,0.0,0.0
2450897.1028,12.806619210000003,,,Vis.,SRX,K,,,,,,,Z,,,,V517 OPH,,STD,,,,,0.0,0.0
2450897.2056,11.763116904,,,Vis.,JA,,,,,,,,V,,,,V517 OPH,,STD,,,,,0.0,0.0
2450902.1694,12.711755364000002,,,Vis.,JA,,,,,,,,V,,,,V517 OPH,,STD,,,,,0.0,0.0
2450902.4,11.857980750000001,,,Vis.,OB,,,,,,,,V,,,,V517 OPH,,STD,,,,,0.0,0.0
2450904.5,11.857980750000001,,,Vis.,OB,,,,,,,,V,,,,V517 OPH,,STD,,,,,0.0,0.0
2450907.5,11.763116904,,,Vis.,OB,,,,,,,,V,,,,V517 OPH,,STD,,,,,0.0,0.0
2450908.5,11.763116904,,,Vis.,OB,,,,,,,,V,,,,V517 OPH,,STD,,,,,0.0,0.0
2450910.5,11.952844595999998,,,Vis.,OB,,,,,,,,V,,,,V517 OPH,,STD,,,,,0.0,0.0
2450911.1965,12.427163826,,,Vis.,JA,Z,,,,,,,V,,,,V517 OPH,,STD,,,,,0.0,0.0
2450911.5,11.668253058000001,,,Vis.,OB,,,,,,,,V,,,,V517 OPH,,STD,,,,,0.0,0.0
2450923.5,11.668253058000001,,,Vis.,OB,,,,,,,,V,,,,V517 OPH,,STD,,,,,0.0,0.0
2450923.9507,11.763116904,,,Vis.,JA,,,,,,,,V,,,,V517 OPH,,STD,,,,,0.0,0.0
2450924.6,11.857980750000001,,,Vis.,OB,,,,,,,,V,,,,V517 OPH,,STD,,,,,0.0,0.0
2450926.5,11.857980750000001,,,Vis.,OB,,,,,,,,V,,,,V517 OPH,,STD,,,,,0.0,0.0
2450927.4,11.857980750000001,,,Vis.,OB,,,,,,,,V,,,,V517 OPH,,STD,,,,,0.0,0.0
2450928.6,11.763116904,,,Vis.,OB,,,,,,,,V,,,,V517 OPH,,STD,,,,,0.0,0.0
2450930.5,11.763116904,,,Vis.,OB,,,,,,,,V,,,,V517 OPH,,STD,,,,,0.0,0.0
2450932.0055,12.806619210000003,,,Vis.,WPX,,,,,,,,Z,,,,V517 OPH,VSS,STD,,,,,0.0,0.0
2450932.5,11.763116904,,,Vis.,OB,,,,,,,,V,,,,V517 OPH,,STD,,,,,0.0,0.0
2450936.2021,12.616891518,,,Vis.,JA,,,,,,,,V,,,,V517 OPH,,STD,,,,,0.0,0.0
2450937.5,11.668253058000001,,,Vis.,OB,,,,,,,,V,,,,V517 OPH,,STD,,,,,0.0,0.0
2450938.4,11.668253058000001,,,Vis.,OB,,,,,,,,V,,,,V517 OPH,,STD,,,,,0.0,0.0
2450941.5,11.668253058000001,,,Vis.,OB,,,,,,,,V,,,,V517 OPH,,STD,,,,,0.0,0.0
2450941.9972,12.33229998,,,Vis.,WPX,,,,,,,,Z,,,,V517 OPH,VSS,STD,,,,,0.0,0.0
2450951.4,11.668253058000001,,,Vis.,OB,,,,,,,,V,,,,V517 OPH,,STD,,,,,0.0,0.0
2450956.9625,12.711755364000002,,,Vis.,WPX,,,,,,,,Z,,,,V517 OPH,VSS,STD,,,,,0.0,0.0
2450957.3,12.522027672,,,Vis.,MLF,,,,,,,,V,,,,V517 OPH,,STD,,,,,0.0,0.0
2450957.5,11.668253058000001,,,Vis.,OB,,,,,,,,V,,,,V517 OPH,,STD,,,,,0.0,0.0
2450957.9229,11.763116904,,,Vis.,JA,,,,,,,,V,,,,V517 OPH,,STD,,,,,0.0,0.0
2450957.9292,12.806619210000003,,,Vis.,WPX,,,,,,,,Z,,,,V517 OPH,VSS,STD,,,,,0.0,0.0
2450959.4,11.952844595999998,,,Vis.,OB,,,,,,,,V,,,,V517 OPH,,STD,,,,,0.0,0.0
2450959.9743,12.616891518,,,Vis.,WPX,,,,,,,,Z,,,,V517 OPH,VSS,STD,,,,,0.0,0.0
2450960.5,11.952844595999998,,,Vis.,OB,,,,,,,,V,,,,V517 OPH,,STD,,,,,0.0,0.0
2450961.5,11.952844595999998,,,Vis.,OB,,,,,,,,V,,,,V517 OPH,,STD,,,,,0.0,0.0
2450964.4,11.952844595999998,,,Vis.,OB,,,,,,,,V,,,,V517 OPH,,STD,,,,,0.0,0.0
2450964.9188,12.142572288000002,,,Vis.,JA,,,,,,,,V,,,,V517 OPH,,STD,,,,,0.0,0.0
2450967.4,11.763116904,,,Vis.,OB,,,,,,,,V,,,,V517 OPH,,STD,,,,,0.0,0.0
2450971.5,11.763116904,,,Vis.,OB,,,,,,,,V,,,,V517 OPH,,STD,,,,,0.0,0.0
2450976.9361,11.952844595999998,,,Vis.,WPX,,,,,,,,Z,,,,V517 OPH,VSS,STD,,,,,0.0,0.0
2450978.9382,11.763116904,,,Vis.,WPX,,,,,,,,Z,,,,V517 OPH,VSS,STD,,,,,0.0,0.0
2450980.9528,11.857980750000001,,,Vis.,WPX,,,,,,,,Z,,,,V517 OPH,VSS,STD,,,,,0.0,0.0
2450982.4,11.857980750000001,,,Vis.,OB,,,,,,,,V,,,,V517 OPH,,STD,,,,,0.0,0.0
2450982.9125,11.857980750000001,,,Vis.,JA,,,,,,,,V,,,,V517 OPH,,STD,,,,,0.0,0.0
2450982.9361,11.763116904,,,Vis.,WPX,,,,,,,,Z,,,,V517 OPH,VSS,STD,,,,,0.0,0.0
2450983.4,11.857980750000001,,,Vis.,OB,,,,,,,,V,,,,V517 OPH,,STD,,,,,0.0,0.0
2450984.3,11.857980750000001,,,Vis.,OB,,,,,,,,V,,,,V517 OPH,,STD,,,,,0.0,0.0
2450986.3,11.952844595999998,,,Vis.,MLF,,,,,,,,V,,,,V517 OPH,,STD,,,,,0.0,0.0
2450987.4,11.857980750000001,,,Vis.,OB,,,,,,,,V,,,,V517 OPH,,STD,,,,,0.0,0.0
2450989.5,11.668253058000001,,,Vis.,OB,,,,,,,,V,,,,V517 OPH,,STD,,,,,0.0,0.0
2450990.9514,11.763116904,,,Vis.,WPX,,,,,,,,Z,,,,V517 OPH,VSS,STD,,,,,0.0,0.0
2450992.4,11.573389212,,,Vis.,OB,,,,,,,,V,,,,V517 OPH,,STD,,,,,0.0,0.0
2450992.9167,11.763116904,,,Vis.,WPX,,,,,,,,Z,,,,V517 OPH,VSS,STD,,,,,0.0,0.0
2450996.5,11.573389212,,,Vis.,OB,,,,,,,,V,,,,V517 OPH,,STD,,,,,0.0,0.0
2450996.9618,11.763116904,,,Vis.,WPX,,,,,,,,Z,,,,V517 OPH,VSS,STD,,,,,0.0,0.0
2450998.1771,11.763116904,,,Vis.,JA,,,,,,,,V,,,,V517 OPH,,STD,,,,,0.0,0.0
2450998.9097,11.763116904,,,Vis.,WPX,,,,,,,,Z,,,,V517 OPH,VSS,STD,,,,,0.0,0.0
2451002.9701,11.763116904,,,Vis.,WPX,,,,,,,,Z,,,,V517 OPH,VSS,STD,,,,,0.0,0.0
2451005.9027,11.763116904,,,Vis.,WPX,,,,,,,,Z,,,,V517 OPH,VSS,STD,,,,,0.0,0.0
2451011.916,11.288797674000001,,,Vis.,JA,,,,,,,,V,,,,V517 OPH,,STD,,,,,0.0,0.0
2451012.2,11.478525366,,,Vis.,MLF,,,,,,,,V,,,,V517 OPH,,STD,,,,,0.0,0.0
2451013.2,11.763116904,,,Vis.,OB,,,,,,,,V,,,,V517 OPH,,STD,,,,,0.0,0.0
2451014.2,11.857980750000001,,,Vis.,OB,,,,,,,,V,,,,V517 OPH,,STD,,,,,0.0,0.0
2451015.2,11.668253058000001,,,Vis.,OB,,,,,,,,V,,,,V517 OPH,,STD,,,,,0.0,0.0
2451015.9694,11.288797674000001,,,Vis.,WPX,,,,,,,,Z,,,,V517 OPH,VSS,STD,,,,,0.0,0.0
2451017.9431,11.478525366,,,Vis.,JA,,,,,,,,V,,,,V517 OPH,,STD,,,,,0.0,0.0
2451017.9556,11.288797674000001,,,Vis.,WPX,,,,,,,,Z,,,,V517 OPH,VSS,STD,,,,,0.0,0.0
2451019.2,11.38366152,,,Vis.,OB,,,,,,,,V,,,,V517 OPH,,STD,,,,,0.0,0.0
2451020.9201,11.38366152,,,Vis.,JA,,,,,,,,V,,,,V517 OPH,,STD,,,,,0.0,0.0
2451021.9278,11.478525366,,,Vis.,JA,,,,,,,,V,,,,V517 OPH,,STD,,,,,0.0,0.0
2451023.9507,11.288797674000001,,,Vis.,WPX,,,,,,,,Z,,,,V517 OPH,VSS,STD,,,,,0.0,0.0
2451024.9451,11.193933828000004,,,Vis.,WPX,,,,,,,,Z,,,,V517 OPH,VSS,STD,,,,,0.0,0.0
2451035.2,11.193933828000004,,,Vis.,OB,,,,,,,,V,,,,V517 OPH,,STD,,,,,0.0,0.0
2451036.2,11.288797674000001,,,Vis.,OB,,,,,,,,V,,,,V517 OPH,,STD,,,,,0.0,0.0
2451037.2,11.193933828000004,,,Vis.,OB,,,,,,,,V,,,,V517 OPH,,STD,,,,,0.0,0.0
2451038.2,11.288797674000001,,,Vis.,OB,,,,,,,,V,,,,V517 OPH,,STD,,,,,0.0,0.0
2451039.2,11.193933828000004,,,Vis.,OB,,,,,,,,V,,,,V517 OPH,,STD,,,,,0.0,0.0
2451040.2,11.193933828000004,,,Vis.,OB,,,,,,,,V,,,,V517 OPH,,STD,,,,,0.0,0.0
2451040.859,11.38366152,,,Vis.,JA,,,,,,,,V,,,,V517 OPH,,STD,,,,,0.0,0.0
2451041.2,11.193933828000004,,,Vis.,OB,,,,,,,,V,,,,V517 OPH,,STD,,,,,0.0,0.0
2451042.2,11.193933828000004,,,Vis.,OB,,,,,,,,V,,,,V517 OPH,,STD,,,,,405.7321432227248,556.3694600228437
2451043.2,11.193933828000004,,,Vis.,OB,,,,,,,,V,,,,V517 OPH,,STD,,,,,405.7321432227248,556.3694600228437
2451046.9146,11.38366152,,,Vis.,JA,,,,,,,,V,,,,V517 OPH,,STD,,,,,405.7321432227248,556.3694600228437
2451048.0083,11.288797674000001,,,Vis.,WPX,,,,,,,,Z,,,,V517 OPH,VSS,STD,,,,,405.7321432227248,556.3694600228437
2451048.9389,11.288797674000001,,,Vis.,WPX,,,,,,,,Z,,,,V517 OPH,VSS,STD,,,,,405.7321432227248,556.3694600228437
2451049.9535,11.193933828000004,,,Vis.,WPX,,,,,,,,Z,,,,V517 OPH,VSS,STD,,,,,405.7321432227248,556.3694600228437
2451050.3,11.38366152,,,Vis.,OB,,,,,,,,V,,,,V517 OPH,,STD,,,,,405.7321432227248,556.3694600228437
2451054.9319,11.193933828000004,,,Vis.,WPX,,,,,,,,Z,,,,V517 OPH,VSS,STD,,,,,405.7321432227248,556.3694600228437
2451055.941,11.193933828000004,,,Vis.,WPX,,,,,,,,Z,,,,V517 OPH,VSS,STD,,,,,405.7321432227248,556.3694600228437
2451058.2,11.193933828000004,,,Vis.,OB,,,,,,,,V,,,,V517 OPH,,STD,,,,,405.7321432227248,556.3694600228437
2451062.9306,11.288797674000001,,,Vis.,WPX,,,,,,,,Z,,,,V517 OPH,VSS,STD,,,,,405.7321432227248,556.3694600228437
2451064.859,11.573389212,,,Vis.,JA,W,,,,,,,V,,,,V517 OPH,,STD,,,,,405.7321432227248,556.3694600228437
2451071.2,11.193933828000004,,,Vis.,OB,,,,,,,,V,,,,V517 OPH,,STD,,,,,405.7321432227248,556.3694600228437
2451071.344,11.193933828000004,,,Vis.,HJN,,,,,,,,V,,,,V517 OPH,,STD,,,,,405.7321432227248,556.3694600228437
2451072.2,11.193933828000004,,,Vis.,MLF,,,,,,,,V,,,,V517 OPH,,STD,,,,,405.7321432227248,556.3694600228437
2451073.9813,11.193933828000004,,,Vis.,SRX,K,,,,,,,Z,,,,V517 OPH,,STD,,,,,405.7321432227248,556.3694600228437
2451075.2,11.099069982,,,Vis.,OB,,,,,,,,V,,,,V517 OPH,,STD,,,,,405.7321432227248,556.3694600228437
2451075.9264,11.099069982,,,Vis.,JA,,,,,,,,V,,,,V517 OPH,,STD,,,,,405.7321432227248,556.3694600228437
2451077.2,11.38366152,,,Vis.,OB,,,,,,,,V,,,,V517 OPH,,STD,,,,,405.7321432227248,556.3694600228437
2451078.2,11.004206136,,,Vis.,OB,,,,,,,,V,,,,V517 OPH,,STD,,,,,405.7321432227248,556.3694600228437
2451078.8882,11.288797674000001,,,Vis.,JA,,,,,,,,V,,,,V517 OPH,,STD,,,,,405.7321432227248,556.3694600228437
2451080.2,11.193933828000004,,,Vis.,OB,,,,,,,,V,,,,V517 OPH,,STD,,,,,405.7321432227248,556.3694600228437
2451080.9104,11.288797674000001,,,Vis.,SRX,K,,,,,,,Z,,,,V517 OPH,,STD,,,,,405.7321432227248,556.3694600228437
2451081.2,11.193933828000004,,,Vis.,MLF,,,,,,,,V,,,,V517 OPH,,STD,,,,,405.7321432227248,556.3694600228437
2451082.2,11.193933828000004,,,Vis.,OB,,,,,,,,V,,,,V517 OPH,,STD,,,,,405.7321432227248,556.3694600228437
2451099.943,11.288797674000001,,,Vis.,WPX,,,,,,,,Z,,,,V517 OPH,VSS,STD,,,,,405.7321432227248,556.3694600228437
2451102.8549,11.193933828000004,,,Vis.,JA,,,,,,,,V,,,,V517 OPH,,STD,,,,,405.7321432227248,556.3694600228437
2451102.9153,11.193933828000004,,,Vis.,WPX,,,,,,,,Z,,,,V517 OPH,VSS,STD,,,,,405.7321432227248,556.3694600228437
2451109.8674,11.288797674000001,,,Vis.,JA,Z,,,,,,,V,,,,V517 OPH,,STD,,,,,405.7321432227248,556.3694600228437
2451204.1514,10.909342290000001,,,Vis.,JA,W,,,,,,,V,,,,V517 OPH,,STD,,,,,405.7321432227248,556.3694600228437
2451221.1251,11.099069982,,,Vis.,JA,,,,,,,,V,,,,V517 OPH,,STD,,,,,405.7321432227248,556.3694600228437
2451227.5,10.909342290000001,,,Vis.,OB,,,,,,,,V,,,,V517 OPH,,STD,,,,,405.7321432227248,556.3694600228437
2451231.1479,10.719614597999998,,,Vis.,JA,,,,,,,,V,,,,V517 OPH,,STD,,,,,405.7321432227248,556.3694600228437
2451231.5,10.909342290000001,,,Vis.,OB,,,,,,,,V,,,,V517 OPH,,STD,,,,,405.7321432227248,556.3694600228437
2451232.5,10.909342290000001,,,Vis.,OB,,,,,,,,V,,,,V517 OPH,,STD,,,,,405.7321432227248,556.3694600228437
2451233.5,11.004206136,,,Vis.,OB,,,,,,,,V,,,,V517 OPH,,STD,,,,,405.7321432227248,556.3694600228437
2451236.5,11.004206136,,,Vis.,OB,,,,,,,,V,,,,V517 OPH,,STD,,,,,405.7321432227248,556.3694600228437
2451237.5,11.004206136,,,Vis.,OB,,,,,,,,V,,,,V517 OPH,,STD,,,,,0.0,0.0
2451238.1979,10.909342290000001,,,Vis.,JA,,,,,,,,V,,,,V517 OPH,,STD,,,,,405.7321432227248,556.3694600228437
2451241.4,11.004206136,,,Vis.,OB,,,,,,,,V,,,,V517 OPH,,STD,,,,,405.7321432227248,556.3694600228437
2451242.5,11.004206136,,,Vis.,OB,,,,,,,,V,,,,V517 OPH,,STD,,,,,405.7321432227248,556.3694600228437
2451245.4,10.909342290000001,,,Vis.,OB,,,,,,,,V,,,,V517 OPH,,STD,,,,,0.0,0.0
2451246.5,10.909342290000001,,,Vis.,OB,,,,,,,,V,,,,V517 OPH,,STD,,,,,405.7321432227248,556.3694600228437
2451247.4,10.909342290000001,,,Vis.,OB,,,,,,,,V,,,,V517 OPH,,STD,,,,,405.7321432227248,556.3694600228437
2451250.5,10.909342290000001,,,Vis.,OB,,,,,,,,V,,,,V517 OPH,,STD,,,,,405.7321432227248,556.3694600228437
2451252.141,10.719614597999998,,,Vis.,JA,,,,,,,,V,,,,V517 OPH,,STD,,,,,405.7321432227248,556.3694600228437
2451253.6,10.909342290000001,,,Vis.,OB,,,,,,,,V,,,,V517 OPH,,STD,,,,,405.7321432227248,556.3694600228437
2451254.6,10.909342290000001,,,Vis.,OB,,,,,,,,V,,,,V517 OPH,,STD,,,,,405.7321432227248,556.3694600228437
2451255.5,10.909342290000001,,,Vis.,OB,,,,,,,,V,,,,V517 OPH,,STD,,,,,405.7321432227248,556.3694600228437
2451257.1632,11.004206136,,,Vis.,JA,,,,,,,,V,,,,V517 OPH,,STD,,,,,405.7321432227248,556.3694600228437
2451257.5,10.909342290000001,,,Vis.,OB,,,,,,,,V,,,,V517 OPH,,STD,,,,,405.7321432227248,556.3694600228437
2451263.625,10.529886906,,,Vis.,OB,,,,,,,,V,,,,V517 OPH,,STD,,,,,405.7321432227248,556.3694600228437
2451265.1694,10.814478444000002,,,Vis.,JA,,,,,,,,V,,,,V517 OPH,,STD,,,,,405.7321432227248,556.3694600228437
2451270.5,11.004206136,,,Vis.,OB,,,,,,,,V,,,,V517 OPH,,STD,,,,,405.7321432227248,556.3694600228437
2451271.5,11.004206136,,,Vis.,OB,,,,,,,,V,,,,V517 OPH,,STD,,,,,405.7321432227248,556.3694600228437
2451272.5,11.004206136,,,Vis.,OB,,,,,,,,V,,,,V517 OPH,,STD,,,,,405.7321432227248,556.3694600228437
2451277.5,10.909342290000001,,,Vis.,OB,,,,,,,,V,,,,V517 OPH,,STD,,,,,405.7321432227248,556.3694600228437
2451279.191,11.099069982,,,Vis.,JA,,,,,,,,V,,,,V517 OPH,,STD,,,,,405.7321432227248,556.3694600228437
2451281.2319,11.478525366,,,Vis.,JA,,,,,,,,V,,,,V517 OPH,,STD,,,,,0.0,0.0
2451283.4,10.909342290000001,,,Vis.,OB,,,,,,,,V,,,,V517 OPH,,STD,,,,,405.7321432227248,556.3694600228437
2451288.0243,10.719614597999998,,,Vis.,WPX,,,,,,,,Z,,,,V517 OPH,VSS,STD,,,,,405.7321432227248,556.3694600228437
2451288.1868,10.529886906,,,Vis.,JA,,,,,,,,V,,,,V517 OPH,,STD,,,,,405.7321432227248,556.3694600228437
2451288.3,10.909342290000001,,,Vis.,OB,,,,,,,,V,,,,V517 OPH,,STD,,,,,405.7321432227248,556.3694600228437
2451289.2375,10.340159214000003,,,Vis.,JA,,,,,,,,V,,,,V517 OPH,,STD,,,,,405.7321432227248,556.3694600228437
2451290.3,10.909342290000001,,,Vis.,OB,,,,,,,,V,,,,V517 OPH,,STD,,,,,405.7321432227248,556.3694600228437
2451291.2431,10.624750751999999,,,Vis.,JA,,,,,,,,V,,,,V517 OPH,,STD,,,,,405.7321432227248,556.3694600228437
2451295.2326,10.719614597999998,,,Vis.,JA,,,,,,,,V,,,,V517 OPH,,STD,,,,,405.7321432227248,556.3694600228437
2451304.9278,10.814478444000002,,,Vis.,JA,,,,,,,,V,,,,V517 OPH,,STD,,,,,405.7321432227248,556.3694600228437
2451308.5,10.909342290000001,,,Vis.,OB,,,,,,,,V,,,,V517 OPH,,STD,,,,,405.7321432227248,556.3694600228437
2451309.5,10.909342290000001,,,Vis.,OB,,,,,,,,V,,,,V517 OPH,,STD,,,,,405.7321432227248,556.3694600228437
2451310.5,10.814478444000002,,,Vis.,OB,,,,,,,,V,,,,V517 OPH,,STD,,,,,405.7321432227248,556.3694600228437
2451312.5,10.814478444000002,,,Vis.,OB,,,,,,,,V,,,,V517 OPH,,STD,,,,,405.7321432227248,556.3694600228437
2451315.5,11.004206136,,,Vis.,OB,,,,,,,,V,,,,V517 OPH,,STD,,,,,405.7321432227248,556.3694600228437
2451317.5,11.004206136,,,Vis.,OB,,,,,,,,V,,,,V517 OPH,,STD,,,,,405.7321432227248,556.3694600228437
2451317.9417,11.099069982,,,Vis.,WPX,,,,,,,,Z,,,,V517 OPH,VSS,STD,,,,,405.7321432227248,556.3694600228437
2451318.2069,10.624750751999999,,,Vis.,JA,,,,,,,,V,,,,V517 OPH,,STD,,,,,405.7321432227248,556.3694600228437
2451321.2049,10.719614597999998,,,Vis.,JA,,,,,,,,V,,,,V517 OPH,,STD,,,,,405.7321432227248,556.3694600228437
2451323.5,11.099069982,,,Vis.,OB,,,,,,,,V,,,,V517 OPH,,STD,,,,,405.7321432227248,556.3694600228437
2451323.9861,11.099069982,,,Vis.,WPX,,,,,,,,Z,,,,V517 OPH,VSS,STD,,,,,405.7321432227248,556.3694600228437
2451330.9458,11.099069982,,,Vis.,WPX,,,,,,,,Z,,,,V517 OPH,VSS,STD,,,,,405.7321432227248,556.3694600228437
2451334.5,11.193933828000004,,,Vis.,OB,,,,,,,,V,,,,V517 OPH,,STD,,,,,405.7321432227248,556.3694600228437
2451335.5,11.099069982,,,Vis.,OB,,,,,,,,V,,,,V517 OPH,,STD,,,,,405.7321432227248,556.3694600228437
2451335.9868,10.909342290000001,,,Vis.,JA,,,,,,,,V,,,,V517 OPH,,STD,,,,,405.7321432227248,556.3694600228437
2451337.5,11.004206136,,,Vis.,OB,,,,,,,,V,,,,V517 OPH,,STD,,,,,405.7321432227248,556.3694600228437
2451340.4,11.099069982,,,Vis.,OB,,,,,,,,V,,,,V517 OPH,,STD,,,,,405.7321432227248,556.3694600228437
2451340.9944,11.099069982,,,Vis.,WPX,,,,,,,,Z,,,,V517 OPH,VSS,STD,,,,,405.7321432227248,556.3694600228437
2451342.9465,11.099069982,,,Vis.,WPX,,,,,,,,Z,,,,V517 OPH,VSS,STD,,,,,405.7321432227248,556.3694600228437
2451344.4,10.529886906,,,Vis.,OB,,,,,,,,V,,,,V517 OPH,,STD,,,,,405.7321432227248,556.3694600228437
2451344.9604,11.099069982,,,Vis.,WPX,,,,,,,,Z,,,,V517 OPH,VSS,STD,,,,,405.7321432227248,556.3694600228437
2451345.5,10.435023060000002,,,Vis.,OB,,,,,,,,V,,,,V517 OPH,,STD,,,,,405.7321432227248,556.3694600228437
2451345.9597,11.099069982,,,Vis.,WPX,,,,,,,,Z,,,,V517 OPH,VSS,STD,,,,,405.7321432227248,556.3694600228437
2451346.9715,10.909342290000001,,,Vis.,JA,,,,,,,,V,,,,V517 OPH,,STD,,,,,405.7321432227248,556.3694600228437
2451347.3,10.719614597999998,,,Vis.,OB,,,,,,,,V,,,,V517 OPH,,STD,,,,,405.7321432227248,556.3694600228437
2451349.5,11.004206136,,,Vis.,OB,,,,,,,,V,,,,V517 OPH,,STD,,,,,405.7321432227248,556.3694600228437
2451349.9424,11.193933828000004,,,Vis.,WPX,,,,,,,,Z,,,,V517 OPH,VSS,STD,,,,,0.0,0.0
2451350.8958,11.099069982,,,Vis.,WPX,,,,,,,,Z,,,,V517 OPH,VSS,STD,,,,,405.7321432227248,556.3694600228437
2451351.6,11.099069982,,,Vis.,OB,,,,,,,,V,,,,V517 OPH,,STD,,,,,405.7321432227248,556.3694600228437
2451362.9278,11.099069982,,,Vis.,WPX,,,,,,,,Z,,,,V517 OPH,VSS,STD,,,,,-9999.99,-9999.99
2451363.3,11.004206136,,,Vis.,OB,,,,,,,,V,,,,V517 OPH,,STD,,,,,405.7321432227248,556.3694600228437
2451363.8964,11.004206136,,,Vis.,WPX,,,,,,,,Z,,,,V517 OPH,VSS,STD,,,,,0.0,0.0
2451364.2,11.004206136,,,Vis.,OB,,,,,,,,V,,,,V517 OPH,,STD,,,,,405.7321432227248,556.3694600228437
2451364.8514,10.814478444000002,,,Vis.,JA,,,,,,,,V,,,,V517 OPH,,STD,,,,,0.0,0.0
2451368.2,11.004206136,,,Vis.,OB,,,,,,,,V,,,,V517 OPH,,STD,,,,,405.7321432227248,556.3694600228437
2451369.4,11.004206136,,,Vis.,OB,,,,,,,,V,,,,V517 OPH,,STD,,,,,405.7321432227248,556.3694600228437
2451372.4,11.004206136,,,Vis.,OB,,,,,,,,V,,,,V517 OPH,,STD,,,,,-9999.99,-9999.99
2451373.4,11.004206136,,,Vis.,OB,,,,,,,,V,,,,V517 OPH,,STD,,,,,0.0,0.0
2451373.9632,10.909342290000001,,,Vis.,JA,,,,,,,,V,,,,V517 OPH,,STD,,,,,0.0,0.0
2451376.2,11.004206136,,,Vis.,OB,,,,,,,,V,,,,V517 OPH,,STD,,,,,405.7321432227248,556.3694600228437
2451377.2,11.004206136,,,Vis.,OB,,,,,,,,V,,,,V517 OPH,,STD,,,,,405.7321432227248,556.3694600228437
2451379.9951,11.004206136,,,Vis.,WPX,,,,,,,,Z,,,,V517 OPH,VSS,STD,,,,,405.7321432227248,556.3694600228437
2451380.2,11.004206136,,,Vis.,OB,,,,,,,,V,,,,V517 OPH,,STD,,,,,405.7321432227248,556.3694600228437
2451389.7903,10.814478444000002,,,Vis.,JA,,,,,,,,V,,,,V517 OPH,,STD,,,,,-9999.99,-9999.99
2451391.2,11.004206136,,,Vis.,OB,,,,,,,,V,,,,V517 OPH,,STD,,,,,0.0,0.0
2451392.2,11.004206136,,,Vis.,OB,,,,,,,,V,,,,V517 OPH,,STD,,,,,0.0,0.0
2451392.991,11.099069982,,,Vis.,WPX,,,,,,,,Z,,,,V517 OPH,VSS,STD,,,,,0.0,0.0
2451394.2,11.099069982,,,Vis.,OB,,,,,,,,V,,,,V517 OPH,,STD,,,,,405.7321432227248,556.3694600228437
2451394.9778,11.099069982,,,Vis.,WPX,,,,,,,,Z,,,,V517 OPH,VSS,STD,,,,,405.7321432227248,556.3694600228437
2451395.2,11.099069982,,,Vis.,OB,,,,,,,,V,,,,V517 OPH,,STD,,,,,405.7321432227248,556.3694600228437
2451396.2,11.193933828000004,,,Vis.,OB,,,,,,,,V,,,,V517 OPH,,STD,,,,,405.7321432227248,556.3694600228437
2451396.966,11.004206136,,,Vis.,JA,,,,,,,,V,,,,V517 OPH,,STD,,,,,405.7321432227248,556.3694600228437
2451397.2,11.193933828000004,,,Vis.,OB,,,,,,,,V,,,,V517 OPH,,STD,,,,,0.0,0.0
2451398.2,11.004206136,,,Vis.,OB,,,,,,,,V,,,,V517 OPH,,STD,,,,,405.7321432227248,556.3694600228437
2451399.3,11.193933828000004,,,Vis.,OB,,,,,,,,V,,,,V517 OPH,,STD,,,,,405.7321432227248,556.3694600228437
2451400.0097,11.099069982,,,Vis.,WPX,,,,,,,,Z,,,,V517 OPH,VSS,STD,,,,,405.7321432227248,556.3694600228437
2451400.9646,11.099069982,,,Vis.,WPX,,,,,,,,Z,,,,V517 OPH,VSS,STD,,,,,405.7321432227248,556.3694600228437
2451401.9542,11.099069982,,,Vis.,WPX,,,,,,,,Z,,,,V517 OPH,VSS,STD,,,,,405.7321432227248,556.3694600228437
2451405.2,11.288797674000001,,,Vis.,OB,,,,,,,,V,,,,V517 OPH,,STD,,,,,405.7321432227248,556.3694600228437
2451405.9271,11.099069982,,,Vis.,WPX,,,,,,,,Z,,,,V517 OPH,VSS,STD,,,,,405.7321432227248,556.3694600228437
2451406.2,11.193933828000004,,,Vis.,OB,,,,,,,,V,,,,V517 OPH,,STD,,,,,405.7321432227248,556.3694600228437
2451406.9451,11.099069982,,,Vis.,WPX,,,,,,,,Z,,,,V517 OPH,VSS,STD,,,,,405.7321432227248,556.3694600228437
2451408.9028,11.288797674000001,,,Vis.,JA,,,,,,,,V,,,,V517 OPH,,STD,,,,,405.7321432227248,556.3694600228437
2451421.2,11.668253058000001,,,Vis.,OB,,,,,,,,V,,,,V517 OPH,,STD,,,,,405.7321432227248,556.3694600228437
2451421.9792,11.573389212,,,Vis.,WPX,,,,,,,,Z,,,,V517 OPH,VSS,STD,,,,,405.7321432227248,556.3694600228437
2451422.2,11.478525366,,,Vis.,OB,,,,,,,,V,,,,V517 OPH,,STD,,,,,405.7321432227248,556.3694600228437
2451422.9854,11.952844595999998,,,Vis.,WPX,,,,,,,,Z,,,,V517 OPH,VSS,STD,,,,,405.7321432227248,556.3694600228437
2451424.9264,11.668253058000001,,,Vis.,JA,,,,,,,,V,,,,V517 OPH,,STD,,,,,405.7321432227248,556.3694600228437
2451424.9354,12.047708442000003,,,Vis.,WPX,,,,,,,,Z,,,,V517 OPH,VSS,STD,,,,,405.7321432227248,556.3694600228437
2451428.9931,12.047708442000003,,,Vis.,WPX,,,,,,,,Z,,,,V517 OPH,VSS,STD,,,,,405.7321432227248,556.3694600228437
2451433.2,11.573389212,,,Vis.,OB,,,,,,,,V,,,,V517 OPH,,STD,,,,,405.7321432227248,556.3694600228437
2451434.9618,12.047708442000003,,,Vis.,WPX,,,,,,,,Z,,,,V517 OPH,VSS,STD,,,,,405.7321432227248,556.3694600228437
2451440.9319,12.237436134000001,,,Vis.,WPX,,,,,,,,Z,,,,V517 OPH,VSS,STD,,,,,405.7321432227248,556.3694600228437
2451449.8938,11.763116904,,,Vis.,JA,,,,,,,,V,,,,V517 OPH,,STD,,,,,405.7321432227248,556.3694600228437
2451453.8868,11.38366152,,,Vis.,JA,,,,,,,,V,,,,V517 OPH,,STD,,,,,405.7321432227248,556.3694600228437
2451463.2,11.763116904,,,Vis.,OB,,,,,,,,V,,,,V517 OPH,,STD,,,,,405.7321432227248,556.3694600228437
2451465.2,11.763116904,,,Vis.,OB,,,,,,,,V,,,,V517 OPH,,STD,,,,,405.7321432227248,556.3694600228437
2451470.2,11.668253058000001,,,Vis.,OB,,,,,,,,V,,,,V517 OPH,,STD,,,,,405.7321432227248,556.3694600228437
2451579.1632,12.616891518,,,Vis.,JA,,,,,,,,V,,,,V517 OPH,,STD,,,,,405.7321432227248,556.3694600228437
2451583.148,11.668253058000001,,,Vis.,JA,,,,,,,,V,,,,V517 OPH,,STD,,,,,405.7321432227248,556.3694600228437
2451607.159,12.616891518,,,Vis.,JA,,,,,,,,V,,,,V517 OPH,,STD,,,,,405.7321432227248,556.3694600228437
2451618.1556,11.668253058000001,,,Vis.,JA,,,,,,,,V,,,,V517 OPH,,STD,,,,,405.7321432227248,556.3694600228437
2451648.0458,11.952844595999998,,,Vis.,WPX,,,,,,,,Z,,,,V517 OPH,VSS,STD,,,,,405.7321432227248,556.3694600228437
2451664.0097,11.763116904,,,Vis.,WPX,,,,,,,,Z,,,,V517 OPH,VSS,STD,,,,,405.7321432227248,556.3694600228437
2451665.0097,11.763116904,,,Vis.,WPX,,,,,,,,Z,,,,V517 OPH,VSS,STD,,,,,405.7321432227248,556.3694600228437
2451672.9917,11.857980750000001,,,Vis.,WPX,,,,,,,,Z,,,,V517 OPH,VSS,STD,,,,,405.7321432227248,556.3694600228437
2451675.9833,11.857980750000001,,,Vis.,WPX,,,,,,,,Z,,,,V517 OPH,VSS,STD,,,,,405.7321432227248,556.3694600228437
2451676.9667,11.857980750000001,,,Vis.,WPX,,,,,,,,Z,,,,V517 OPH,VSS,STD,,,,,405.7321432227248,556.3694600228437
2451678.9951,11.857980750000001,,,Vis.,WPX,,,,,,,,Z,,,,V517 OPH,VSS,STD,,,,,405.7321432227248,556.3694600228437
2451688.9292,11.952844595999998,,,Vis.,WPX,,,,,,,,Z,,,,V517 OPH,VSS,STD,,,,,405.7321432227248,556.3694600228437
2451690.9243,11.668253058000001,,,Vis.,JA,,,,,,,,V,,,,V517 OPH,,STD,,,,,405.7321432227248,556.3694600228437
2451691.9479,11.952844595999998,,,Vis.,WPX,,,,,,,,Z,,,,V517 OPH,VSS,STD,,,,,405.7321432227248,556.3694600228437
2451693.9576,11.857980750000001,,,Vis.,WPX,,,,,,,,Z,,,,V517 OPH,VSS,STD,,,,,405.7321432227248,556.3694600228437
2451694.9333,12.047708442000003,,,Vis.,WPX,,,,,,,,Z,,,,V517 OPH,VSS,STD,,,,,405.7321432227248,556.3694600228437
2451695.9743,11.952844595999998,,,Vis.,WPX,,,,,,,,Z,,,,V517 OPH,VSS,STD,,,,,405.7321432227248,556.3694600228437
2451697.991,11.952844595999998,,,Vis.,WPX,,,,,,,,Z,,,,V517 OPH,VSS,STD,,,,,411.1899448636348,556.3678402749852
2451699.9313,11.952844595999998,,,Vis.,WPX,,,,,,,,Z,,,,V517 OPH,VSS,STD,,,,,411.1899448636348,556.3678402749852
2451700.9367,12.047708442000003,,,Vis.,WPX,,,,,,,,Z,,,,V517 OPH,VSS,STD,,,,,411.1899448636348,556.3678402749852
2451700.9521,12.33229998,,,Vis.,JA,,,,,,,,V,,,,V517 OPH,,STD,,,,,411.1899448636348,556.3678402749852
2451701.9444,12.047708442000003,,,Vis.,WPX,,,,,,,,Z,,,,V517 OPH,VSS,STD,,,,,411.1899448636348,556.3678402749852
2451702.8347,12.33229998,,,Vis.,HK,,,,,,,,V,,,,V517 OPH,,STD,,,,,411.1899448636348,556.3678402749852
2451702.9222,12.047708442000003,,,Vis.,WPX,,,,,,,,Z,,,,V517 OPH,VSS,STD,,,,,411.1899448636348,556.3678402749852
2451704.9944,12.047708442000003,,,Vis.,WPX,,,,,,,,Z,,,,V517 OPH,VSS,STD,,,,,411.1899448636348,556.3678402749852
2451708.9347,12.047708442000003,,,Vis.,WPX,,,,,,,,Z,,,,V517 OPH,VSS,STD,,,,,411.1899448636348,556.3678402749852
2451709.9507,12.142572288000002,,,Vis.,WPX,,,,,,,,Z,,,,V517 OPH,VSS,STD,,,,,411.1899448636348,556.3678402749852
2451716.9194,12.522027672,,,Vis.,WPX,,,,,,,,Z,,,,V517 OPH,VSS,STD,,,,,411.1899448636348,556.3678402749852
2451717.9347,12.806619210000003,,,Vis.,WPX,,,,,,,,Z,,,,V517 OPH,VSS,STD,,,,,411.1899448636348,556.3678402749852
2451720.9424,13.470666132,,,Vis.,WPX,,,,,,,,Z,,,,V517 OPH,VSS,STD,,,,,411.1899448636348,556.3678402749852
2451723.8792,13.565529978000002,,,Vis.,WPX,Z,,,,FAINT,,,Z,,,,V517 OPH,VSS,STD,,,,,411.1899448636348,556.3678402749852
2451733.8722,13.660393824000002,,,Vis.,WPX,,,,,,,,Z,,,,V517 OPH,VSS,STD,,,,,411.1899448636348,556.3678402749852
2451737.0139,13.186074594,,,Vis.,WPX,,,,,,,,Z,,,,V517 OPH,VSS,STD,,,,,411.1899448636348,556.3678402749852
2451737.9806,12.806619210000003,,,Vis.,WPX,,,,,,,,Z,,,,V517 OPH,VSS,STD,,,,,411.1899448636348,556.3678402749852
2451744.9604,12.806619210000003,,,Vis.,WPX,,,,,,,,Z,,,,V517 OPH,VSS,STD,,,,,411.1899448636348,556.3678402749852
2451747.9257,13.660393824000002,,,Vis.,WPX,,,,,,,,Z,,,,V517 OPH,VSS,STD,,,,,411.1899448636348,556.3678402749852
2451748.9201,13.660393824000002,,,Vis.,WPX,,,,,,,,Z,,,,V517 OPH,VSS,STD,,,,,411.1899448636348,556.3678402749852
2451751.9764,13.660393824000002,,,Vis.,WPX,,,,,,,,Z,,,,V517 OPH,VSS,STD,,,,,411.1899448636348,556.3678402749852
2451753.9618,13.660393824000002,,,Vis.,WPX,,,,,,,,Z,,,,V517 OPH,VSS,STD,,,,,411.1899448636348,556.3678402749852
2451755.9264,13.660393824000002,,,Vis.,WPX,,,,,,,,Z,,,,V517 OPH,VSS,STD,,,,,411.1899448636348,556.3678402749852
2451758.9688,12.711755364000002,,,Vis.,WPX,,,,,,,,Z,,,,V517 OPH,VSS,STD,,,,,411.1899448636348,556.3678402749852
2451760.9424,13.660393824000002,,,Vis.,WPX,,,,,,,,Z,,,,V517 OPH,VSS,STD,,,,,411.1899448636348,556.3678402749852
2451761.9625,11.668253058000001,,,Vis.,JA,,,,,,,,V,,,,V517 OPH,,STD,,,,,411.1899448636348,556.3678402749852
2451765.9535,12.711755364000002,,,Vis.,WPX,,,,,,,,Z,,,,V517 OPH,VSS,STD,,,,,411.1899448636348,556.3678402749852
2451777.9479,13.660393824000002,,,Vis.,WPX,,,,,,,,Z,,,,V517 OPH,VSS,STD,,,,,411.1899448636348,556.3678402749852
2451780.5993,12.616891518,,,Vis.,DKS,,134,,PD1198,,,,V,,,,V517 OPH,,STD,,,,,411.1899448636348,556.3678402749852
2451782.9215,13.660393824000002,,,Vis.,WPX,,,,,,,,Z,,,,V517 OPH,VSS,STD,,,,,411.1899448636348,556.3678402749852
2451785.9222,13.660393824000002,,,Vis.,WPX,,,,,,,,Z,,,,V517 OPH,VSS,STD,,,,,411.1899448636348,556.3678402749852
2451787.9181,13.660393824000002,,,Vis.,WPX,,,,,,,,Z,,,,V517 OPH,VSS,STD,,,,,411.1899448636348,556.3678402749852
2451797.9306,12.711755364000002,,,Vis.,WPX,,,,,,,,Z,,,,V517 OPH,VSS,STD,,,,,411.1899448636348,556.3678402749852
2451799.9465,12.616891518,,,Vis.,WPX,,,,,,,,Z,,,,V517 OPH,VSS,STD,,,,,411.1899448636348,556.3678402749852
2451803.8972,13.186074594,,,Vis.,WPX,,,,,,,,Z,,,,V517 OPH,VSS,STD,,,,,411.1899448636348,556.3678402749852
2451804.9125,12.806619210000003,,,Vis.,WPX,,,,,,,,Z,,,,V517 OPH,VSS,STD,,,,,411.1899448636348,556.3678402749852
2451805.9367,13.186074594,,,Vis.,WPX,,,,,,,,Z,,,,V517 OPH,VSS,STD,,,,,411.1899448636348,556.3678402749852
2451807.8965,11.668253058000001,,,Vis.,JA,,,,,,,,V,,,,V517 OPH,,STD,,,,,411.1899448636348,556.3678402749852
2451808.9563,12.806619210000003,,,Vis.,WPX,,,,,,,,Z,,,,V517 OPH,VSS,STD,,,,,411.1899448636348,556.3678402749852
2451817.9153,13.186074594,,,Vis.,WPX,,,,,,,,Z,,,,V517 OPH,VSS,STD,,,,,411.1899448636348,556.3678402749852
2451818.034,12.237436134000001,,,Vis.,PEX,,,,,,,,V,,,,V517 OPH,,STD,,,,,411.1899448636348,556.3678402749852
2451819.9049,13.186074594,,,Vis.,WPX,,,,,,,,Z,,,,V517 OPH,VSS,STD,,,,,411.1899448636348,556.3678402749852
2451820.8917,12.806619210000003,,,Vis.,WPX,,,,,,,,Z,,,,V517 OPH,VSS,STD,,,,,411.1899448636348,556.3678402749852
2451822.9188,12.806619210000003,,,Vis.,WPX,,,,,,,,Z,,,,V517 OPH,VSS,STD,,,,,411.1899448636348,556.3678402749852
2451827.9264,12.806619210000003,,,Vis.,WPX,,,,,,,,Z,,,,V517 OPH,VSS,STD,,,,,411.1899448636348,556.3678402749852
2451958.2347,12.33229998,,,Vis.,WPX,,,,,,,,Z,,,,V517 OPH,VSS,STD,,,,,411.1899448636348,556.3678402749852
2451960.1243,11.857980750000001,,,Vis.,JA,WZ,,,,,,,V,,,,V517 OPH,,STD,,,,,411.1899448636348,556.3678402749852
2451974.1528,12.047708442000003,,,Vis.,JA,Z,,,,,,,V,,,,V517 OPH,,STD,,,,,411.1899448636348,556.3678402749852
2451986.2319,11.952844595999998,,,Vis.,WPX,,,,,,,,Z,,,,V517 OPH,VSS,STD,,,,,411.1899448636348,556.3678402749852
2452004.1611,11.573389212,,,Vis.,JA,,,,,,,,V,,,,V517 OPH,,STD,,,,,411.1899448636348,556.3678402749852
2452024.0465,11.763116904,,,Vis.,WPX,,,,,,,,Z,,,,V517 OPH,VSS,STD,,,,,411.1899448636348,556.3678402749852
2452042.9694,11.763116904,,,Vis.,WPX,,,,,,,,Z,,,,V517 OPH,VSS,STD,,,,,411.1899448636348,556.3678402749852
2452043.9729,11.668253058000001,,,Vis.,JA,Z,,,,,,,V,,,,V517 OPH,,STD,,,,,411.1899448636348,556.3678402749852
2452047.0313,11.763116904,,,Vis.,WPX,,,,,,,,Z,,,,V517 OPH,VSS,STD,,,,,411.1899448636348,556.3678402749852
2452048.9424,11.573389212,,,Vis.,WPX,,,,,,,,Z,,,,V517 OPH,VSS,STD,,,,,411.1899448636348,556.3678402749852
2452054.0173,11.668253058000001,,,Vis.,WPX,,,,,,,,Z,,,,V517 OPH,VSS,STD,,,,,411.1899448636348,556.3678402749852
2452059.9201,11.478525366,,,Vis.,JA,,,,,,,,V,,,,V517 OPH,,STD,,,,,411.1899448636348,556.3678402749852
2452059.9563,11.478525366,,,Vis.,WPX,,,,,,,,Z,,,,V517 OPH,VSS,STD,,,,,411.1899448636348,556.3678402749852
2452073.9819,11.573389212,,,Vis.,WPX,,,,,,,,Z,,,,V517 OPH,VSS,STD,,,,,411.1899448636348,556.3678402749852
2452074.943,11.668253058000001,,,Vis.,WPX,,,,,,,,Z,,,,V517 OPH,VSS,STD,,,,,411.1899448636348,556.3678402749852
2452075.9931,11.573389212,,,Vis.,WPX,,,,,,,,Z,,,,V517 OPH,VSS,STD,,,,,411.1899448636348,556.3678402749852
2452077.9313,11.573389212,,,Vis.,WPX,,,,,,,,Z,,,,V517 OPH,VSS,STD,,,,,411.1899448636348,556.3678402749852
2452078.9507,11.573389212,,,Vis.,WPX,,,,,,,,Z,,,,V517 OPH,VSS,STD,,,,,411.1899448636348,556.3678402749852
2452080.9326,11.573389212,,,Vis.,JA,,,,,,,,V,,,,V517 OPH,,STD,,,,,411.1899448636348,556.3678402749852
2452081.9278,11.38366152,,,Vis.,WPX,,,,,,,,Z,,,,V517 OPH,VSS,STD,,,,,411.1899448636348,556.3678402749852
2452084.9007,11.38366152,,,Vis.,WPX,,,,,,,,Z,,,,V517 OPH,VSS,STD,,,,,411.1899448636348,556.3678402749852
2452085.9319,11.38366152,,,Vis.,WPX,,,,,,,,Z,,,,V517 OPH,VSS,STD,,,,,411.1899448636348,556.3678402749852
2452086.9681,11.38366152,,,Vis.,WPX,,,,,,,,Z,,,,V517 OPH,VSS,STD,,,,,411.1899448636348,556.3678402749852
2452087.9778,11.478525366,,,Vis.,WPX,,,,,,,,Z,,,,V517 OPH,VSS,STD,,,,,411.1899448636348,556.3678402749852
2452088.9889,11.573389212,,,Vis.,WPX,,,,,,,,Z,,,,V517 OPH,VSS,STD,,,,,411.1899448636348,556.3678402749852
2452096.0042,11.38366152,,,Vis.,WPX,,,,,,,,Z,,,,V517 OPH,VSS,STD,,,,,411.1899448636348,556.3678402749852
2452110.991,11.38366152,,,Vis.,WPX,,,,,,,,Z,,,,V517 OPH,VSS,STD,,,,,411.1899448636348,556.3678402749852
2452111.9076,11.38366152,,,Vis.,WPX,,,,,,,,Z,,,,V517 OPH,VSS,STD,,,,,0.0,0.0
2452113.9764,11.38366152,,,Vis.,WPX,,,,,,,,Z,,,,V517 OPH,VSS,STD,,,,,411.1899448636348,556.3678402749852
2452113.9764,11.573389212,,,Vis.,JA,,,,,,,,V,,,,V517 OPH,,STD,,,,,411.1899448636348,556.3678402749852
2452122.9903,11.288797674000001,,,Vis.,WPX,,,,,,,,Z,,,,V517 OPH,VSS,STD,,,,,411.1899448636348,556.3678402749852
2452126.9222,11.288797674000001,,,Vis.,WPX,,,,,,,,Z,,,,V517 OPH,VSS,STD,,,,,411.1899448636348,556.3678402749852
2452128.9896,11.288797674000001,,,Vis.,WPX,,,,,,,,Z,,,,V517 OPH,VSS,STD,,,,,411.1899448636348,556.3678402749852
2452129.9097,11.288797674000001,,,Vis.,WPX,,,,,,,,Z,,,,V517 OPH,VSS,STD,,,,,411.1899448636348,556.3678402749852
2452130.9604,11.288797674000001,,,Vis.,WPX,,,,,,,,Z,,,,V517 OPH,VSS,STD,,,,,411.1899448636348,556.3678402749852
2452132.8563,11.288797674000001,,,Vis.,WPX,,,,,,,,Z,,,,V517 OPH,VSS,STD,,,,,411.1899448636348,556.3678402749852
2452133.9215,11.478525366,,,Vis.,JA,,,,,,,,V,,,,V517 OPH,,STD,,,,,411.1899448636348,556.3678402749852
2452133.9236,11.288797674000001,,,Vis.,WPX,,,,,,,,Z,,,,V517 OPH,VSS,STD,,,,,411.1899448636348,556.3678402749852
2452139.9257,11.193933828000004,,,Vis.,WPX,,,,,,,,Z,,,,V517 OPH,VSS,STD,,,,,411.1899448636348,556.3678402749852
2452140.9076,11.193933828000004,,,Vis.,WPX,,,,,,,,Z,,,,V517 OPH,VSS,STD,,,,,411.1899448636348,556.3678402749852
2452143.9243,11.478525366,,,Vis.,JA,,,,,,,,V,,,,V517 OPH,,STD,,,,,411.1899448636348,556.3678402749852
2452144.9306,11.288797674000001,,,Vis.,WPX,,,,,,,,Z,,,,V517 OPH,VSS,STD,,,,,411.1899448636348,556.3678402749852
2452160.8799,11.193933828000004,,,Vis.,WPX,,,,,,,,Z,,,,V517 OPH,VSS,STD,,,,,411.1899448636348,556.3678402749852
2452163.9306,11.38366152,,,Vis.,JA,,,,,,,,V,,,,V517 OPH,,STD,,,,,411.1899448636348,556.3678402749852
2452165.9333,11.288797674000001,,,Vis.,WPX,,,,,,,,Z,,,,V517 OPH,VSS,STD,,,,,411.1899448636348,556.3678402749852
2452167.8681,11.288797674000001,,,Vis.,WPX,,,,,,,,Z,,,,V517 OPH,VSS,STD,,,,,0.0,0.0
2452172.8924,11.38366152,,,Vis.,JA,,,,,,,,V,,,,V517 OPH,,STD,,,,,0.0,0.0
2452181.9271,11.288797674000001,,,Vis.,WPX,,,,,,,,Z,,,,V517 OPH,VSS,STD,,,,,411.1899448636348,556.3678402749852
2452185.9417,11.288797674000001,,,Vis.,WPX,,,,,,,,Z,,,,V517 OPH,VSS,STD,,,,,411.1899448636348,556.3678402749852
2452187.9535,11.288797674000001,,,Vis.,WPX,,,,,,,,Z,,,,V517 OPH,VSS,STD,,,,,411.1899448636348,556.3678402749852
2452189.9201,11.193933828000004,,,Vis.,WPX,,,,,,,,Z,,,,V517 OPH,VSS,STD,,,,,411.1899448636348,556.3678402749852
2452202.9035,11.288797674000001,,,Vis.,WPX,,,,,,,,Z,,,,V517 OPH,VSS,STD,,,,,411.1899448636348,556.3678402749852
2452203.9132,11.288797674000001,,,Vis.,WPX,,,,,,,,Z,,,,V517 OPH,VSS,STD,,,,,411.1899448636348,556.3678402749852
2452320.134,11.763116904,,,Vis.,JA,,,,,,,,V,,,,V517 OPH,,STD,,,,,0.0,0.0
2452323.1333,12.047708442000003,,,Vis.,JA,,,,,,,,V,,,,V517 OPH,,STD,,,,,411.1899448636348,556.3678402749852
2452326.1764,11.763116904,,,Vis.,JA,W,,,,,,,V,,,,V517 OPH,,STD,,,,,411.1899448636348,556.3678402749852
2452352.1368,12.047708442000003,,,Vis.,JA,WZ,,,,,,,V,,,,V517 OPH,,STD,,,,,411.1899448636348,556.3678402749852
2452381.2188,11.668253058000001,,,Vis.,JA,W,,,,,,,V,,,,V517 OPH,,STD,,,,,0.0,0.0
2452389.7674,10.9472878284,,,V,OCN,,125,,PF11/98,,,,V,,,,V517 OPH,,STD,,,,,411.1899448636348,556.3678402749852
2452389.7694,9.9891629838,,,R,OCN,,C4 (CONSIST,,PF11/98,,,,V,,,,V517 OPH,,STD,,,,,411.1899448636348,556.3678402749852
2452398.0653,11.668253058000001,,,Vis.,WPX,,,,,,,,Z,,,,V517 OPH,VSS,STD,,,,,411.1899448636348,556.3678402749852
2452399.9861,11.478525366,,,Vis.,WPX,,,,,,,,Z,,,,V517 OPH,VSS,STD,,,,,411.1899448636348,556.3678402749852
2452401.9333,11.573389212,,,Vis.,JA,,,,,,,,V,,,,V517 OPH,,STD,,,,,411.1899448636348,556.3678402749852
2452402.0222,11.478525366,,,Vis.,WPX,,,,,,,,Z,,,,V517 OPH,VSS,STD,,,,,411.1899448636348,556.3678402749852
2452405.0542,11.478525366,,,Vis.,WPX,,,,,,,,Z,,,,V517 OPH,VSS,STD,,,,,411.1899448636348,556.3678402749852
2452406.9681,11.478525366,,,Vis.,WPX,,,,,,,,Z,,,,V517 OPH,VSS,STD,,,,,0.0,0.0
2452412.0451,11.573389212,,,Vis.,WPX,,,,,,,,Z,,,,V517 OPH,VSS,STD,,,,,411.1899448636348,556.3678402749852
2452412.95,11.573389212,,,Vis.,JA,W,,,,,,,V,,,,V517 OPH,,STD,,,,,411.1899448636348,556.3678402749852
2452428.9083,11.38366152,,,Vis.,JA,,,,,,,,V,,,,V517 OPH,,STD,,,,,411.1899448636348,556.3678402749852
2452429.9576,11.478525366,,,Vis.,WPX,,,,,,,,Z,,,,V517 OPH,VSS,STD,,,,,411.1899448636348,556.3678402749852
2452436.8486,11.478525366,,,Vis.,JA,,,,,,,,V,,,,V517 OPH,,STD,,,,,411.1899448636348,556.3678402749852
2452437.0646,11.288797674000001,,,Vis.,WPX,,,,,,,,Z,,,,V517 OPH,VSS,STD,,,,,411.1899448636348,556.3678402749852
2452438.0313,11.478525366,,,Vis.,WPX,,,,,,,,Z,,,,V517 OPH,VSS,STD,,,,,411.1899448636348,556.3678402749852
2452438.9313,11.478525366,,,Vis.,WPX,,,,,,,,Z,,,,V517 OPH,VSS,STD,,,,,0.0,0.0
2452441.9485,11.478525366,,,Vis.,WPX,,,,,,,,Z,,,,V517 OPH,VSS,STD,,,,,0.0,0.0
2452451.9236,11.478525366,,,Vis.,WPX,,,,,,,,Z,,,,V517 OPH,VSS,STD,,,,,411.1899448636348,556.3678402749852
2452455.9444,11.288797674000001,,,Vis.,WPX,,,,,,,,Z,,,,V517 OPH,VSS,STD,,,,,411.1899448636348,556.3678402749852
2452457.9706,11.193933828000004,,,Vis.,SVA,,115,124.0,PD 1981,,,,V,,,,V517 OPH,,STD,,,,,411.1899448636348,556.3678402749852
2452458.0118,11.288797674000001,,,Vis.,WPX,,,,,,,,Z,,,,V517 OPH,VSS,STD,,,,,0.0,0.0
2452461.916,11.478525366,,,Vis.,WPX,,,,,,,,Z,,,,V517 OPH,VSS,STD,,,,,0.0,0.0
2452463.9188,11.38366152,,,Vis.,WPX,,,,,,,,Z,,,,V517 OPH,VSS,STD,,,,,0.0,0.0
2452464.9415,12.142572288000002,,,Vis.,SVA,,128,,PD 1989,,,,V,,,,V517 OPH,,STD,,,,,0.0,0.0
2452467.0063,11.38366152,,,Vis.,WPX,,,,,,,,Z,,,,V517 OPH,VSS,STD,,,,,0.0,0.0
2452468.0632,11.668253058000001,,,Vis.,SVA,,123,,PD 1998,,,,V,,,,V517 OPH,,STD,,,,,0.0,0.0
2452468.9367,11.288797674000001,,,Vis.,WPX,,,,,,,,Z,,,,V517 OPH,VSS,STD,,,,,0.0,0.0
2452469.0304,11.763116904,,,Vis.,SVA,,124,,PD 1981,,,,V,,,,V517 OPH,,STD,,,,,0.0,0.0
2452471.9102,11.004206136,,,Vis.,SVA,K,111,123.0,RASNZ 64,,,,V,,,,V517 OPH,,STD,,,,,0.0,0.0
2452482.9,11.288797674000001,,,Vis.,WPX,,,,,,,,Z,,,,V517 OPH,VSS,STD,,,,,0.0,0.0
2452493.9764,11.193933828000004,,,Vis.,WPX,,,,,,,,Z,,,,V517 OPH,VSS,STD,,,,,0.0,0.0
2452495.9556,11.193933828000004,,,Vis.,WPX,,,,,,,,Z,,,,V517 OPH,VSS,STD,,,,,0.0,0.0
2452496.0511,11.099069982,,,Vis.,SVA,,115,,PD 1998,,,,V,,,,V517 OPH,,STD,,,,,0.0,0.0
2452496.9806,11.573389212,,,Vis.,JA,,,,,,,,V,,,,V517 OPH,,STD,,,,,411.1899448636348,556.3678402749852
2452499.9924,11.193933828000004,,,Vis.,WPX,,,,,,,,Z,,,,V517 OPH,VSS,STD,,,,,411.1899448636348,556.3678402749852
2452506.9444,11.288797674000001,,,Vis.,WPX,,,,,,,,Z,,,,V517 OPH,VSS,STD,,,,,411.1899448636348,556.3678402749852
2452510.9243,11.288797674000001,,,Vis.,WPX,,,,,,,,Z,,,,V517 OPH,VSS,STD,,,,,411.1899448636348,556.3678402749852
2452514.9507,11.38366152,,,Vis.,WPX,,,,,,,,Z,,,,V517 OPH,VSS,STD,,,,,411.1899448636348,556.3678402749852
2452521.0083,11.38366152,,,Vis.,WPX,,,,,,,,Z,,,,V517 OPH,VSS,STD,,,,,411.1899448636348,556.3678402749852
2452521.9563,11.288797674000001,,,Vis.,WPX,,,,,,,,Z,,,,V517 OPH,VSS,STD,,,,,411.1899448636348,556.3678402749852
2452523.9326,11.478525366,,,Vis.,JA,W,,,,,,,V,,,,V517 OPH,,STD,,,,,411.1899448636348,556.3678402749852
2452524.943,11.288797674000001,,,Vis.,WPX,,,,,,,,Z,,,,V517 OPH,VSS,STD,,,,,411.1899448636348,556.3678402749852
2452525.9222,11.288797674000001,,,Vis.,WPX,,,,,,,,Z,,,,V517 OPH,VSS,STD,,,,,411.1899448636348,556.3678402749852
2452529.9194,11.38366152,,,Vis.,WPX,,,,,,,,Z,,,,V517 OPH,VSS,STD,,,,,411.1899448636348,556.3678402749852
2452530.9257,11.38366152,,,Vis.,WPX,,,,,,,,Z,,,,V517 OPH,VSS,STD,,,,,411.1899448636348,556.3678402749852
2452537.0049,11.288797674000001,,,Vis.,WPX,,,,,,,,Z,,,,V517 OPH,VSS,STD,,,,,0.0,0.0
2452537.9958,11.478525366,,,Vis.,WPX,,,,,,,,Z,,,,V517 OPH,VSS,STD,,,,,411.1899448636348,556.3678402749852
2452539.9354,11.38366152,,,Vis.,WPX,,,,,,,,Z,,,,V517 OPH,VSS,STD,,,,,411.1899448636348,556.3678402749852
2452542.9278,11.288797674000001,,,Vis.,WPX,,,,,,,,Z,,,,V517 OPH,VSS,STD,,,,,411.1899448636348,556.3678402749852
2452543.9819,11.38366152,,,Vis.,WPX,,,,,,,,Z,,,,V517 OPH,VSS,STD,,,,,411.1899448636348,556.3678402749852
2452548.9528,11.38366152,,,Vis.,WPX,,,,,,,,Z,,,,V517 OPH,VSS,STD,,,,,411.1899448636348,556.3678402749852
2452552.9033,11.763116904,,,Vis.,SVA,,124,,PD 1998,,,,V,,,,V517 OPH,,STD,,,,,411.1899448636348,556.3678402749852
2452553.9165,11.857980750000001,,,Vis.,SVA,,125,,PE 1998,,,,V,,,,V517 OPH,,STD,,,,,411.1899448636348,556.3678402749852
2452556.8708,11.668253058000001,,,Vis.,JA,,,,,,,,V,,,,V517 OPH,,STD,,,,,411.1899448636348,556.3678402749852
2452563.9319,11.38366152,,,Vis.,WPX,,,,,,,,Z,,,,V517 OPH,VSS,STD,,,,,411.1899448636348,556.3678402749852
2452572.8778,11.857980750000001,,,Vis.,JA,W,,,,,,,V,,,,V517 OPH,,STD,,,,,411.1899448636348,556.3678402749852
2452669.1451,11.478525366,,,Vis.,JA,,,,,,,,V,,,,V517 OPH,,STD,,,,,411.1899448636348,556.3678402749852
2452674.1653,11.478525366,,,Vis.,JA,,,,,,,,V,,,,V517 OPH,,STD,,,,,411.1899448636348,556.3678402749852
2452700.2313,11.38366152,,,Vis.,WPX,,,,,,,,Z,,,,V517 OPH,VSS,STD,,,,,411.1899448636348,556.3678402749852
2452707.1583,11.288797674000001,,,Vis.,JA,,,,,,,,V,,,,V517 OPH,,STD,,,,,411.1899448636348,556.3678402749852
2452713.1667,11.099069982,,,Vis.,JA,,,,,,,,V,,,,V517 OPH,,STD,,,,,411.1899448636348,556.3678402749852
2452739.0458,11.288797674000001,,,Vis.,WPX,,,,,,,,Z,,,,V517 OPH,VSS,STD,,,,,411.1899448636348,556.3678402749852
2452751.0382,11.193933828000004,,,Vis.,WPX,,,,,,,,Z,,,,V517 OPH,VSS,STD,,,,,411.1899448636348,556.3678402749852
2452755.9521,11.478525366,,,Vis.,JA,,,,,,,,V,,,,V517 OPH,,STD,,,,,411.1899448636348,556.3678402749852
2452762.0063,11.38366152,,,Vis.,WPX,,,,,,,,Z,,,,V517 OPH,VSS,STD,,,,,411.1899448636348,556.3678402749852
2452764.9625,11.38366152,,,Vis.,JA,,,,,,,,V,,,,V517 OPH,,STD,,,,,411.1899448636348,556.3678402749852
2452765.9958,11.193933828000004,,,Vis.,WPX,,,,,,,,Z,,,,V517 OPH,VSS,STD,,,,,411.1899448636348,556.3678402749852
2452772.1986,11.288797674000001,,,Vis.,JA,,,,,,,,V,,,,V517 OPH,,STD,,,,,411.1899448636348,556.3678402749852
2452779.0277,11.288797674000001,,,Vis.,WPX,,,,,,,,Z,,,,V517 OPH,VSS,STD,,,,,411.1899448636348,556.3678402749852
2452780.975,11.288797674000001,,,Vis.,WPX,,,,,,,,Z,,,,V517 OPH,VSS,STD,,,,,411.1899448636348,556.3678402749852
2452782.9556,11.288797674000001,,,Vis.,WPX,,,,,,,,Z,,,,V517 OPH,VSS,STD,,,,,411.1899448636348,556.3678402749852
2452785.9069,11.38366152,,,Vis.,JA,,,,,,,,V,,,,V517 OPH,,STD,,,,,411.1899448636348,556.3678402749852
2452787.9965,11.288797674000001,,,Vis.,WPX,,,,,,,,Z,,,,V517 OPH,VSS,STD,,,,,411.1899448636348,556.3678402749852
2452788.9604,11.38366152,,,Vis.,WPX,,,,,,,,Z,,,,V517 OPH,VSS,STD,,,,,411.1899448636348,556.3678402749852
2452789.9354,11.288797674000001,,,Vis.,WPX,,,,,,,,Z,,,,V517 OPH,VSS,STD,,,,,411.1899448636348,556.3678402749852
2452795.1896,11.573389212,,,Vis.,JA,,,,,,,,V,,,,V517 OPH,,STD,,,,,411.1899448636348,556.3678402749852
2452795.9027,11.288797674000001,,,Vis.,WPX,,,,,,,,Z,,,,V517 OPH,VSS,STD,,,,,411.1899448636348,556.3678402749852
2452797.0125,11.288797674000001,,,Vis.,WPX,,,,,,,,Z,,,,V517 OPH,VSS,STD,,,,,411.1899448636348,556.3678402749852
2452798.8923,11.38366152,,,Vis.,WPX,,,,,,,,Z,,,,V517 OPH,VSS,STD,,,,,411.1899448636348,556.3678402749852
2452799.9076,11.478525366,,,Vis.,WPX,,,,,,,,Z,,,,V517 OPH,VSS,STD,,,,,411.1899448636348,556.3678402749852
2452806.9944,11.38366152,,,Vis.,WPX,,,,,,,,Z,,,,V517 OPH,VSS,STD,,,,,411.1899448636348,556.3678402749852
2452808.9632,11.478525366,,,Vis.,WPX,,,,,,,,Z,,,,V517 OPH,VSS,STD,,,,,411.1899448636348,556.3678402749852
2452811.8847,11.573389212,,,Vis.,JA,,,,,,,,V,,,,V517 OPH,,STD,,,,,411.1899448636348,556.3678402749852
2452814.0332,11.288797674000001,,,Vis.,WPX,,,,,,,,Z,,,,V517 OPH,VSS,STD,,,,,411.1899448636348,556.3678402749852
2452822.809,11.288797674000001,,,Vis.,JA,,,,,,,,V,,,,V517 OPH,,STD,,,,,411.1899448636348,556.3678402749852
2452824.0167,11.193933828000004,,,Vis.,WPX,,,,,,,,Z,,,,V517 OPH,VSS,STD,,,,,411.1899448636348,556.3678402749852
2452824.725,11.004206136,,,V,GFB,,128,111.0,PF81,,,,V,,,,V517 OPH,,STD,,,,,411.1899448636348,556.3678402749852
2452825.0063,11.288797674000001,,,Vis.,WPX,,,,,,,,Z,,,,V517 OPH,VSS,STD,,,,,411.1899448636348,556.3678402749852
2452825.9188,11.38366152,,,Vis.,WPX,,,,,,,,Z,,,,V517 OPH,VSS,STD,,,,,411.1899448636348,556.3678402749852
2452826.9597,11.38366152,,,Vis.,WPX,,,,,,,,Z,,,,V517 OPH,VSS,STD,,,,,411.1899448636348,556.3678402749852
2452832.9707,11.288797674000001,,,Vis.,WPX,,,,,,,,Z,,,,V517 OPH,VSS,STD,,,,,411.1899448636348,556.3678402749852
2452835.9701,11.38366152,,,Vis.,WPX,,,,,,,,Z,,,,V517 OPH,VSS,STD,,,,,411.1899448636348,556.3678402749852
2452836.9264,11.38366152,,,Vis.,WPX,,,,,,,,Z,,,,V517 OPH,VSS,STD,,,,,411.1899448636348,556.3678402749852
2452838.0167,11.38366152,,,Vis.,WPX,,,,,,,,Z,,,,V517 OPH,VSS,STD,,,,,411.1899448636348,556.3678402749852
2452838.9806,11.38366152,,,Vis.,WPX,,,,,,,,Z,,,,V517 OPH,VSS,STD,,,,,0.0,0.0
2452841.8764,11.288797674000001,,,Vis.,JA,,,,,,,,V,,,,V517 OPH,,STD,,,,,0.0,0.0
2452842.9757,11.288797674000001,,,Vis.,WPX,,,,,,,,Z,,,,V517 OPH,VSS,STD,,,,,0.0,0.0
2452843.9604,11.193933828000004,,,Vis.,WPX,,,,,,,,Z,,,,V517 OPH,VSS,STD,,,,,0.0,0.0
2452844.9715,11.193933828000004,,,Vis.,WPX,,,,,,,,Z,,,,V517 OPH,VSS,STD,,,,,0.0,0.0
2452847.9333,11.193933828000004,,,Vis.,WPX,,,,,,,,Z,,,,V517 OPH,VSS,STD,,,,,0.0,0.0
2452848.9264,11.193933828000004,,,Vis.,WPX,,,,,,,,Z,,,,V517 OPH,VSS,STD,,,,,0.0,0.0
2452851.9507,11.573389212,,,Vis.,JA,,,,,,,,V,,,,V517 OPH,,STD,,,,,0.0,0.0
2452853.9375,11.288797674000001,,,Vis.,WPX,,,,,,,,Z,,,,V517 OPH,VSS,STD,,,,,0.0,0.0
2452854.941,11.193933828000004,,,Vis.,WPX,,,,,,,,Z,,,,V517 OPH,VSS,STD,,,,,0.0,0.0
2452855.9722,11.193933828000004,,,Vis.,WPX,,,,,,,,Z,,,,V517 OPH,VSS,STD,,,,,0.0,0.0
2452857.9589,11.193933828000004,,,Vis.,WPX,,,,,,,,Z,,,,V517 OPH,VSS,STD,,,,,0.0,0.0
2452860.0042,11.288797674000001,,,Vis.,WPX,,,,,,,,Z,,,,V517 OPH,VSS,STD,,,,,0.0,0.0
2452877.0104,11.288797674000001,,,Vis.,WPX,,,,,,,,Z,,,,V517 OPH,VSS,STD,,,,,0.0,0.0
2452878.9201,11.193933828000004,,,Vis.,WPX,,,,,,,,Z,,,,V517 OPH,VSS,STD,,,,,0.0,0.0
2452881.9799,11.288797674000001,,,Vis.,WPX,,,,,,,,Z,,,,V517 OPH,VSS,STD,,,,,0.0,0.0
2452882.9188,11.193933828000004,,,Vis.,WPX,,,,,,,,Z,,,,V517 OPH,VSS,STD,,,,,0.0,0.0
2452884.9229,11.193933828000004,,,Vis.,WPX,,,,,,,,Z,,,,V517 OPH,VSS,STD,,,,,0.0,0.0
2452894.9542,11.193933828000004,,,Vis.,WPX,,,,,,,,Z,,,,V517 OPH,VSS,STD,,,,,0.0,0.0
2452895.9153,11.193933828000004,,,Vis.,WPX,,,,,,,,Z,,,,V517 OPH,VSS,STD,,,,,0.0,0.0
2452898.9417,11.193933828000004,,,Vis.,WPX,,,,,,,,Z,,,,V517 OPH,VSS,STD,,,,,0.0,0.0
2452899.934,11.288797674000001,,,Vis.,WPX,,,,,,,,Z,,,,V517 OPH,VSS,STD,,,,,0.0,0.0
2452901.9938,11.193933828000004,,,Vis.,WPX,,,,,,,,Z,,,,V517 OPH,VSS,STD,,,,,0.0,0.0
2452903.9063,11.38366152,,,Vis.,JA,,,,,,,,V,,,,V517 OPH,,STD,,,,,0.0,0.0
2452904.9347,11.193933828000004,,,Vis.,WPX,,,,,,,,Z,,,,V517 OPH,VSS,STD,,,,,435.5622786057879,593.232003387538
2452906.9639,11.288797674000001,,,Vis.,WPX,,,,,,,,Z,,,,V517 OPH,VSS,STD,,,,,435.5622786057879,593.232003387538
2452907.9514,11.288797674000001,,,Vis.,WPX,,,,,,,,Z,,,,V517 OPH,VSS,STD,,,,,435.5622786057879,593.232003387538
2452923.9451,11.193933828000004,,,Vis.,WPX,,,,,,,,Z,,,,V517 OPH,VSS,STD,,,,,435.5622786057879,593.232003387538
2452926.9597,11.288797674000001,,,Vis.,WPX,,,,,,,,Z,,,,V517 OPH,VSS,STD,,,,,435.5622786057879,593.232003387538
2452927.8521,11.668253058000001,,,Vis.,JA,W,,,,,,,V,,,,V517 OPH,,STD,,,,,435.5622786057879,593.232003387538
2453066.1563,12.616891518,,,Vis.,JA,,,,,,,,V,,,,V517 OPH,,STD,,,,,435.5622786057879,593.232003387538
2453086.2181,12.522027672,,,Vis.,JA,,,,,,,,V,,,,V517 OPH,,STD,,,,,435.5622786057879,593.232003387538
2453107.9521,11.763116904,,,Vis.,JA,,,,,,,,V,,,,V517 OPH,,STD,,,,,435.5622786057879,593.232003387538
2453110.0444,13.186074594,,,Vis.,WPX,,,,,,,,Z,,,,V517 OPH,VSS,STD,,,,,435.5622786057879,593.232003387538
2453115.2028,12.237436134000001,,,Vis.,JA,,,,,,,,V,,,,V517 OPH,,STD,,,,,435.5622786057879,593.232003387538
2453118.0194,13.186074594,,,Vis.,WPX,,,,,,,,Z,,,,V517 OPH,VSS,STD,,,,,435.5622786057879,593.232003387538
2453124.1694,12.522027672,,,Vis.,JA,,,,,,,,V,,,,V517 OPH,,STD,,,,,435.5622786057879,593.232003387538
2453128.9958,12.711755364000002,,,Vis.,WPX,,,,,,,,Z,,,,V517 OPH,VSS,STD,,,,,437.6141130134904,589.5218897616464
2453136.0139,13.660393824000002,,,Vis.,WPX,,,,,,,,Z,,,,V517 OPH,VSS,STD,,,,,437.6141130134904,589.5218897616464
2453138.0069,13.660393824000002,,,Vis.,WPX,,,,,,,,Z,,,,V517 OPH,VSS,STD,,,,,437.6141130134904,589.5218897616464
2453138.9986,13.660393824000002,,,Vis.,WPX,,,,,,,,Z,,,,V517 OPH,VSS,STD,,,,,437.6141130134904,589.5218897616464
2453141.9896,13.660393824000002,,,Vis.,WPX,,,,,,,,Z,,,,V517 OPH,VSS,STD,,,,,437.6141130134904,589.5218897616464
2453143.1736,12.047708442000003,,,Vis.,JA,,,,,,,,V,,,,V517 OPH,,STD,,,,,437.6141130134904,589.5218897616464
2453144.9938,13.660393824000002,,,Vis.,WPX,,,,,,,,Z,,,,V517 OPH,VSS,STD,,,,,437.6141130134904,589.5218897616464
2453145.9611,13.186074594,,,Vis.,WPX,,,,,,,,Z,,,,V517 OPH,VSS,STD,,,,,437.6141130134904,589.5218897616464
2453146.9618,13.660393824000002,,,Vis.,WPX,,,,,,,,Z,,,,V517 OPH,VSS,STD,,,,,437.6141130134904,589.5218897616464
2453152.0542,13.660393824000002,,,Vis.,WPX,,,,,,,,Z,,,,V517 OPH,VSS,STD,,,,,437.6141130134904,589.5218897616464
2453153.0201,13.660393824000002,,,Vis.,WPX,,,,,,,,Z,,,,V517 OPH,VSS,STD,,,,,437.6141130134904,589.5218897616464
2453154.9451,13.186074594,,,Vis.,WPX,,,,,,,,Z,,,,V517 OPH,VSS,STD,,,,,437.6141130134904,589.5218897616464
2453155.9458,13.186074594,,,Vis.,WPX,,,,,,,,Z,,,,V517 OPH,VSS,STD,,,,,437.6141130134904,589.5218897616464
2453156.9694,13.186074594,,,Vis.,WPX,,,,,,,,Z,,,,V517 OPH,VSS,STD,,,,,437.6141130134904,589.5218897616464
2453161.9806,12.237436134000001,,,Vis.,WPX,,,,,,,,Z,,,,V517 OPH,VSS,STD,,,,,437.6141130134904,589.5218897616464
2453165.9306,12.047708442000003,,,Vis.,JA,,,,,,,,V,,,,V517 OPH,,STD,,,,,437.6141130134904,589.5218897616464
2453167.9556,12.522027672,,,Vis.,WPX,,,,,,,,Z,,,,V517 OPH,VSS,STD,,,,,437.6141130134904,589.5218897616464
2453170.9118,12.33229998,,,Vis.,WPX,,,,,,,,Z,,,,V517 OPH,VSS,STD,,,,,437.6141130134904,589.5218897616464
2453173.977,12.522027672,,,Vis.,WPX,,,,,,,,Z,,,,V517 OPH,VSS,STD,,,,,437.6141130134904,589.5218897616464
2453175.9569,12.427163826,,,Vis.,WPX,,,,,,,,Z,,,,V517 OPH,VSS,STD,,,,,437.6141130134904,589.5218897616464
2453176.9236,12.427163826,,,Vis.,WPX,,,,,,,,Z,,,,V517 OPH,VSS,STD,,,,,437.6141130134904,589.5218897616464
2453181.011,12.522027672,,,Vis.,WPX,,,,,,,,Z,,,,V517 OPH,VSS,STD,,,,,437.6141130134904,589.5218897616464
2453183.009,12.33229998,,,Vis.,WPX,,,,,,,,Z,,,,V517 OPH,VSS,STD,,,,,0.0,0.0
2453183.9243,12.33229998,,,Vis.,WPX,,,,,,,,Z,,,,V517 OPH,VSS,STD,,,,,437.6141130134904,589.5218897616464
2453189.8569,12.711755364000002,,,Vis.,WPX,,,,,,,,Z,,,,V517 OPH,VSS,STD,,,,,437.6141130134904,589.5218897616464
2453190.9707,12.711755364000002,,,Vis.,WPX,,,,,,,,Z,,,,V517 OPH,VSS,STD,,,,,437.6141130134904,589.5218897616464
2453194.0229,12.711755364000002,,,Vis.,WPX,,,,,,,,Z,,,,V517 OPH,VSS,STD,,,,,437.6141130134904,589.5218897616464
2453200.9917,12.33229998,,,Vis.,WPX,,,,,,,,Z,,,,V517 OPH,VSS,STD,,,,,437.6141130134904,589.5218897616464
2453201.9819,12.33229998,,,Vis.,WPX,,,,,,,,Z,,,,V517 OPH,VSS,STD,,,,,437.6141130134904,589.5218897616464
2453206.8868,12.33229998,,,Vis.,WPX,,,,,,,,Z,,,,V517 OPH,VSS,STD,,,,,437.6141130134904,589.5218897616464
2453207.9722,12.33229998,,,Vis.,WPX,,,,,,,,Z,,,,V517 OPH,VSS,STD,,,,,437.6141130134904,589.5218897616464
2453220.9611,11.573389212,,,Vis.,WPX,,,,,,,,Z,,,,V517 OPH,VSS,STD,,,,,437.6141130134904,589.5218897616464
2453222.9729,11.38366152,,,Vis.,WPX,,,,,,,,Z,,,,V517 OPH,VSS,STD,,,,,437.6141130134904,589.5218897616464
2453223.9632,11.38366152,,,Vis.,WPX,,,,,,,,Z,,,,V517 OPH,VSS,STD,,,,,437.6141130134904,589.5218897616464
2453225.9285,11.478525366,,,Vis.,WPX,,,,,,,,Z,,,,V517 OPH,VSS,STD,,,,,437.6141130134904,589.5218897616464
2453226.9625,11.668253058000001,,,Vis.,JA,,,,,,,,V,,,,V517 OPH,,STD,,,,,437.6141130134904,589.5218897616464
2453226.9757,11.478525366,,,Vis.,WPX,,,,,,,,Z,,,,V517 OPH,VSS,STD,,,,,437.6141130134904,589.5218897616464
2453228.0007,11.573389212,,,Vis.,WPX,,,,,,,,Z,,,,V517 OPH,VSS,STD,,,,,437.6141130134904,589.5218897616464
2453228.9833,11.668253058000001,,,Vis.,WPX,,,,,,,,Z,,,,V517 OPH,VSS,STD,,,,,437.6141130134904,589.5218897616464
2453232.959,11.763116904,,,Vis.,JA,,,,,,,,V,,,,V517 OPH,,STD,,,,,437.6141130134904,589.5218897616464
2453244.9903,11.573389212,,,Vis.,WPX,,,,,,,,Z,,,,V517 OPH,VSS,STD,,,,,437.6141130134904,589.5218897616464
2453251.9707,11.478525366,,,Vis.,WPX,,,,,,,,Z,,,,V517 OPH,VSS,STD,,,,,437.6141130134904,589.5218897616464
2453256.8889,11.573389212,,,Vis.,JA,,,,,,,,V,,,,V517 OPH,,STD,,,,,437.6141130134904,589.5218897616464
2453258.9375,11.573389212,,,Vis.,WPX,,,,,,,,Z,,,,V517 OPH,VSS,STD,,,,,437.6141130134904,589.5218897616464
2453260.9438,11.668253058000001,,,Vis.,WPX,,,,,,,,Z,,,,V517 OPH,VSS,STD,,,,,437.6141130134904,589.5218897616464
2453261.9826,11.478525366,,,Vis.,WPX,,,,,,,,Z,,,,V517 OPH,VSS,STD,,,,,437.6141130134904,589.5218897616464
2453263.9625,11.38366152,,,Vis.,WPX,,,,,,,,Z,,,,V517 OPH,VSS,STD,,,,,437.6141130134904,589.5218897616464
2453264.9681,11.38366152,,,Vis.,WPX,,,,,,,,Z,,,,V517 OPH,VSS,STD,,,,,437.6141130134904,589.5218897616464
2453265.9535,11.38366152,,,Vis.,WPX,,,,,,,,Z,,,,V517 OPH,VSS,STD,,,,,437.6141130134904,589.5218897616464
2453266.8785,11.573389212,,,Vis.,JA,,,,,,,,V,,,,V517 OPH,,STD,,,,,437.6141130134904,589.5218897616464
2453268.9757,11.478525366,,,Vis.,WPX,,,,,,,,Z,,,,V517 OPH,VSS,STD,,,,,437.6141130134904,589.5218897616464
2453282.9229,11.478525366,,,Vis.,WPX,,,,,,,,Z,,,,V517 OPH,VSS,STD,,,,,437.6141130134904,589.5218897616464
2453286.9424,11.38366152,,,Vis.,WPX,,,,,,,,Z,,,,V517 OPH,VSS,STD,,,,,437.6141130134904,589.5218897616464
2453288.9326,11.478525366,,,Vis.,WPX,,,,,,,,Z,,,,V517 OPH,VSS,STD,,,,,437.6141130134904,589.5218897616464
2453292.8813,11.668253058000001,,,Vis.,JA,W,,,,,,,V,,,,V517 OPH,,STD,,,,,437.6141130134904,589.5218897616464
2453408.1493,11.573389212,,,Vis.,JA,,,,,,,,V,,,,V517 OPH,,STD,,,,,437.6141130134904,589.5218897616464
2453478.0208,11.38366152,,,Vis.,WPX,,,,,,,,Z,,,,V517 OPH,VSS,STD,,,,,437.6141130134904,589.5218897616464
2453491.9819,11.288797674000001,,,Vis.,JA,,,,,,,,V,,,,V517 OPH,,STD,,,,,437.6141130134904,589.5218897616464
2453496.9799,11.478525366,,,Vis.,JA,,,,,,,,V,,,,V517 OPH,,STD,,,,,437.6141130134904,589.5218897616464
2453498.9861,11.478525366,,,Vis.,WPX,,,,,,,,Z,,,,V517 OPH,VSS,STD,,,,,0.0,0.0
2453499.9688,11.478525366,,,Vis.,WPX,,,,,,,,Z,,,,V517 OPH,VSS,STD,,,,,437.6141130134904,589.5218897616464
2453516.9257,11.952844595999998,,,Vis.,WPX,,,,,,,,Z,,,,V517 OPH,VSS,STD,,,,,437.6141130134904,589.5218897616464
2453517.9589,11.952844595999998,,,Vis.,WPX,,,,,,,,Z,,,,V517 OPH,VSS,STD,,,,,437.6141130134904,589.5218897616464
2453520.7938,12.616891518,,,Vis.,JA,WZ,,,,,,,V,,,,V517 OPH,,STD,,,,,437.6141130134904,589.5218897616464
2453521.9625,12.047708442000003,,,Vis.,WPX,,,,,,,,Z,,,,V517 OPH,VSS,STD,,,,,437.6141130134904,589.5218897616464
2453522.8972,12.047708442000003,,,Vis.,WPX,,,,,,,,Z,,,,V517 OPH,VSS,STD,,,,,437.6141130134904,589.5218897616464
2453523.9951,12.047708442000003,,,Vis.,WPX,,,,,,,,Z,,,,V517 OPH,VSS,STD,,,,,437.6141130134904,589.5218897616464
2453527.8958,12.237436134000001,,,Vis.,JA,,,,,,,,V,,,,V517 OPH,,STD,,,,,437.6141130134904,589.5218897616464
2453528.0201,12.33229998,,,Vis.,WPX,,,,,,,,Z,,,,V517 OPH,VSS,STD,,,,,437.6141130134904,589.5218897616464
2453528.9757,12.711755364000002,,,Vis.,WPX,,,,,,,,Z,,,,V517 OPH,VSS,STD,,,,,437.6141130134904,589.5218897616464
2453533.9813,12.806619210000003,,,Vis.,WPX,,,,,,,,Z,,,,V517 OPH,VSS,STD,,,,,437.6141130134904,589.5218897616464
2453551.8563,12.522027672,,,Vis.,JA,,,,,,,,V,,,,V517 OPH,,STD,,,,,437.6141130134904,589.5218897616464
2453554.9819,13.660393824000002,,,Vis.,WPX,,,,,,,,Z,,,,V517 OPH,VSS,STD,,,,,437.6141130134904,589.5218897616464
2453561.8528,12.522027672,,,Vis.,JA,,,,,,,,V,,,,V517 OPH,,STD,,,,,437.6141130134904,589.5218897616464
2453567.9535,13.186074594,,,Vis.,WPX,,,,,,,,Z,,,,V517 OPH,VSS,STD,,,,,437.6141130134904,589.5218897616464
2453574.9222,13.186074594,,,Vis.,WPX,,,,,,,,Z,,,,V517 OPH,VSS,STD,,,,,437.6141130134904,589.5218897616464
2453576.9569,13.186074594,,,Vis.,WPX,,,,,,,,Z,,,,V517 OPH,VSS,STD,,,,,437.6141130134904,589.5218897616464
2453581.05,13.660393824000002,,,Vis.,WPX,,,,,,,,Z,,,,V517 OPH,VSS,STD,,,,,437.6141130134904,589.5218897616464
2453581.9694,13.186074594,,,Vis.,WPX,,,,,,,,Z,,,,V517 OPH,VSS,STD,,,,,437.6141130134904,589.5218897616464
2453588.0181,13.660393824000002,,,Vis.,WPX,,,,,,,,Z,,,,V517 OPH,VSS,STD,,,,,437.6141130134904,589.5218897616464
2453588.925,13.660393824000002,,,Vis.,WPX,,,,,,,,Z,,,,V517 OPH,VSS,STD,,,,,437.6141130134904,589.5218897616464
2453590.9944,13.660393824000002,,,Vis.,WPX,,,,,,,,Z,,,,V517 OPH,VSS,STD,,,,,437.6141130134904,589.5218897616464
2453592.9431,12.237436134000001,,,Vis.,JA,W,,,,,,,V,,,,V517 OPH,,STD,,,,,437.6141130134904,589.5218897616464
2453595.9625,13.186074594,,,Vis.,WPX,,,,,,,,Z,,,,V517 OPH,VSS,STD,,,,,437.6141130134904,589.5218897616464
2453605.9589,13.186074594,,,Vis.,WPX,,,,,,,,Z,,,,V517 OPH,VSS,STD,,,,,437.6141130134904,589.5218897616464
2453605.9597,12.237436134000001,,,Vis.,WPX,,,,,,,,Z,,,,V517 OPH,VSS,STD,,,,,437.6141130134904,589.5218897616464
2453606.9611,13.186074594,,,Vis.,WPX,,,,,,,,Z,,,,V517 OPH,VSS,STD,,,,,437.6141130134904,589.5218897616464
2453609.9389,13.186074594,,,Vis.,WPX,,,,,,,,Z,,,,V517 OPH,VSS,STD,,,,,437.6141130134904,589.5218897616464
2453613.9694,13.186074594,,,Vis.,WPX,,,,,,,,Z,,,,V517 OPH,VSS,STD,,,,,437.6141130134904,589.5218897616464
2453614.9028,11.763116904,,,Vis.,JA,,,,,,,,V,,,,V517 OPH,,STD,,,,,437.6141130134904,589.5218897616464
2453622.009,13.186074594,,,Vis.,WPX,,,,,,,,Z,,,,V517 OPH,VSS,STD,,,,,437.6141130134904,589.5218897616464
2453636.8479,11.668253058000001,,,Vis.,JA,,,,,,,,V,,,,V517 OPH,,STD,,,,,437.6141130134904,589.5218897616464
2453643.9556,13.660393824000002,,,Vis.,WPX,,,,,,,,Z,,,,V517 OPH,VSS,STD,,,,,437.6141130134904,589.5218897616464
2453644.9521,13.186074594,,,Vis.,WPX,,,,,,,,Z,,,,V517 OPH,VSS,STD,,,,,437.6141130134904,589.5218897616464
2453771.1417,11.668253058000001,,,Vis.,JA,Z,,,,,,,V,,,,V517 OPH,,STD,,,,,437.6141130134904,589.5218897616464
2453793.1611,12.237436134000001,,,Vis.,JA,W,,,,,,,V,,,,V517 OPH,,STD,,,,,437.6141130134904,589.5218897616464
2453798.1618,11.763116904,,,Vis.,JA,,,,,,,,V,,,,V517 OPH,,STD,,,,,0.0,0.0
2453832.066,12.616891518,,,Vis.,WPX,,,,,,,,Z,,,,V517 OPH,VSS,STD,,,,,0.0,0.0
2453832.9292,12.616891518,,,Vis.,KRB,,134,,PD1998,,,,V,,,,V517 OPH,,STD,,,,,0.0,0.0
2453833.0535,13.186074594,,,Vis.,WPX,,,,,,,,Z,,,,V517 OPH,VSS,STD,,,,,0.0,0.0
2453848.068,13.660393824000002,,,Vis.,WPX,,,,,,,,Z,,,,V517 OPH,VSS,STD,,,,,0.0,0.0
2453852.0458,12.237436134000001,,,Vis.,PAW,,,,,,,,V,,,,V517 OPH,,STD,,,,,0.0,0.0
2453854.9715,12.047708442000003,,,Vis.,JA,,,,,,,,V,,,,V517 OPH,,STD,,,,,0.0,0.0
2453858.009,13.660393824000002,,,Vis.,WPX,,,,,,,,Z,,,,V517 OPH,VSS,STD,,,,,0.0,0.0
2453858.0597,12.237436134000001,,,Vis.,PAW,         ,,,,,,,Z,,,,V517 OPH,,STD,,,,,0.0,0.0
2453859.9931,13.186074594,,,Vis.,WPX,,,,,,,,Z,,,,V517 OPH,VSS,STD,,,,,0.0,0.0
