time	flux	error
2458423.811,1.9592612080004772,7.083957083648001
2458424.799,1.9917621320004428,7.052927109520001
2458425.809,1.9456827400004926,7.071943415040001
2458426.797,1.9336401840005062,7.053084167560001
2458428.804,1.9092176720005358,7.0816357688360005
2458430.902,1.9411716640004977,7.070491795120001
2458431.8,1.9080846480005373,7.041545331320001
2458432.784,1.9681817280004679,7.064702305480001
2458433.891,2.018806784000416,7.07581750912
2458434.804,1.937183220000502,7.066181202360001
2458435.771,1.9895017360004454,7.075780968240001
2458437.773,1.9609121880004756,7.063763437760001
2458439.754,1.9899738440004446,7.0736880845200005
2458441.749,2.030749208000405,7.079058372600001
2458443.78,2.0419606960003946,7.0760827303200005
2458447.812,2.0872076000003554,7.0892786945360005
2458449.747,2.07005337600037,7.087443125368001
2458450.759,2.127631292000324,7.053305309280001
2458451.724,2.0808929320003613,7.093813788448
2458457.703,2.0738986720003663,7.085881392020001
2458462.706,2.0419974920003945,7.047147301600001
2458464.689,2.1056564320003406,7.090377097572001
2458465.687,2.114812196000334,7.092362529676001
2458466.71,2.1150471760003335,7.086182135128
2458468.675,2.0776486040003634,7.095213757004001
2458469.672,2.066575396000373,7.081111920792001
2458471.683,2.0762827960003647,7.056903587120001
2458472.69,2.088886704000354,7.090529216232001
2458475.693,2.096620820000348,7.0913823891600005
2458479.679,2.1365008600003175,7.089623324680002
2458481.676,2.117735740000332,7.098258254508001
2458482.673,2.154065992000305,7.099616030668
2458483.671,2.136636248000317,7.088643765340001
2458486.662,2.131403648000321,7.088763391884001
2458487.699,2.169429032000294,7.094370274128001
2458488.721,2.138183360000316,7.090263792536
2458490.648,2.138174356000316,7.096014254468
2458494.681,2.1782227720002885,7.082925976632001
2458506.682,2.2838052160002267,7.107695468316
2458508.692,2.311183404000213,7.102424806932001
2458509.711,2.3303153200002034,7.10515064842
2458510.678,2.3234643320002064,7.093043842828
2458511.691,2.341271612000199,7.1032008223080005
2458512.658,2.3520219440001937,7.099106729576
2458514.65,2.381704232000181,7.106847715640001
2458534.629,2.5100879120001345,7.108457008992001
2458540.673,2.55866258800012,7.107802966988
2458597.999,2.247752976000246,7.099722321612001
2458636.894,1.480664464001436,6.99177167444
2458675.974,1.5044806000013595,7.013976990720001
2458686.976,1.3660538560018702,6.978452206680001
2458717.993,1.4749076280014555,6.98224572236
2458730.993,1.573168508001161,6.9991112046
2458733.953,1.5117241600013367,7.01467066132
2458737.977,1.4411833840015726,6.983467648
2458743.01,1.6367705240010024,6.990162241
2458778.862,1.568654912001173,7.038435744080001
2458780.84,1.4714080120014674,6.98469396516
2458782.841,1.5675042800011758,6.9915898614000005
2458783.894,1.5319203840012763,7.01297478032
2458784.886,1.484913400001422,6.984667348000001
2458785.919,1.5421918640012466,7.019983407320002
2458786.852,1.618208224001046,7.025188009160001
2458787.808,1.5438095360012423,7.023519175400001
2458788.823,1.6301270800010184,7.0270615896000015
2458789.833,1.6801305920009075,7.0358888318
2458790.819,1.6622776240009454,7.034908103960001
2458791.812,1.6919448160008832,7.028274634400001
2458792.822,1.6312970640010154,7.034209950800001
2458793.785,1.6809918520009057,7.031293380040001
2458794.79,1.6477513920009774,7.043384468320001
2458795.796,1.6637077400009426,7.0463643654400006
2458796.78,1.628186520001023,7.0329854258
2458797.815,1.6587538280009533,7.0342603852400005
2458798.838,1.684889748000898,7.043274123320001
2458799.789,1.6376869800010005,6.99476692308
2458800.803,1.7353040240007995,7.05856764712
2458801.791,1.689388168000888,7.043271848160001
2458804.837,1.6648807920009399,7.025811654240001
2458805.788,1.5748737240011565,7.045420695640001
2458812.747,1.5190996000013148,7.046108916880001
2458827.748,1.492868180001396,7.022556508280001
2458830.803,1.620618948001041,6.97958815832
2458833.754,1.597720556001097,6.981467173680001
2458837.704,1.5460510560012357,6.99864907444
2458846.676,1.5770966520011502,7.028744503040001
2458849.726,1.6458709200009818,7.047668593720001
2458851.681,1.7359297240007983,7.0170446078
2458854.689,1.5325056440012748,7.01646129912
2458855.71,1.4722014360014646,7.0123161696
2458856.726,1.4576222800015146,7.004804557040001
2458859.659,1.4188131680016562,6.977680296840001
2458876.659,1.4054095640017077,6.995643360440001
2458877.665,1.4803540600014375,6.98832545672
2458878.657,1.4351663120015952,6.9892580010800005
2458882.656,1.518634560001316,7.01822408252
2458886.661,1.4610713360015029,6.9933933516
2458887.646,1.5693508080011709,7.004816980120001
2458891.651,1.4841818240014244,6.984084311320001
2458893.676,1.5341815800012701,7.010846419400001
2458894.65,1.536522012001263,6.977092148920001
2458895.659,1.5265264240012921,6.9983367351200005
2458896.655,1.5285783720012864,6.985740764480001
2458897.647,1.6246612160010314,7.02181603108
2458898.638,1.6610266520009482,7.0497993901600005
2458899.643,1.663392640000943,7.038314537800002
2458900.637,1.5136081080013317,6.976080149480001
2458906.627,1.6347265280010073,6.986667435040001
2458909.625,1.5980211960010964,7.01491481696
2458912.635,1.699574876000868,7.053145027240001
2458913.649,1.6215331400010384,7.0097876273600015
2458915.619,1.5930318920011093,7.0448097522
2458957.01,1.7450875240007815,6.99274732512
2458962.999,1.5389459600012558,6.9931564716
2458980.942,1.6380863200009994,6.977575691520001
2458992.932,1.6844995080008984,7.0081354320800004
2459009.876,1.6894819760008883,6.99629735396
2459014.867,1.6620720440009458,6.983193898480001
2459017.861,1.579764996001143,6.98351469604
2459089.013,2.0363862960004,7.099838782372001
2459093.004,2.0234945240004114,7.0906436454840005
2459094.997,2.0566562840003813,7.092751258124001
2459102.976,2.0178879640004177,7.059699031240001
2459104.977,2.0673884840003716,7.084188463256
2459107.968,2.098700892000346,7.097331147120001
2459109.961,2.084708076000358,7.081582338292001
2459111.955,2.104223480000342,7.094261526928
2459113.951,2.1532793160003054,7.096900523152001
2459115.943,2.1120578760003355,7.091926891972
2459119.931,2.1522747000003064,7.1029364015
2459121.924,2.09488959200035,7.0839102950960005
2459123.918,2.130165876000322,7.087415793912
2459125.911,2.1151507800003335,7.093554197180001
2459127.909,2.1525587920003058,6.99589129772
2459129.902,2.1172166520003324,7.095250367408001
2459133.89,2.107747460000339,7.0937060226040005
2459135.889,2.126532636000325,7.091784023196
2459137.882,2.097704420000347,7.08560535588
2459139.878,2.115553844000333,7.0840248872160005
2459141.87,2.0457262920003916,7.081910452432
2459143.868,2.1405282400003145,7.096683147552
2459145.864,2.109115596000338,7.097160753164001
2459149.85,2.099416304000346,7.074875738
2459151.842,2.1082219840003384,7.08145814712
2459153.835,2.113128120000335,7.0915580685520005
2459155.831,2.0814412600003607,7.080145780964
2459156.85,2.0901581120003536,7.085798989696001
2459157.824,2.112652064000335,7.090040380156001
2459158.822,2.1008376680003447,7.0958620320920005
2459163.929,2.078191648000363,7.091720350528
2459165.878,2.0361949040004004,7.080552698328001
2459169.813,2.0837387920003585,7.093004887736001
2459171.798,2.0728829040003673,7.090267936812001
2459173.781,2.0388131280003976,7.081019655924
2459174.78,2.0673202160003723,7.085201463176
2459176.772,2.069009084000371,7.091654978620001
2459178.767,2.062977464000376,7.090946505528001
2459180.762,2.0703340800003693,7.080259032704001
2459181.758,2.063644452000376,7.089710848520001
2459183.756,2.0379321800003978,7.0382631222
2459184.763,2.074694956000366,7.0912428128160006
2459185.748,2.064160704000375,7.07799002676
2459186.746,2.0970563240003477,7.083502308788001
2459187.743,2.1103723920003365,7.093108110016001
2459188.74,2.064092532000375,7.082118469692
2459189.739,2.1008419440003445,7.096101211020001
2459190.734,2.0777870720003637,7.0810553608880005
2459195.722,2.108145268000339,7.0962116998
2459197.718,2.104404196000342,7.042782259960001
2459199.735,2.1270712080003245,7.096439846992
2459200.707,2.0942898040003497,7.070328892000001
2459202.702,2.1403220800003147,7.094792536288001
2459203.717,2.1153469960003335,7.095274888332
2459204.695,2.1370423880003173,7.093782052588001
2459205.693,2.1335112480003193,7.097241171844001
2459206.691,2.1531187880003055,7.054278232400001
2459210.68,2.141327088000314,7.096519059564
2459211.683,2.1399010920003145,7.097318724728002
2459215.666,2.1280225520003238,7.09771734544
2459216.719,2.142126820000313,7.092730654632
2459217.711,2.127008356000325,7.091078433344001
2459218.689,2.1004652320003454,7.089785029996
2459219.674,2.1007368920003446,7.09292083254
2459220.686,2.131363124000321,7.093633705800001
2459221.684,2.1516604680003066,7.091246019972001
2459222.693,2.1143534840003335,7.0874993684600005
2459223.69,2.1072136880003396,7.0929059681
2459224.68,2.113813768000334,7.077855978840001
2459225.688,2.0810201520003604,7.02270147088
2459226.683,2.1004255280003448,7.0886225172240005
2459227.683,2.1218757880003283,7.096698066316001
2459228.67,2.1100973120003377,7.093089236508
2459229.666,2.100595784000345,7.088167329440001
2459231.651,2.1027537040003437,7.093281467624
2459232.671,2.086811324000356,7.095022769224001
2459233.668,2.0665891480003733,7.090628325684
2459243.705,2.0377820800003983,7.080172866360001
2459250.667,1.9719428720004637,7.082925881684
2459251.668,1.9786933800004562,7.0903442867000015
2459252.643,1.9616819920004749,7.081892685344001
2459253.647,1.9108011240005338,7.054399716720001
2459254.653,1.9429089120004954,7.07858261208
2459255.646,1.98516233600045,7.077401778000001
2459256.658,1.9169561960005261,7.072871730680001
2459257.643,1.9147595000005289,7.075069640040001
2459260.634,1.8957345600005526,7.053070866880001
2459263.653,1.8214150160006557,7.049735709800001
2459264.65,1.8276333480006466,7.052489423880001
2459265.647,1.8129058160006681,7.0690898236000015
2459266.652,1.7254470600008176,7.032518796520001
2459267.639,1.8277535720006461,7.045214205800001
2459268.641,1.6696828760009297,7.05991672788
2459269.637,1.7433159080007847,7.04017407236
2459270.647,1.654310232000963,7.026931699240001
2459271.635,1.7816623880007183,7.06085270192
2459272.63,1.6543547200009632,7.02626110172
2459273.631,1.6929006640008815,6.994872256560001
2459274.651,1.688903508000889,7.01832314064
2459460.0,1.381939944001803,6.9905760148
2459463.99,1.4200784320016513,6.9753689245200015
2459465.981,1.4548607440015242,6.97813083872
2459469.983,1.5145638640013284,7.01729296308
2459473.96,1.406355096001704,6.984350148320001
2459478.982,1.4789934840014416,7.0277360594000005
2459479.953,1.3711005400018483,7.017722009640001
2459489.916,1.4175090960016614,7.00107800064
2459496.93,1.4424655360015681,7.00451775608
2459498.962,1.4969816120013835,7.004957665400001
2459502.02,1.4890941840014087,7.0090349702
2459504.878,1.5946402440011045,7.041000232480001
2459507.902,1.4972116320013829,7.017685289480001
2459508.888,1.6188036360010454,7.04397826484
2459509.895,1.662816360000944,7.03565706868
2459514.847,1.6351253560010066,7.042060265640001
2459515.881,1.7282600240008121,7.0412947894
2459516.912,1.682248280000903,7.049722537200001
2459517.909,1.712480660000842,7.047964679720001
2459518.889,1.7666130400007436,7.066788857640001
2459520.867,1.7588564080007574,7.0519036041600005
2459521.927,1.7782177200007236,7.071432590080001
2459523.858,1.7140171720008397,7.020101108920001
2459524.887,1.787946716000708,7.060347866720001
2459525.883,1.8421739800006252,7.080842111552001
2459526.85,1.8164329440006632,7.079537756120001
2459527.879,1.7526264680007682,7.01339332324
2459529.808,1.8895397840005603,7.078998309880001
2459530.874,1.8770696360005767,7.0877446476640005
2459531.87,1.8915045440005576,7.0857262396
2459532.836,1.934429144000506,7.080418585124001
2459533.848,1.893021068000556,7.05881990988
2459534.799,1.917370440000526,7.080347299276001
2459535.794,1.9636285680004724,7.014307356960001
2459536.822,1.926996272000514,7.081924666372001
2459537.847,1.974520136000461,7.07646888136
2459538.86,1.9208073120005213,7.06606695464
2459540.79,1.9418695520004965,7.084802945004
2459542.771,1.9874672480004472,7.084979658968
2459543.839,2.00476395200043,7.080973716692
2459544.889,2.008425416000426,7.090456224644001
2459545.832,2.051505032000386,7.091201732628001
2459546.83,2.059112528000379,7.095067905764001
2459547.826,2.0435684960003933,7.094478809632
2459548.873,2.0734704360003673,7.0862961529440005
2459549.864,2.0594930240003793,7.097084083572
2459550.841,2.1008025600003446,7.0990215497880005
2459551.815,2.0834012360003586,7.089561648692001
2459552.849,2.1062466920003406,7.096524459316001
2459553.806,2.1328174600003202,7.0982358255000015
2459554.85,2.1617023640002992,7.0982856815240005
2459560.726,2.2224532840002604,7.102057566776001
2459566.824,2.3042323600002157,7.104048248156001
2459584.764,2.518027164000132,7.110630482496001
2459585.79,2.5326253400001284,7.107139978292
2459589.697,2.591833416000111,7.110491904236001
2459591.772,2.602890176000109,7.1101215967360005
2459600.751,2.6726714080000926,7.11452381388
2459604.709,2.6990647360000874,7.114345584584001
2459607.699,2.734112944000081,7.114117757188001
2459610.719,2.7567051360000763,7.112202454796002
2459613.703,2.8010882680000693,7.113050268808
2459615.694,2.8400883120000633,7.115304834372001
2459617.692,2.86447330800006,7.1153604027320005
2459619.695,2.885684640000057,7.116207521868801
2459839.961,2.280568092000228,7.099680030180001
2459841.952,2.2771450920002296,7.101139173708001
2459842.985,2.2811676200002275,7.1008909629920005
2459844.943,2.269101132000234,7.10287375482
2459848.934,2.2309632720002552,7.0987787098520005
2459849.938,2.203626036000272,7.096272245624
2459850.966,2.237587280000252,7.10088623762
2459852.978,2.210612972000268,7.090419020452001
2459853.956,2.228141364000257,7.096349887312001
2459855.951,2.2524238880002434,7.04266932952
2459858.94,2.2233254800002604,7.101098652248
2459859.941,2.2149952480002653,7.097519403704
2459873.868,2.107918456000339,7.05849385568
2459877.875,2.1866085920002827,7.089500568224
2459878.957,2.1605749000003005,7.099742081492001
2459880.881,2.167286204000296,7.092434099256001
2459881.91,2.1947620120002775,7.0926170465
2459882.908,2.1337080640003196,7.074433974320001
2459883.857,2.149373756000308,7.099831030096
2459889.827,2.1784243200002886,7.084712990100001
2459894.808,2.22386045600026,7.09260729982
2459896.803,2.185759076000283,7.100551606284
2459898.852,2.204517052000272,7.095551527456
2459899.863,2.1766649480002895,7.076883789440001
2459900.912,2.1906729160002802,7.083828996376001
2459901.84,2.1860618880002836,7.09327719544
2459902.903,2.163573368000298,7.088367020020001
2459903.814,2.1855734000002838,7.09616660734
2459904.851,2.163201148000298,7.095941065584
2459906.808,2.1648817280002977,7.097388083704001
