2458645.7875540005,17.91973405300186,0.002891109314860568,15.072813555127132,0.01741993471311693,15.072813555127132.1,0.01741993471311693.1,15.072813555127132.2,0.01741993471311693.2,1.2435324698725057,8.99824257314717e-09,12.0,2323.709619140625,54.892374334223085,861.9218674781857,687.3489488047708,0.0
2458552.875748662,0.7187425096278467,9.576872817518064e-05,0.6044894492327049,0.0006986765557001586,0.6044894492327049,0.0006986765557001586,15.064467679456872,0.0174117023962936,2.0758976613971143,6.174706116692667e-09,12.0,2183.508935546875,76.95993263199286,861.9218674781857,687.3489488047708,0.0
2458645.69297738,0.7191934152333154,8.315072563380695e-05,0.6049617102190865,0.000692610956969097,0.6049617102190865,0.000692610956969097,15.076236884650845,0.0172605417496411,2.186095644864416,9.726098026394113e-09,12.0,2302.436865234375,69.29360533235929,861.9218674781857,687.3489488047708,0.0
2458555.8661880703,0.7192877443835534,0.00010758992396124272,0.6050605069006884,0.0006954076268858439,0.6050605069006884,0.0006954076268858439,15.078698994483728,0.017330237496398,2.1515310363579667,1.0373966085446045e-08,12.0,2185.1926757812503,88.51765388635856,861.9218674781857,687.3489488047708,0.0
2458647.624302169,0.7189397897100809,0.00010237328719259465,0.6046960727146478,0.0006978255992383145,0.6046960727146478,0.0006978255992383145,15.069616938504309,0.0173904957298541,2.1146164000676584,8.312857936936295e-09,12.0,4464.60380859375,83.47852838294553,861.9218674781857,687.3489488047708,0.0
2458559.8573736465,0.7192975812190174,0.00010051654660043303,0.6050708096194009,0.0006941533560771855,0.6050708096194009,0.0006941533560771855,15.078955748300116,0.0172989798423855,2.17807878516749,1.0215732607873167e-08,12.0,2181.250634765625,83.80866044208354,861.9218674781857,687.3489488047708,0.0
2458653.789671092,0.7192603159038994,0.00014008906200601987,0.6050317793783437,0.0007019823543432196,0.6050317793783437,0.0007019823543432196,15.077983076559237,0.0174940861283445,2.1667649154229114,6.603412138476325e-09,12.0,12908.15078125,116.49245880980476,861.9218674781857,687.3489488047708,0.0
2458562.845562868,0.718665923791069,0.00039180275321590524,0.6044092362072271,0.0008046784528710754,0.6044092362072271,0.0008046784528710754,15.062468692491397,0.0200533732408705,1.645593000035824,1.0300341565561213e-08,12.0,4367.56630859375,252.1913191080072,861.9218674781857,687.3489488047708,2.0
2458654.6107783155,0.7190542571857028,0.0001365656818261122,0.6048159614946723,0.0007031436816354953,0.6048159614946723,0.0007031436816354953,15.072604684037506,0.0175230275391201,1.7816012227066058,9.973444080863036e-09,12.0,16786.986328125,93.80044777966124,861.9218674781857,687.3489488047708,0.0
2458573.816595727,0.7175741737642874,0.00033970015657600364,0.6032657797092893,0.0007878435020841078,0.6032657797092893,0.0007878435020841078,15.033972639371006,0.0196338298190003,1.591559660224947,7.916103690207385e-09,12.0,2664.694189453125,217.77927456054135,861.9218674781857,687.3489488047708,2.0
2458655.764973865,0.718737201674571,0.0001423846653530025,0.6044838898889766,0.0007073882107701796,0.6044838898889766,0.0007073882107701796,15.064329135179518,0.0176288053521905,1.384326019312102,8.628704170860147e-09,12.0,9224.1150390625,76.31710170427829,861.9218674781857,687.3489488047708,0.0
2458575.883880605,0.718685171081686,9.06858805283126e-05,0.6044293950705055,0.0006984814743824773,0.6044293950705055,0.0006984814743824773,15.062971071060112,0.0174068407792566,2.114130650129655,7.317106857727622e-09,12.0,2121.945703125,74.35035664571699,861.9218674781857,687.3489488047708,0.0
2458661.6532382253,0.7193215374443233,0.00037243235689308297,0.605095900437647,0.0007890559601220698,0.605095900437647,0.0007890559601220698,15.079581036005305,0.0196640454579147,0.2286797808522429,9.139842558264063e-09,12.0,1769.938134765625,31.34119018748115,861.9218674781857,687.3489488047708,4.0
2458582.797436348,0.7193746288098523,0.00010703548653857925,0.6051515062681111,0.0006945008988453892,0.6051515062681111,0.0006945008988453892,15.080966787629054,0.017307640947729,2.112160467711204,1.0283077520141856e-08,12.0,2168.9587890625,86.42891396938754,861.9218674781857,687.3489488047708,0.0
2458661.66505442,0.7194792683537824,0.00022620534900880132,0.6052611016548877,0.0007242513099273073,0.6052611016548877,0.0007242513099273073,15.083698011745549,0.0180490502589469,0.4378799249904521,8.745049045458153e-09,12.0,1843.1086669921876,36.69916385841573,861.9218674781857,687.3489488047708,4.0
2458583.794176527,0.7189375439195381,9.750679454490345e-05,0.6046937205610169,0.0006970819673871962,0.6046937205610169,0.0006970819673871962,15.069558320537704,0.0173719636975733,2.186685696855847,8.135664794613166e-09,12.0,2248.598974609375,82.15982021747874,861.9218674781857,687.3489488047708,0.0
2458661.676869136,0.7191874744845383,0.00021752720936255672,0.6049554881099727,0.0007239540892874921,0.6049554881099727,0.0007239540892874921,15.076081823612538,0.0180416432302091,0.4191946637937396,9.494141045298994e-09,12.0,1803.63828125,33.818232637202534,861.9218674781857,687.3489488047708,4.0
2458585.7888663937,0.7190709207106221,8.322214079084221e-05,0.6048334142222929,0.0006937798935611957,0.6048334142222929,0.0006937798935611957,15.07303962306166,0.0172896727916028,2.1891836938806537,1.031443157265315e-08,12.0,2301.518701171875,69.68026502542948,861.9218674781857,687.3489488047708,0.0
2457821.901764388,0.7194919906067111,0.00011365206312524963,0.6052744264475808,0.0006945606808981912,0.6052744264475808,0.0006945606808981912,15.084030078598191,0.0173091307748937,1.2835220731074377,9.156696431449456e-09,12.0,2273.4529296875,54.95180646026514,861.9218674781857,687.3489488047708,0.0
2458587.783633289,0.7191533460908986,9.932090133634754e-05,0.604919743358414,0.0006953211416130928,0.604919743358414,0.0006953211416130928,15.07519102947999,0.0173280821989023,2.207625236133581,9.48504442353135e-09,12.0,2258.49951171875,84.213040330766,861.9218674781857,687.3489488047708,0.0
2457844.73369158,0.7192403966853799,0.00010036023012157084,0.6050109167639258,0.0006946654961944457,0.6050109167639258,0.0006946654961944457,15.077463159824529,0.0173117428744841,1.1824918157578832,8.471617015103395e-09,12.0,1727.2864501953125,44.697628583143526,861.9218674781857,687.3489488047708,0.0
2458589.820394095,0.7190538336295522,0.00011601716524095172,0.6048155178784407,0.0006990873647505864,0.6048155178784407,0.0006990873647505864,15.072593628687589,0.0174219401592032,2.1815024245892447,1.0159698109985376e-08,12.0,2778.725244140625,97.82035193998676,861.9218674781857,687.3489488047708,0.0
2457844.746693229,0.7191040678518233,0.00012271300883959723,0.6048681312482284,0.0006998683910325876,0.6048681312482284,0.0006998683910325876,15.073904805267556,0.0174414040972371,1.1660811189481604,6.71062517852069e-09,12.0,1690.380859375,54.50217277923095,861.9218674781857,687.3489488047708,0.0
2458590.7758862977,0.7195998712788385,0.00010171939719432888,0.6053874164659185,0.0006915249205112662,0.6053874164659185,0.0006915249205112662,15.086845900249854,0.0172334766600213,2.2159958636567683,8.318094083163783e-09,12.0,3605.717724609375,85.56601712632357,861.9218674781857,687.3489488047708,0.0
2457844.7760724565,0.7188807053131723,0.00010511340760761519,0.604634190016306,0.0006988330258116049,0.604634190016306,0.0006988330258116049,15.06807476120036,0.0174156017843469,1.1673876402401957,6.946957020602835e-09,12.0,1699.2417236328124,46.69371438997327,861.9218674781857,687.3489488047708,0.0
2458601.7428098093,0.71996308357846,0.0007161708004535686,0.6057678308959118,0.001012357316880203,0.6057678308959118,0.001012357316880203,15.096326199521751,0.0252289334405448,1.329551319493528,1.0163471621347071e-08,12.0,3049.16259765625,361.79876401268535,861.9218674781857,687.3489488047708,2.0
2457845.731198966,0.718883012233443,8.887233105996151e-05,0.6046366061948348,0.0006963339301433297,0.6046366061948348,0.0006963339301433297,15.068134974729974,0.017353321878601,1.1785139599870524,7.320223215739556e-09,12.0,1797.339990234375,39.45995881058207,861.9218674781857,687.3489488047708,0.0
2458601.917299757,0.719613198933652,0.0008468541588086675,0.6054013753329894,0.0011195478046948874,0.6054013753329894,0.0011195478046948874,15.0871937688555,0.0279002251252536,1.3639420681341738,9.54487955208747e-09,12.0,3301.123046875,443.1713844803066,861.9218674781857,687.3489488047708,2.0
2457846.8609853685,0.7189420306983838,8.877739649083881e-05,0.6046984198385985,0.0006957586028945865,0.6046984198385985,0.0006957586028945865,15.06967543112638,0.0173389841614501,1.2332818457578076,8.03841460383227e-09,12.0,1626.190234375,41.34816925659928,861.9218674781857,687.3489488047708,0.0
2458604.738709719,0.7191603371361847,9.229703165266844e-05,0.6049270655072243,0.0006941926549470936,0.6049270655072243,0.0006941926549470936,15.075373504582304,0.0172999592086198,2.141673770001816,5.5497842084655996e-09,12.0,2165.562255859375,75.57040116953655,861.9218674781857,687.3489488047708,0.0
2457847.7405485627,0.0,0.0,0.0,0.0,0.0,0.0,0.0,0.0,0.0,0.0,12.0,0.0,0.0,0.0,0.0,5.0
2458605.7360795,0.7191670396464869,8.669693530786345e-05,0.6049340854557195,0.0006933368803092746,0.6049340854557195,0.0006933368803092746,15.075548448557509,0.0172786324685275,2.0360859935652,9.70875586054128e-09,12.0,2256.75771484375,67.37218929668818,861.9218674781857,687.3489488047708,0.0
2457848.91727625,0.7189910521066869,9.098435209045169e-05,0.6047497629542271,0.0006956054625251722,0.6047497629542271,0.0006956054625251722,15.070954951731627,0.0173351677538215,1.2502693756890648,1.0362351839980327e-08,12.0,1805.3050537109373,42.944339878824245,861.9218674781857,687.3489488047708,0.0
2458606.733463814,0.7189387352913164,8.834350468404476e-05,0.6046949683574612,0.0006957293739404882,0.6046949683574612,0.0006957293739404882,15.069589416844233,0.0173382557473564,2.162442457325762,9.642654608533304e-09,12.0,2184.23271484375,73.43934105387015,861.9218674781857,687.3489488047708,0.0
2457849.789904132,0.719482618647915,8.968087863495059e-05,0.6052646106226018,0.000690788505204551,0.6052646106226018,0.000690788505204551,15.083785458649354,0.0172151244710778,1.2610113776115044,7.131647512849676e-09,12.0,1692.719897460937,42.09928676387301,861.9218674781857,687.3489488047708,0.0
2458608.8262262885,0.7193804056821533,9.669741401723064e-05,0.6051575567393807,0.000692781431431399,0.6051575567393807,0.000692781431431399,15.081117571284585,0.0172647901398004,2.2097508725905177,8.19382874350012e-09,12.0,2478.9275390625003,81.60200879630581,861.9218674781857,687.3489488047708,0.0
2457851.834647825,0.719049414274495,8.939744547816545e-05,0.6048108892179113,0.0006948259239092107,0.6048108892179113,0.0006948259239092107,15.072478277944851,0.0173157408898788,1.2574459564018254,7.523901410151435e-09,12.0,2107.0984375,42.32704347887443,861.9218674781857,687.3489488047708,0.0
2458611.7201801976,0.7190384182928969,9.206553665454862e-05,0.6047993724546405,0.0006953122084947552,0.6047993724546405,0.0006953122084947552,15.07219126895192,0.0173278595768654,1.9420810776920183,6.460715669449928e-09,12.0,2125.17470703125,68.44926397172925,861.9218674781857,687.3489488047708,0.0
2457864.884784566,0.7191337739886043,0.00012016030230056555,0.6048992443000235,0.0006991034065265814,0.6048992443000235,0.0006991034065265814,15.074680172916697,0.0174223399359343,1.211261554503697,7.735151951261686e-09,12.0,1806.8321533203125,55.391289708768745,861.9218674781857,687.3489488047708,0.0
2458613.7682784777,0.7191801699360468,8.019488092791536e-05,0.6049478376101035,0.0006923537266853216,0.6049478376101035,0.0006923537266853216,15.07589116568103,0.0172541313196476,2.1757842692616367,7.593573183452991e-09,12.0,2312.16005859375,66.51750168761431,861.9218674781857,687.3489488047708,0.0
2457867.794765722,0.719510154886925,0.00011570009172677306,0.6052934510079027,0.0006947629055121396,0.6052934510079027,0.0006947629055121396,15.084504189228989,0.0173141704098529,1.2170909349636538,9.835757050200786e-09,12.0,1615.2249755859375,52.9535285916679,861.9218674781857,687.3489488047708,0.0
2458617.8568117856,0.7189441205024928,0.00010599870154265529,0.604700608618108,0.0006983780614707624,0.604700608618108,0.0006983780614707624,15.06972997765026,0.0174042636284591,2.1725777882452486,9.329784429409478e-09,12.0,2686.144384765625,89.03188995596521,861.9218674781857,687.3489488047708,0.0
2457914.6605600743,0.7174936720886459,0.0003811670732105502,0.6031814653865515,0.0008090875363899517,0.6031814653865515,0.0008090875363899517,15.03187144407072,0.0201632519099696,1.285980227146258,8.879705774976787e-09,12.0,57246.416406250006,196.95314235884183,861.9218674781857,687.3489488047708,2.0
2458618.70156257,0.7188920556217596,0.00010187814180332123,0.6046460778878784,0.0006981993547287325,0.6046460778878784,0.0006981993547287325,15.068371018574757,0.0173998100818458,2.133379160655141,5.380956624175064e-09,12.0,3844.600830078125,83.89843309838348,861.9218674781857,687.3489488047708,0.0
2457914.676125683,0.7167216995133816,0.00045554768049467737,0.6023729313487565,0.000856722212905156,0.6023729313487565,0.000856722212905156,15.01172198588653,0.0213503545892563,1.2837867668443366,5.858074986711e-09,12.0,57740.3640625,239.31265733006265,861.9218674781857,687.3489488047708,2.0
2458618.8897766625,0.718721224962313,0.00010378452247713733,0.6044671565022136,0.0007001343565475116,0.6044671565022136,0.0007001343565475116,15.06391212283235,0.0174480322177254,2.0876206416119154,5.5137657859959195e-09,12.0,3543.365673828125,84.0325086895228,861.9218674781857,687.3489488047708,0.0
2457915.53601796,0.7192212095825815,0.00025897734310131686,0.6049908209390269,0.0007384677593265944,0.6049908209390269,0.0007384677593265944,15.076962352233815,0.0184033380678806,1.1642021262021718,9.3042171211588e-09,12.0,20876.31015625,116.13008400361132,861.9218674781857,687.3489488047708,0.0
2458625.7003256227,0.7189829508034763,0.0001087022618649199,0.6047412779644666,0.0006984662392640811,0.6047412779644666,0.0006984662392640811,15.070743497496704,0.017406461105221,2.2039996947967344,7.384312469531621e-09,12.0,10142.262890625,92.37920583763712,861.9218674781857,687.3489488047708,0.0
2457915.84461488,0.7191521402568541,0.0001813069157437497,0.604918480414755,0.0007132501591654814,0.604918480414755,0.0007132501591654814,15.075159555690073,0.0177748908335033,1.198417527837546,8.939470110625027e-09,12.0,17150.310546875,83.48039514133076,861.9218674781857,687.3489488047708,0.0
2458626.6764046648,0.7190921012091037,0.00011561856244950516,0.6048555978522672,0.000698654618234471,0.6048555978522672,0.000698654618234471,15.073592460794696,0.0174111556932151,2.1713045468002137,6.534875468220846e-09,12.0,7292.56572265625,96.83396457909107,861.9218674781857,687.3489488047708,0.0
2457917.65710363,0.7179427794833794,0.00016391849916862027,0.6036518429969775,0.0007200287828078342,0.6036518429969775,0.0007200287828078342,15.043593713695772,0.0179438207575922,1.2028473423899708,8.735027895641857e-09,12.0,11291.4583984375,77.87835293435737,861.9218674781857,687.3489488047708,0.0
2458627.8000402674,0.7190514395364127,0.00010927240477793084,0.6048130103984405,0.000697916766595751,0.6048130103984405,0.000697916766595751,15.0725311398361,0.0173927677094747,2.0464779950380376,8.203447147064111e-09,12.0,3579.4677734375,86.14239136786242,861.9218674781857,687.3489488047708,0.0
2457917.783162222,0.7181626896677282,0.00015569179727471468,0.6038821683673352,0.0007159098853956452,0.6038821683673352,0.0007159098853956452,15.049333646959978,0.0178411738097924,1.193283768006349,7.404834648183405e-09,12.0,9735.3146484375,72.95044216167723,861.9218674781857,687.3489488047708,0.0
2458629.672143226,0.7205477870558932,0.002022722863759751,0.6063802265672991,0.0022233062880491926,0.6063802265672991,0.0022233062880491926,15.11158769798192,0.0554069649360527,0.0283415903929855,1.0008785522181387e-08,12.0,1476.3460693359375,19.235797336912206,861.9218674781857,687.3489488047708,6.0
2457918.644939944,0.7179776642643211,0.00018876672827735567,0.6036883799591649,0.0007263416352919478,0.6036883799591649,0.0007263416352919478,15.044504250491206,0.0181011432093452,0.7679984175595053,9.217018460678515e-09,12.0,6833.6134765625,56.817812977439374,861.9218674781857,687.3489488047708,0.0
2458631.7562794965,0.719185035036238,0.00013329463810407804,0.6049529331267423,0.0007012313793605751,0.6049529331267423,0.0007012313793605751,15.07601815093414,0.0174753710980516,1.446934774763773,6.963601469064037e-09,12.0,2338.04599609375,73.9296837279884,861.9218674781857,687.3489488047708,0.0
2457919.715205584,0.7193845339789624,0.0003748166319355978,0.6051618805568262,0.0007897755520817515,0.6051618805568262,0.0007897755520817515,15.081225325039826,0.0196819783926132,0.2805583484480222,6.144684227637658e-09,12.0,5634.9498046875,39.256979721629456,861.9218674781857,687.3489488047708,4.0
2458635.818633756,0.7185898240767182,8.582731157533688e-05,0.6043295323274647,0.0006987242332178437,0.6043295323274647,0.0006987242332178437,15.060482393934604,0.0174128905666167,2.1568686850967342,1.0020008124483169e-08,12.0,2561.82373046875,71.78071957998903,861.9218674781857,687.3489488047708,0.0
2457919.8456720416,0.7201649529723602,0.0009375840652601878,0.6059792610443226,0.001193315010823705,0.6059792610443226,0.001193315010823705,15.10159524539384,0.0297385759747878,0.2090203010579044,9.833245151018243e-09,12.0,8341.5484375,73.46490906977432,861.9218674781857,687.3489488047708,4.0
2458637.7195931133,0.7191857305246804,8.502674222178582e-05,0.6049536615542749,0.0006929333427188408,0.6049536615542749,0.0006929333427188408,15.076036304059953,0.0172685759175054,2.197203350444791,9.418672202554557e-09,12.0,2479.044970703125,71.27175522561178,861.9218674781857,687.3489488047708,0.0
2457920.808129834,0.0,0.0,0.0,0.0,0.0,0.0,0.0,0.0,0.0,0.0,12.0,0.0,0.0,0.0,0.0,5.0
2458638.6479320894,0.719194434662574,0.0001076138935483769,0.6049627779296259,0.0006962871625227069,0.6049627779296259,0.0006962871625227069,15.076263493040676,0.0173521563838017,1.8120700318603304,8.758131753943974e-09,12.0,1976.5860351562496,74.59465277102056,861.9218674781857,687.3489488047708,0.0
2457922.617183335,0.7191563102250096,0.00023830605604383237,0.6049228478771469,0.0007313739625656312,0.6049228478771469,0.0007313739625656312,15.075268397120023,0.0182265537217422,0.2662678729900557,9.668630001905017e-09,12.0,1578.659423828125,22.577095943712227,861.9218674781857,687.3489488047708,4.0
2458639.807409977,0.7184889066372793,0.0002888803997060751,0.6042238353281049,0.000756993727326682,0.6042238353281049,0.000756993727326682,15.057848321441377,0.018865023290877,0.7060200457116551,7.27853338126783e-09,12.0,2234.712060546875,79.80775760058697,861.9218674781857,687.3489488047708,0.0
2457922.6727261646,0.7198421751281489,0.0003083725916322998,0.6056411960896169,0.0007537093563276036,0.6056411960896169,0.0007537093563276036,15.093170336422824,0.0187831735566496,0.2897009789731629,5.678907598738258e-09,12.0,1480.518505859375,32.561866234493856,861.9218674781857,687.3489488047708,4.0
2458641.7617953583,0.7188932381740442,0.0001079176632353021,0.6046473164471282,0.0006991827909946216,0.6046473164471282,0.0006991827909946216,15.06840188468137,0.0174243182744389,2.1041404159715857,9.489380605715933e-09,12.0,2353.175830078125,88.01991981971852,861.9218674781857,687.3489488047708,0.0
2457923.8141420176,0.719141050030973,0.00010714910637382258,0.604906864943689,0.0006967106715130697,0.604906864943689,0.0006967106715130697,15.074870086802436,0.0173627106416227,1.1463499891236182,7.900478512091875e-09,12.0,1926.15654296875,46.49344140452094,861.9218674781857,687.3489488047708,0.0
2458642.6375928437,0.7193391549183861,9.189340357963894e-05,0.6051143522944828,0.0006924506665310206,0.6051143522944828,0.0006924506665310206,15.080040874305672,0.0172565471553156,2.151020705716625,7.315105701165559e-09,12.0,2297.538427734375,75.19920438261532,861.9218674781857,687.3489488047708,0.0
2457928.51993801,0.7191455263527488,0.0053560432572131245,0.6049115532689426,0.005651691230900086,0.6049115532689426,0.005651691230900086,15.074986924448394,0.1408456673482628,0.0095572509026773,4.383667080200308e-09,12.0,1042.5328369140625,17.381853526420798,861.9218674781857,687.3489488047708,6.0
2458644.7067222367,0.7191853093786051,7.464848022652625e-05,0.6049532204622627,0.0006916243874904007,0.6049532204622627,0.0006916243874904007,15.076025311616048,0.0172359554743236,2.2104676602168936,7.881831939972401e-09,12.0,2151.8708984375,62.710058702187645,861.9218674781857,687.3489488047708,0.0
2458656.664031166,0.7191111185885752,0.00015261135802114903,0.6048755159155571,0.0007062245150553884,0.6048755159155571,0.0007062245150553884,15.074088838392436,0.0175998049180118,1.1457078612804694,8.53872588393823e-09,12.0,7134.414746093749,66.86355318741093,861.9218674781857,687.3489488047708,0.0
2457928.6362991566,0.7198023737451855,0.00015723142732409313,0.6055995096697772,0.0007009906437663333,0.6055995096697772,0.0007009906437663333,15.09213147011152,0.0174693717318371,0.6435401884571368,8.008800772260412e-09,12.0,1755.2037353515625,37.23409249281941,861.9218674781857,687.3489488047708,4.0
2458661.629563602,0.7191049432475038,0.00018601584224648974,0.6048690481036024,0.0007150123806828722,0.6048690481036024,0.0007150123806828722,15.073927654199275,0.0178188071154607,0.3812742393919492,8.579910596293115e-09,12.0,1744.8311279296877,25.69356153219565,861.9218674781857,687.3489488047708,4.0
2457928.66047753,0.7196666813849925,0.00013977988704459295,0.6054573907715155,0.0006981640966051718,0.6054573907715155,0.0006981640966051718,15.088589728312355,0.0173989314149584,0.6966436500870657,9.287657177398038e-09,12.0,1730.5367919921875,35.80933295545016,861.9218674781857,687.3489488047708,4.0
2458661.641392995,0.7191122082682937,0.0002978421142733139,0.6048766572036948,0.0007553157535722916,0.6048766572036948,0.0007553157535722916,15.074117280407902,0.0188232065454862,0.3222567208983751,8.876716667160157e-09,12.0,1764.66767578125,35.862807528192,861.9218674781857,687.3489488047708,4.0
2458668.699737273,0.7191182034239556,8.54444396984937e-05,0.6048829362964627,0.0006936282246510407,0.6048829362964627,0.0006936282246510407,15.074273761534547,0.0172858930541766,2.174238470809737,7.296290489852169e-09,12.0,1898.6035400390624,70.98043328215087,861.9218674781857,687.3489488047708,0.0
2457929.5496925926,0.0,0.0,0.0,0.0,0.0,0.0,0.0,0.0,0.0,0.0,12.0,0.0,0.0,0.0,0.0,5.0
2457932.761245984,0.7183486067813669,0.00014941039798802746,0.6040768907181049,0.000712661058788976,0.6040768907181049,0.000712661058788976,15.05418631819082,0.0177602098765518,0.9794558577556566,7.039514498072766e-09,12.0,1675.1504638671872,56.896507467474656,861.9218674781857,687.3489488047708,0.0
2457932.820281127,0.7182875849618117,0.00016087975576384233,0.6040129788386686,0.0007159753447305745,0.6040129788386686,0.0007159753447305745,15.052593571711418,0.0178428051203746,0.9568172542477498,6.518016146383189e-09,12.0,1847.981591796875,59.9005433740188,861.9218674781857,687.3489488047708,0.0
2457933.67219274,0.7192428153884746,8.796402842183169e-05,0.605013450019435,0.0006927970113014227,0.605013450019435,0.0006927970113014227,15.077526291026889,0.0172651784053834,1.132698859939772,1.0382843651729372e-08,12.0,1483.0667724609375,37.05823432087855,861.9218674781857,687.3489488047708,0.0
2457936.722972521,0.7188317264897657,0.00011450887484077905,0.6045828915024413,0.0007009152038413376,0.6045828915024413,0.0007009152038413376,15.066796352114638,0.0174674916951991,1.161831495967696,7.85630498931304e-09,12.0,2139.624560546875,50.87003967705047,861.9218674781857,687.3489488047708,0.0
2457936.787188911,0.7189847091773062,0.0001023945571966179,0.6047431196167979,0.0006974031858377343,0.6047431196167979,0.0006974031858377343,15.070789393272152,0.0173799687752009,1.1300472604914067,1.0368496449203772e-08,12.0,1596.512109375,43.79188955657125,861.9218674781857,687.3489488047708,0.0
2457937.768111161,0.7188460788634714,0.00011558295114910484,0.6045979236202083,0.0007009724042161243,0.6045979236202083,0.0007009724042161243,15.06717096717623,0.0174689171844253,1.1265035203057958,9.628861216670341e-09,12.0,2255.2719238281247,49.79026138527972,861.9218674781857,687.3489488047708,0.0
2457938.5007220856,0.718728194023456,0.00013504552826953365,0.6044744556256876,0.0007058930160203824,0.6044744556256876,0.0007058930160203824,15.064094024120791,0.0175915436381748,1.120982727104226,8.556957166452194e-09,12.0,5819.24970703125,58.18947246970315,861.9218674781857,687.3489488047708,0.0
2457939.47026248,0.0,0.0,0.0,0.0,0.0,0.0,0.0,0.0,0.0,0.0,12.0,0.0,0.0,0.0,0.0,5.0
2457941.580708092,0.7196573952626721,0.001551030388927173,0.6054476648483214,0.0017621246088089352,0.6054476648483214,0.0017621246088089352,15.08834734880383,0.0439138669008577,0.3319684105431264,3.283013714453585e-09,12.0,66566.15625,196.9487734398826,861.9218674781857,687.3489488047708,6.0
2457941.788830149,0.7169314486340467,0.00045492750312761676,0.6025926144163802,0.00085458010430058,0.6025926144163802,0.00085458010430058,15.017196702568748,0.021296971149925,0.8769794411521271,5.547251772425965e-09,12.0,43563.42578125,162.41019345810088,861.9218674781857,687.3489488047708,0.0
2457942.48499078,0.718529072273219,0.00032545302231421424,0.6042659032523389,0.0007727506463394056,0.6042659032523389,0.0007727506463394056,15.058896695214928,0.0192577011076632,1.12596179409202,7.010900370769243e-09,12.0,32215.015625,143.5565728443264,861.9218674781857,687.3489488047708,0.0
2457942.7506021904,0.7200004841178342,0.00038366236737988015,0.6058070027655932,0.0007894500885068764,0.6058070027655932,0.0007894500885068764,15.097302400786324,0.0196738675223395,1.113792891200271,9.26179884843301e-09,12.0,26571.876171875003,162.0603342548516,861.9218674781857,687.3489488047708,0.0
2457944.685506,0.7183709982178196,0.00017309701091971775,0.6041003426373922,0.0007183044344119527,0.6041003426373922,0.0007183044344119527,15.0547707629327,0.017900848310826,1.1454642966927338,8.933487118860078e-09,12.0,7851.8037109375,77.5669854344016,861.9218674781857,687.3489488047708,0.0
2457945.632456465,0.7166256420898529,0.00016551342966372842,0.6022723245409574,0.0007333360468486479,0.6022723245409574,0.0007333360468486479,15.009214765940262,0.018275450779091,1.1665067512454137,9.148845748948583e-09,12.0,10072.121484375,78.90837430549118,861.9218674781857,687.3489488047708,0.0
2457945.7313681445,0.7162138302374329,0.00015932544357330803,0.6018410088303768,0.000735975303228345,0.6018410088303768,0.000735975303228345,14.998465957024026,0.0183412236267068,1.16158538315315,9.24863106625342e-09,12.0,8490.033203125,76.1076370979837,861.9218674781857,687.3489488047708,0.0
2457946.529982985,0.7191312768848741,8.555232620739817e-05,0.6048966289307389,0.0006935190849846835,0.6048966289307389,0.0006935190849846835,15.074614995358829,0.0172831731870582,1.1605337421301187,9.556658334617316e-09,12.0,2059.36630859375,37.03195420356421,861.9218674781857,687.3489488047708,0.0
2457946.687990557,0.7191270157275937,0.00010488135081069502,0.604892165960406,0.0006964642612139626,0.604892165960406,0.0006964642612139626,15.07450377377767,0.0173565698562186,1.1665579057402995,6.543682248633881e-09,12.0,2554.00556640625,46.20581442542916,861.9218674781857,687.3489488047708,0.0
2457947.677525408,0.7187938067121611,0.0004049151313807933,0.604543175802841,0.0008107143327128572,0.604543175802841,0.0008107143327128572,15.065806598077154,0.0202037932637659,0.3065449401147896,8.621512412389914e-09,12.0,7220.829785156249,47.44820093796452,861.9218674781857,687.3489488047708,4.0
2457948.575485768,0.7187975249599624,0.00012614982079520664,0.6045470701509106,0.0007034278279240519,0.6045470701509106,0.0007034278279240519,15.065903649035944,0.0175301087422505,0.9999459775452362,9.40169277840666e-09,12.0,1565.034130859375,48.207348524161496,861.9218674781857,687.3489488047708,0.0
2457948.5941631044,0.7189749848751559,0.00012458094220310403,0.6047329347610997,0.0007014440685174661,0.6047329347610997,0.0007014440685174661,15.070535576717232,0.0174806715196451,0.8655595258562725,8.364020203814758e-09,12.0,1580.0937255859376,40.732440420468194,861.9218674781857,687.3489488047708,0.0
2457954.574370821,0.7192458580820406,0.00011643357018301059,0.6050166368182845,0.0006973602599174826,0.6050166368182845,0.0006973602599174826,15.077605709167818,0.0173788990193283,1.102105396918743,8.565869497294999e-09,12.0,1701.459130859375,48.47537541870714,861.9218674781857,687.3489488047708,0.0
2457954.772326633,0.7189546601504432,0.00019104516943935346,0.6047116474352726,0.000717847162275467,0.6047116474352726,0.000717847162275467,15.07000507575926,0.017889452642416,0.411831631792437,9.390497469424948e-09,12.0,1730.1008544921874,28.9755855124738,861.9218674781857,687.3489488047708,4.0
2457955.622977011,0.7188906722002202,0.00010297063458625149,0.6046446289459875,0.0006983882823906518,0.6046446289459875,0.0006983882823906518,15.068334909527172,0.0174045183437689,1.1228593896090189,7.178586434347512e-09,12.0,1622.8270751953123,43.9097575078695,861.9218674781857,687.3489488047708,0.0
2457956.567324613,0.7190829269699544,8.353692222774279e-05,0.6048459891111526,0.0006937075429223222,0.6048459891111526,0.0006937075429223222,15.073353001578091,0.0172878697429933,1.1806579716484398,9.36412047791082e-09,12.0,1795.6720947265626,36.891356686533975,861.9218674781857,687.3489488047708,0.0
2457958.574212403,0.0,0.0,0.0,0.0,0.0,0.0,0.0,0.0,0.0,0.0,12.0,0.0,0.0,0.0,0.0,5.0
2457960.656543944,0.7188894458611377,0.00010518886212790164,0.6046433445261493,0.0006987624672676057,0.6046433445261493,0.0006987624672676057,15.068302900529885,0.0174138433964926,1.1785574567567103,7.380274076897123e-09,12.0,1441.869140625,47.1707704634556,861.9218674781857,687.3489488047708,0.0
2457965.5901423763,0.7118306794824254,0.0024561054363651537,0.5972502672784565,0.002683716142342646,0.5972502672784565,0.002683716142342646,14.884060192256046,0.0668808283394769,0.0563624803599724,7.042317492698187e-09,12.0,6664.15048828125,62.72138276222704,861.9218674781857,687.3489488047708,4.0
2457968.5422746576,0.0,0.0,0.0,0.0,0.0,0.0,0.0,0.0,0.0,0.0,12.0,0.0,0.0,0.0,0.0,5.0
2457968.704035311,0.719159541243155,0.00016647648589598248,0.6049262319198333,0.0007092043893274957,0.6049262319198333,0.0007092043893274957,15.07535273077008,0.0176740662963005,1.158841631995221,8.492525495932672e-09,12.0,9705.15078125,73.93893290884,861.9218674781857,687.3489488047708,0.0
2457969.754045121,0.719473948400641,0.0003741303452173592,0.6052555297429673,0.0007886851621848813,0.6052555297429673,0.0007886851621848813,15.083559154256568,0.0196548048110391,1.0934238074905327,8.992878103823271e-09,12.0,24190.147656250003,156.93906982299148,861.9218674781857,687.3489488047708,0.0
2457970.558578161,0.7189736283784761,0.00020508497472827,0.6047315140192587,0.0007219103491629601,0.6047315140192587,0.0007219103491629601,15.070500170442449,0.0179907112295095,1.1508254840878784,7.106253748493978e-09,12.0,12655.3556640625,91.26382468660452,861.9218674781857,687.3489488047708,0.0
2457971.504186619,0.7189831025190447,0.000210662140665503,0.6047414368654502,0.0007235833437985442,0.6047414368654502,0.0007235833437985442,15.070747457464464,0.0180324038903949,1.173297282348814,8.243061979894616e-09,12.0,12087.1873046875,95.58378777070338,861.9218674781857,687.3489488047708,0.0
2457972.4779339395,0.7175283613672556,0.0003230245899531742,0.6032177975872034,0.0007805252670702912,0.6032177975872034,0.0007805252670702912,15.032776878008638,0.0194514522523178,1.1641433604849307,9.018771313905576e-09,12.0,23629.308203125,150.84389604590046,861.9218674781857,687.3489488047708,2.0
2457973.5586458915,0.7122137294006018,0.0003758365967798281,0.5976514588582402,0.0008562760288901226,0.5976514588582402,0.0008562760288901226,14.894058278400632,0.0213392352476663,0.9808155525277844,5.495666281461394e-09,12.0,14397.6345703125,166.8319854499965,861.9218674781857,687.3489488047708,0.0
2457973.6908085914,0.6925380730500799,0.0019693269437627975,0.5770439419786415,0.0023002224734924533,0.5770439419786415,0.0023002224734924533,14.380498823590242,0.0573237914267514,0.0986249591792635,7.920032538916043e-09,12.0,49400.240625,138.19187936315913,861.9218674781857,687.3489488047708,6.0
2457974.488831212,0.719116836346599,0.00011360599143277954,0.6048815044728325,0.0006980595831330024,0.6048815044728325,0.0006980595831330024,15.074238079090742,0.0173963268371191,1.1553554649200906,7.474065339584598e-09,12.0,4606.8091796875,49.85619150887391,861.9218674781857,687.3489488047708,0.0
2457979.571866205,0.7190485267784863,9.214070579734403e-05,0.6048099596891242,0.0006952273385385003,0.6048099596891242,0.0006952273385385003,15.072455113179304,0.017325744534635,1.1522084562555437,7.723490610885824e-09,12.0,1779.3978759765623,39.97230845026502,861.9218674781857,687.3489488047708,0.0
2457980.5027886257,0.7190421365886421,0.00011076498481334445,0.6048032668529243,0.0006982625958621111,0.6048032668529243,0.0006982625958621111,15.072288321162096,0.0174013861126781,1.1209570071010126,9.993082616138129e-09,12.0,2112.265283203125,47.1535101871594,861.9218674781857,687.3489488047708,0.0
2457980.6178851826,0.7177144361005722,0.00012588974719933635,0.603412685022691,0.0007138131559142718,0.603412685022691,0.0007138131559142718,15.037633663311937,0.0177889212625481,1.0977268611157565,5.61987145016616e-09,12.0,2203.170068359375,54.29581674301763,861.9218674781857,687.3489488047708,0.0
2457981.624695877,0.7192107527501179,0.0001147522211647694,0.6049798688595811,0.0006973833923197073,0.6049798688595811,0.0006973833923197073,15.076689415713515,0.0173794755013928,1.1304118778131789,8.883883657821212e-09,12.0,1893.065625,49.07775072081601,861.9218674781857,687.3489488047708,0.0
2457983.67671308,0.7159000758910373,0.000250711340885048,0.6015123947361782,0.000766464797566257,0.6015123947361782,0.000766464797566257,14.990276572730634,0.0191010516147709,0.9175613485710616,9.402161146507804e-09,12.0,1861.39345703125,95.28305863999594,861.9218674781857,687.3489488047708,2.0
2457986.609924924,0.7164069664781612,0.00016540576373839878,0.6020432922139636,0.0007354997747904936,0.6020432922139636,0.0007354997747904936,15.003507056580029,0.0183293729934298,1.0170064128264875,7.298279553283419e-09,12.0,1710.02080078125,68.27087981361001,861.9218674781857,687.3489488047708,0.0
2457989.697470366,0.7169654032393942,0.004183920555197694,0.6026281771488436,0.004439073793548725,0.6026281771488436,0.004439073793548725,15.01808296060761,0.110626056045348,0.0129521753830822,1.026403347315904e-08,12.0,958.7501220703124,19.866550264651504,861.9218674781857,687.3489488047708,6.0
2457990.65519863,0.7190150719448878,8.798507279460489e-05,0.6047749203981444,0.0006949539703770762,0.6047749203981444,0.0006949539703770762,15.071581899813635,0.0173189319329633,1.1617190698726412,8.409478954338183e-09,12.0,1804.2738525390623,38.35055484189514,861.9218674781857,687.3489488047708,0.0
2457993.591957973,0.7189452370188364,0.00012312948716495072,0.6047017780138826,0.0007014434300255448,0.6047017780138826,0.0007014434300255448,15.069759120135496,0.0174806556078026,1.1474007714956251,7.788251257630481e-09,12.0,2760.8343750000004,54.057640537975566,861.9218674781857,687.3489488047708,0.0
2457995.497142797,0.7191654587820763,0.00010075157952586576,0.6049324297198475,0.0006954327593683599,0.6049324297198475,0.0006954327593683599,15.07550718600187,0.0173308638224175,1.166126585849628,5.585517879933452e-09,12.0,3508.01416015625,44.29358810684725,861.9218674781857,687.3489488047708,0.0
2457996.6720416825,0.7179227265260678,0.00034010866438844106,0.603630840309752,0.0007849425558942747,0.603630840309752,0.0007849425558942747,15.043070306209849,0.019561535405637,0.6449733161273401,7.039150703075618e-09,12.0,22356.2046875,86.88798094943814,861.9218674781857,687.3489488047708,4.0
2457998.6187601136,0.7192104489207073,0.00014466684150318257,0.6049795506404783,0.0007034632064778794,0.6049795506404783,0.0007034632064778794,15.076681485382563,0.0175309904103778,1.1496875142852172,7.265194416845382e-09,12.0,7487.153027343749,63.50438175847671,861.9218674781857,687.3489488047708,0.0
2457999.4855234814,0.7192927738109153,0.0002462765096690764,0.6050657745272117,0.0007330494469109895,0.6050657745272117,0.0007330494469109895,15.07883026888332,0.0182683084286277,0.9095430128542096,8.911491474689043e-09,12.0,14869.308984375,85.80205254419668,861.9218674781857,687.3489488047708,0.0
2458000.6659434848,0.715051679138076,0.00041626679067440886,0.6006238169883366,0.0008494794392061274,0.6006238169883366,0.0008494794392061274,14.968132347086934,0.0211698575922663,1.0154373146611808,8.031456039887972e-09,12.0,10703.4615234375,179.7800914138678,861.9218674781857,687.3489488047708,0.0
2458003.570667568,0.7192070214387357,0.00012115141540954821,0.604975960829225,0.0006986045816762787,0.604975960829225,0.0006986045816762787,15.076592023778778,0.0174099087332977,1.1416112299272068,7.491798389967342e-09,12.0,3162.9576171875,52.4959673257176,861.9218674781857,687.3489488047708,0.0
2458004.556674968,0.7190140669928385,0.00010846865906644232,0.6047738678504709,0.0006981321894296411,0.6047738678504709,0.0006981321894296411,15.071555669297236,0.0173981362569699,1.1384414528513622,7.936871703740768e-09,12.0,2344.2406738281247,46.80733863720893,861.9218674781857,687.3489488047708,0.0
2458005.652066875,0.71910883819341,0.00010260194728785676,0.6048731275183916,0.0006962631559767652,0.6048731275183916,0.0006962631559767652,15.07402931720154,0.0173515581172217,1.0163574499520758,7.382181048436188e-09,12.0,3020.6111328125,39.02685297900318,861.9218674781857,687.3489488047708,0.0
2458008.5424054526,0.7192409421482627,9.920981992504407e-05,0.6050114880605252,0.0006944790707350897,0.6050114880605252,0.0006944790707350897,15.077477397093965,0.0173070969698936,1.0786397814222444,9.476431157099593e-09,12.0,1804.3025390625,39.91744495567668,861.9218674781857,687.3489488047708,0.0
2458019.509596778,0.7195119820018577,9.336889974581334e-05,0.6052953646569901,0.0006910502657331502,0.6052953646569901,0.0006910502657331502,15.084551879233937,0.0172216477991985,1.1098720460540878,6.262357859474078e-09,12.0,1909.5755126953125,38.30350180614304,861.9218674781857,687.3489488047708,0.0
2458032.5344161717,0.7185322921162743,0.0001447639161286576,0.6042692755906705,0.0007098581439367276,0.6042692755906705,0.0007098581439367276,15.05898073718103,0.0176903584999007,1.062989001287116,4.552997175060841e-09,12.0,3462.004931640625,59.56406055655589,861.9218674781857,687.3489488047708,0.0
2458036.5230566296,0.0,0.0,0.0,0.0,0.0,0.0,0.0,0.0,0.0,0.0,12.0,0.0,0.0,0.0,0.0,5.0
2458042.4989677826,0.7188348062596923,0.00014329152830837609,0.6045861171336281,0.0007066688230344491,0.6045861171336281,0.0007066688230344491,15.066876737995353,0.0176108775069524,1.037385681159568,8.112191158331607e-09,12.0,2238.7931640625,57.09543482625191,861.9218674781857,687.3489488047708,0.0
2458045.524245484,0.7189899449867736,0.00016429786598869163,0.6047486033999082,0.0007102196751836968,0.6047486033999082,0.0007102196751836968,15.07092605450508,0.0176993682118022,1.0298097672790698,8.136527980513048e-09,12.0,2250.9048828125,65.05896479321198,861.9218674781857,687.3489488047708,0.0
2458166.847815993,0.7189389526301584,0.00031432040001549413,0.6046951959897079,0.0007641023209945582,0.6046951959897079,0.0007641023209945582,15.06959508966222,0.0190421763903927,0.2535853354003892,5.3976647192076165e-09,12.0,1582.0325439453125,29.4557193929502,861.9218674781857,687.3489488047708,4.0
2458173.8907121285,0.7193055185908744,0.00010666226275475852,0.6050791229138401,0.0006950843515485382,0.6050791229138401,0.0006950843515485382,15.079162923719885,0.0173221811591425,1.0212528548169364,7.682146216609974e-09,12.0,2216.363525390625,40.745480379080135,861.9218674781857,687.3489488047708,0.0
2458174.865789967,0.7195516055228461,0.00010847283191677134,0.6053368647911176,0.0006930976095863359,0.6053368647911176,0.0006930976095863359,15.085586103123292,0.0172726696083371,1.0237954668257414,1.0350938031578485e-08,12.0,2170.6791015625,41.29803899445342,861.9218674781857,687.3489488047708,0.0
2458175.8410926685,0.7196900017366591,0.00012190037620442877,0.6054818156004538,0.0006942639317771282,0.6054818156004538,0.0006942639317771282,15.089198418913297,0.0173017354968639,1.0338703123327262,9.148993543651986e-09,12.0,1835.8314453125,47.0133769798519,861.9218674781857,687.3489488047708,0.0
2458178.8686078237,0.7197527501111713,0.00010548789314120036,0.605547535806372,0.0006907296844207741,0.605547535806372,0.0006907296844207741,15.090836230655418,0.0172136585996764,1.0080346037389656,1.0200633516503205e-08,12.0,3019.8210937500003,39.170836430732734,861.9218674781857,687.3489488047708,0.0
2458180.8976174225,0.7195179237140953,0.00014361534215629027,0.6053015877751952,0.000700382834224921,0.6053015877751952,0.000700382834224921,15.084706965419786,0.0174542245242167,1.0328062512969676,6.713234524786074e-09,12.0,3707.156982421875,56.0146928496262,861.9218674781857,687.3489488047708,0.0
2458186.8845094293,0.7165431464883284,0.00036694977625973367,0.6021859218578335,0.0008103392763021038,0.6021859218578335,0.0008103392763021038,15.007061526658765,0.0201944464915684,0.8161588363837265,9.910911180152815e-09,12.0,4964.68466796875,122.6811993475229,861.9218674781857,687.3489488047708,2.0
2458195.8548368453,0.7193094199010832,9.091299725930962e-05,0.6050832089943523,0.0006925879606813713,0.6050832089943523,0.0006925879606813713,15.079264752838473,0.0172599686596829,1.063388373020005,7.375863674621715e-09,12.0,1657.5131347656252,35.889364810664866,861.9218674781857,687.3489488047708,0.0
2458203.833274608,0.7150202138961979,0.00021914529635420983,0.6005908615183094,0.0007646619728026785,0.6005908615183094,0.0007646619728026785,14.967311064575364,0.0190561234602479,0.871157514818647,1.0340939706788005e-08,12.0,1690.65478515625,80.3722577314255,861.9218674781857,687.3489488047708,2.0
2458208.8205833314,0.7194736298174338,0.00014378504575475427,0.6052551960713123,0.0007008288877909684,0.6052551960713123,0.0007008288877909684,15.083550838832917,0.0174653406148905,1.0108044680858288,3.84484681480338e-09,12.0,4640.45166015625,54.89264133924801,861.9218674781857,687.3489488047708,0.0
2458208.8346759444,0.7190453659139804,0.00013714105947948432,0.6048066491226303,0.000703349786788874,0.6048066491226303,0.000703349786788874,15.072372610627754,0.0175281638809133,1.0145991940464516,5.787674110235601e-09,12.0,4063.61083984375,53.10828251465808,861.9218674781857,687.3489488047708,0.0
2458209.724878933,0.7193210875728443,0.0002271206435837957,0.6050954292597646,0.0007259788377431088,0.6050954292597646,0.0007259788377431088,15.079569293792115,0.0180921019399639,0.318866323503539,9.443765476229137e-09,12.0,2067.7796875,26.19162022574686,861.9218674781857,687.3489488047708,0.0
2458209.7627819357,0.7193905653462441,0.0003481373508660942,0.6051681975762361,0.0007762145689581592,0.6051681975762361,0.0007762145689581592,15.081382751335438,0.0193440254436803,0.3259512593895848,7.461290888306095e-09,12.0,2155.527978515625,42.53857589184359,861.9218674781857,687.3489488047708,0.0
2458209.8042549645,0.7183921118469655,0.00020191660006721918,0.6041224562310261,0.0007263127846476964,0.6041224562310261,0.0007263127846476964,15.05532185529171,0.0181004242231025,0.3308764732345542,9.279531019472768e-09,12.0,1561.242626953125,24.509987337512307,861.9218674781857,687.3489488047708,0.0
2458209.8172699315,0.7190225746604303,0.00015192846168934673,0.604782778450472,0.0007068878687291279,0.604782778450472,0.0007068878687291279,15.071777730155196,0.0176163363396781,1.016067382499508,9.625898306729172e-09,12.0,3823.638623046875,59.11911328228959,861.9218674781857,687.3489488047708,0.0
2458209.862792787,0.7193401139138225,0.0002233528203661305,0.6051153567089882,0.0007245246634226333,0.6051153567089882,0.0007245246634226333,15.080065905296488,0.0180558624951251,0.3409071564952842,5.8485402089262365e-09,12.0,1079.103271484375,27.635869828346657,861.9218674781857,687.3489488047708,0.0
2458209.901470352,0.7189162283791122,0.00017918495229724205,0.604671395493365,0.000714840344879815,0.604671395493365,0.000714840344879815,15.069001958039552,0.0178145198151643,0.3420473050897283,5.3793129363159315e-09,12.0,875.1171752929688,21.8287139489802,861.9218674781857,687.3489488047708,0.0
2458210.835086509,0.7195108372917873,0.00022856232518744834,0.6052941657322034,0.0007247816437460203,0.6052941657322034,0.0007247816437460203,15.084522000856866,0.0180622666958615,0.3284830677814249,8.464593543323758e-09,12.0,1384.44794921875,27.117896105274365,861.9218674781857,687.3489488047708,0.0
2458210.880709605,0.7190585033342113,0.00022005706033032384,0.6048204087454014,0.000725959485243257,0.6048204087454014,0.000725959485243257,15.072715513870778,0.0180916196567596,0.3290425224829204,7.846640997182316e-09,12.0,1073.3785888671875,26.37973701333325,861.9218674781857,687.3489488047708,0.0
2458210.8876891914,0.7191601724610993,0.0002059633363929144,0.6049268930329473,0.0007204825364334444,0.6049268930329473,0.0007204825364334444,15.075369206354807,0.0179551287412735,0.3299602726155076,9.244524171090464e-09,12.0,1012.456591796875,24.411832208022208,861.9218674781857,687.3489488047708,0.0
2458211.755784115,0.7191914085470029,0.00027039128253899375,0.6049596084939232,0.0007432041775958754,0.6049596084939232,0.0007432041775958754,15.076184507606326,0.0185213742387758,0.3120762118400514,7.331980915624443e-09,12.0,2750.346044921875,31.143057339363946,861.9218674781857,687.3489488047708,0.0
2458211.7627013214,0.7190646036446339,0.0003088428296454041,0.6048267979731745,0.0007605583530995232,0.6048267979731745,0.0007605583530995232,15.07287473966935,0.018953857247884,0.3100866008979563,8.979682530478394e-09,12.0,2819.53310546875,35.8347195463564,861.9218674781857,687.3489488047708,0.0
2458211.8877716493,0.7189951349442754,0.00017184900782641043,0.6047540391594537,0.0007121290998536013,0.6047540391594537,0.0007121290998536013,15.071061518943855,0.0177469529401422,0.3182191677012544,1.0317817284360144e-08,12.0,938.0613403320312,18.912173879980404,861.9218674781857,687.3489488047708,0.0
2458213.8070815075,0.718385577225819,0.00015140507850053834,0.6041156121230999,0.0007127703925921683,0.6041156121230999,0.0007127703925921683,15.055151293435287,0.0177629345817498,1.035790790463012,4.6039054572571854e-09,12.0,7461.63056640625,61.05101682511224,861.9218674781857,687.3489488047708,0.0
2458221.90365426,0.7193659569659426,0.00010219447212604004,0.605142423716223,0.0006937816300472473,0.605142423716223,0.0006937816300472473,15.080740441562073,0.0172897160665318,1.0310679184243905,8.428006042973733e-09,12.0,1684.855615234375,39.24679365110444,861.9218674781857,687.3489488047708,0.0
2458222.725520714,0.7165051764880811,0.0002904635898544286,0.6021461535569914,0.0007759184509626891,0.6021461535569914,0.0007759184509626891,15.006070461746942,0.0193366458939169,0.260257081055391,5.758607316942981e-09,12.0,494.2912780761719,29.434625402999917,861.9218674781857,687.3489488047708,0.0
2458222.923436963,0.7161269790024799,0.00026658732404877077,0.601750044226278,0.0007701101668253804,0.601750044226278,0.0007701101668253804,14.9961990302147,0.0191918977783449,0.267428388560386,7.337231249724152e-09,12.0,698.2894653320312,27.84789592981199,861.9218674781857,687.3489488047708,0.0
2458223.711719676,0.7193385373265799,0.0003160499053903274,0.6051137054528555,0.0007614498708514631,0.6051137054528555,0.0007614498708514631,15.080024754380334,0.0189760747413023,0.2722995676990331,8.70895833871127e-09,12.0,544.1445556640625,31.654783879603297,861.9218674781857,687.3489488047708,0.0
2458223.760321508,0.7189676281749128,0.00020907618960410356,0.6047252296395148,0.0007232200049670952,0.6047252296395148,0.0007232200049670952,15.070343557559204,0.0180233491317221,0.2922471931684577,5.848488232500144e-09,12.0,505.3245971679688,21.60594495762183,861.9218674781857,687.3489488047708,0.0
2458223.763771026,0.718909505079695,0.00019568263758678393,0.6046643537711597,0.0007196318309666192,0.6046643537711597,0.0007196318309666192,15.068826471442216,0.0179339283298751,0.2800473676841289,5.8190148319210574e-09,12.0,503.6950744628906,19.00170566890102,861.9218674781857,687.3489488047708,0.0
2458223.780509642,0.7188853436836783,0.0001200685190056527,0.6046390480650945,0.0007014272499292426,0.6046390480650945,0.0007014272499292426,15.068195828522624,0.0174802523839943,1.0266712526898638,5.296681244899379e-09,12.0,1699.923095703125,46.82373068280258,861.9218674781857,687.3489488047708,0.0
2458223.8861196563,0.7194340218927154,0.00023356106551598594,0.605213712272111,0.0007272102025287451,0.605213712272111,0.0007272102025287451,15.082517022025884,0.0181227887535028,0.2917375491007149,5.232062450107455e-09,12.0,512.3994140625,24.238656448633808,861.9218674781857,687.3489488047708,0.0
2458223.923526829,0.7191190430740748,0.00021398463740915572,0.6048838157133266,0.0007234153886537442,0.6048838157133266,0.0007234153886537442,15.074295677462011,0.0180282182840892,0.2903518458491297,6.425028235997224e-09,12.0,837.0922973632813,21.954605832357405,861.9218674781857,687.3489488047708,0.0
2458224.855267088,0.7194445056107699,0.0001326349019739763,0.6052246925104785,0.000698682031348141,0.6052246925104785,0.000698682031348141,15.082790660294032,0.0174118388547912,1.0411872595748888,2.8389877932953637e-09,12.0,1779.5463134765623,51.93948076577163,861.9218674781857,687.3489488047708,0.0
2458225.718879109,0.7200645416751452,0.00024880930965185647,0.605874094158634,0.0007272309318539427,0.605874094158634,0.0007272309318539427,15.09897438385123,0.0181233053485399,0.2763186050975049,5.867257635030962e-09,12.0,504.6983520507813,24.13920203278532,861.9218674781857,687.3489488047708,0.0
2458225.7258222518,0.7199389573567859,0.00021414389597199842,0.6057425620300839,0.0007161298837503048,0.6057425620300839,0.0007161298837503048,15.095696474696878,0.0178466563837356,0.2836945735084635,7.556029729133944e-09,12.0,497.2626098632813,20.87427216909913,861.9218674781857,687.3489488047708,0.0
2458225.764138365,0.719759950606314,0.0001946649676970261,0.6055550773248123,0.0007116023674890243,0.6055550773248123,0.0007116023674890243,15.091024172663245,0.0177338262549834,0.2866401243694659,8.153397408004865e-09,12.0,506.8821105957031,18.920304791583884,861.9218674781857,687.3489488047708,0.0
2458225.921803025,0.7194069761635615,0.00011676454517378778,0.6051853856277473,0.0006959170628155471,0.6051853856277473,0.0006959170628155471,15.081811094372354,0.0173429331375006,0.9539308573632403,6.593922773999387e-09,12.0,2185.7094238281247,41.582106371966944,861.9218674781857,687.3489488047708,0.0
2458226.709119308,0.7190454289396594,0.00017065164686362868,0.6048067151332742,0.0007113469874907752,0.6048067151332742,0.0007113469874907752,15.07237425567749,0.017727461935913,0.2884795217453512,7.884875383785022e-09,12.0,555.1911865234375,16.5266049978376,861.9218674781857,687.3489488047708,0.0
2458226.7293657023,0.7193650780151133,0.00018168015684721638,0.6051415031373241,0.0007114044214482461,0.6051415031373241,0.0007114044214482461,15.080717499836476,0.0177288932462479,0.2923098848450238,1.0341740217566615e-08,12.0,530.1109619140625,18.03652205104648,861.9218674781857,687.3489488047708,0.0
2458226.854500475,0.7191349146885658,0.00019231289367082483,0.6049004390247786,0.0007165629837493666,0.6049004390247786,0.0007165629837493666,15.074709946624871,0.0178574496588641,0.3081035973408135,8.428429333658989e-09,12.0,479.4989990234375,20.8176882656698,861.9218674781857,687.3489488047708,0.0
2458226.867243804,0.7191340687306341,0.00010109468107388952,0.6048995530013569,0.000695783232654983,0.6048995530013569,0.000695783232654983,15.074687866055536,0.0173395979591432,1.0172791237436218,8.29147356141544e-09,12.0,1593.007080078125,38.54311357129061,861.9218674781857,687.3489488047708,0.0
2458227.8238032395,0.7165575763322438,0.00019045908790905173,0.6022010351148839,0.0007406220849452559,0.6022010351148839,0.0007406220849452559,15.007438163790573,0.0184570259671393,0.2885691946467735,6.717046101496136e-09,12.0,468.3702453613281,20.281444273407487,861.9218674781857,687.3489488047708,0.0
2458228.674746119,0.7183008856493042,0.0002249398860473327,0.604026909461217,0.0007345417540967077,0.604026909461217,0.0007345417540967077,15.052940736435962,0.0183054981817253,0.2870511431096888,1.0379807541084474e-08,12.0,713.970703125,23.630211063424067,861.9218674781857,687.3489488047708,0.0
2458228.7749153557,0.7191640387899979,0.0001767218582185836,0.6049309424753965,0.0007118771426866236,0.6049309424753965,0.0007118771426866236,15.075470122417071,0.0177406739213713,0.3194439514468901,8.717668101380519e-09,12.0,491.9837463378906,19.64483135233468,861.9218674781857,687.3489488047708,0.0
2458228.8649770203,0.7192488300135043,0.00019568750700211832,0.6050197495036612,0.0007165249291543467,0.6050197495036612,0.0007165249291543467,15.077683280328596,0.0178565013011757,0.3201338564156429,5.4439001427616066e-09,12.0,495.3849182128906,22.122912575377068,861.9218674781857,687.3489488047708,0.0
2458228.8929005964,0.719064714862823,0.00015019796025202088,0.6048269144587785,0.0007060889713120645,0.6048269144587785,0.0007060889713120645,15.072877642604412,0.0175964270354978,0.3229104226653037,4.332922050331298e-09,12.0,517.8146728515625,16.165933811159768,861.9218674781857,687.3489488047708,0.0
2458229.6742760087,0.7181075482491309,0.00024006086596379362,0.6038244153910545,0.0007415597714016569,0.6038244153910545,0.0007415597714016569,15.047894386364652,0.018480394029781,0.291261990697208,5.7069366805347436e-09,12.0,565.1033447265625,26.05659748885204,861.9218674781857,687.3489488047708,0.0
2458229.6844948474,0.7190528650345722,0.0002210911463854632,0.6048145034097465,0.0007263551818911641,0.6048145034097465,0.0007263551818911641,15.072568347136563,0.0181014808038331,0.2952916341184865,7.305036185939561e-09,12.0,560.074609375,23.39110132892985,861.9218674781857,687.3489488047708,0.0
2458229.8531858018,0.7179721634277769,0.00011429520812164113,0.603682618597007,0.0007091475796102048,0.603682618597007,0.0007091475796102048,15.044360671717206,0.0176726505426408,1.002213999397353,5.971520347162099e-09,12.0,1552.203955078125,44.21103154250052,861.9218674781857,687.3489488047708,0.0
2458230.6776513997,0.7192818292518853,0.0001879202190674016,0.6050543116219379,0.000713939119007451,0.6050543116219379,0.000713939119007451,15.07854460208429,0.0177920603858999,0.303140169566947,9.664407696166932e-09,12.0,633.8502563476562,19.69488097362464,861.9218674781857,687.3489488047708,0.0
2458230.7158265742,0.7196113747633914,0.0001954062834396614,0.6053994647680372,0.0007131584934314691,0.6053994647680372,0.0007131584934314691,15.087146155710206,0.0177726064338515,0.3156019350030851,7.095788704610386e-09,12.0,542.4926025390624,21.462630575892085,861.9218674781857,687.3489488047708,0.0
2458230.7332284944,0.7193324208371182,0.0001522593270956443,0.6051072992797861,0.0007040902613221549,0.6051072992797861,0.0007040902613221549,15.079865106288423,0.0175466172297488,0.3151754572359167,1.025887222971348e-08,12.0,530.6178466796875,15.74202811869523,861.9218674781857,687.3489488047708,0.0
2458230.803915779,0.7190823856674199,0.00010745538520376913,0.6048454221719404,0.0006973151930368452,0.6048454221719404,0.0006973151930368452,15.073338872899006,0.0173777759086311,0.9794224539901067,5.865219440823671e-09,12.0,1629.906567382813,39.54277872521492,861.9218674781857,687.3489488047708,0.0
2458230.8541013976,0.7193889959546036,0.00019065216810019455,0.6051665538564968,0.0007137579474745737,0.6051665538564968,0.0007137579474745737,15.081341788233573,0.0177875454142905,0.3294849837714845,1.031399285817584e-08,12.0,531.0539672851562,22.09840691400018,861.9218674781857,687.3489488047708,0.0
2458231.8294943827,0.7184289065504864,0.00026843461816147005,0.604160993571808,0.0007492341561170988,0.604160993571808,0.0007492341561170988,15.056282243476144,0.0186716471949971,0.3290762170081612,6.089380276574502e-09,12.0,1516.27080078125,33.29353444038201,861.9218674781857,687.3489488047708,4.0
2458237.6575159207,0.0,0.0,0.0,0.0,0.0,0.0,0.0,0.0,0.0,0.0,12.0,0.0,0.0,0.0,0.0,5.0
2458237.713015585,0.7122707827035011,0.0024375106117266844,0.5977112142677466,0.002663614893532505,0.5977112142677466,0.002663614893532505,14.895547441588386,0.0663798855795967,0.0522208415423847,5.666399140049841e-09,12.0,10588.7177734375,56.94317271017415,861.9218674781857,687.3489488047708,6.0
2458237.723913186,0.6927576062622202,0.004461634449016794,0.5772738725229757,0.0047819135218284976,0.5772738725229757,0.0047819135218284976,14.38622891740419,0.1191699570389222,0.0222204905048458,1.7868551003560312e-09,12.0,11230.65859375,69.84042392948562,861.9218674781857,687.3489488047708,6.0
2458237.739524192,0.7195608999170803,0.0014474500050703633,0.6053465993779928,0.0016630159248606758,0.6053465993779928,0.0016630159248606758,15.085828698539208,0.0414439816646684,0.1937534995934728,8.484057342798267e-09,12.0,27390.204296875,107.15770220472872,861.9218674781857,687.3489488047708,4.0
2458237.84494124,0.7084906442028245,0.006547392029161209,0.5937520442877401,0.006904495299947617,0.5937520442877401,0.006904495299947617,14.79688105745713,0.1720667687766076,0.0213706378624535,4.076828328167236e-09,12.0,9494.3140625,68.55209958877596,861.9218674781857,687.3489488047708,6.0
2458237.9254233874,0.718862378935927,0.00014832064302959812,0.6046149956818606,0.0007075471568536887,0.6046149956818606,0.0007075471568536887,15.067596419632528,0.0176327664438867,1.019625144173624,8.210657338407926e-09,12.0,6036.00791015625,57.92491408194423,861.9218674781857,687.3489488047708,0.0
2458238.6957163136,0.7194820257509005,0.00038545305127508765,0.6052639896453387,0.0007945781715538341,0.6052639896453387,0.0007945781715538341,15.08376998328924,0.0198016643621628,0.3723724857816841,8.283270004463356e-09,12.0,5656.53369140625,54.20941464419792,861.9218674781857,687.3489488047708,0.0
2458238.7237720448,0.7123273576995648,0.00034957872848795314,0.5977704687172847,0.0008428220637186812,0.5977704687172847,0.0008428220637186812,14.89702412036427,0.0210039492906608,0.3787706275808106,9.910825005105168e-09,12.0,5947.03330078125,59.16013199756668,861.9218674781857,687.3489488047708,0.0
2458238.736771237,0.7119956826205717,0.00030116119673679226,0.5974230851450608,0.000825556610147906,0.5974230851450608,0.000825556610147906,14.888366982340136,0.0205736773188038,1.052849229803014,5.8075658066203975e-09,12.0,15871.8052734375,143.98263264400637,861.9218674781857,687.3489488047708,0.0
2458238.8554717936,0.7115880824760562,0.0004952194974021226,0.5969961806134613,0.0009264123317758301,0.5969961806134613,0.0009264123317758301,14.877728104313965,0.0230871004408793,0.2827321231764081,4.001294927032625e-09,12.0,8017.50107421875,63.60779185821059,861.9218674781857,687.3489488047708,0.0
2458239.646098967,0.0,0.0,0.0,0.0,0.0,0.0,0.0,0.0,0.0,0.0,12.0,0.0,0.0,0.0,0.0,5.0
2458239.6958102537,0.0,0.0,0.0,0.0,0.0,0.0,0.0,0.0,0.0,0.0,12.0,0.0,0.0,0.0,0.0,5.0
2458239.751379933,0.0,0.0,0.0,0.0,0.0,0.0,0.0,0.0,0.0,0.0,12.0,0.0,0.0,0.0,0.0,5.0
2458239.8268959406,0.0,0.0,0.0,0.0,0.0,0.0,0.0,0.0,0.0,0.0,12.0,0.0,0.0,0.0,0.0,5.0
2458239.917798906,0.7149102311144273,0.0005675168989440856,0.6004756698321251,0.0009418353513336468,0.6004756698321251,0.0009418353513336468,14.964440375209865,0.0234714571570193,0.4278515486188829,4.911360297970601e-09,12.0,25049.411328125,103.11418775401324,861.9218674781857,687.3489488047708,4.0
2458239.921764513,0.0,0.0,0.0,0.0,0.0,0.0,0.0,0.0,0.0,0.0,12.0,0.0,0.0,0.0,0.0,5.0
2458240.7167375484,0.7165932069563266,0.0003186072286080214,0.6022383532441566,0.0007871211195553555,0.6022383532441566,0.0007871211195553555,15.008368168032996,0.0196158273405941,0.3770326320778609,5.904199535733331e-09,12.0,4435.821484375,48.45010608570844,861.9218674781857,687.3489488047708,0.0
2458240.727268688,0.7169310599283373,0.0002766333247711117,0.6025922073011445,0.0007663108158010713,0.6025922073011445,0.0007663108158010713,15.01718655685931,0.0190972142387376,0.386973547701994,6.821251528155875e-09,12.0,4418.3654296875,42.58555314615722,861.9218674781857,687.3489488047708,0.0
2458240.7792239366,0.7168132371052535,0.00032064005103516266,0.6024688042607456,0.0007859853330507913,0.6024688042607456,0.0007859853330507913,15.014111232524046,0.0195875224312024,0.379176397578242,6.613314530562826e-09,12.0,4473.808203125,48.77835827757309,861.9218674781857,687.3489488047708,0.0
2458240.8833884373,0.7171846462987249,0.0003524416136173291,0.602857803798415,0.000797432185494379,0.602857803798415,0.000797432185494379,15.023805481067152,0.0198727891780196,0.3822728379600662,1.0137768172534796e-08,12.0,4468.73251953125,53.76997460357848,861.9218674781857,687.3489488047708,0.0
2458240.9253083747,0.7172576356216506,0.00027709652547502526,0.602934249975225,0.0007634288226318048,0.602934249975225,0.0007634288226318048,15.025710594483495,0.0190253921531645,0.3847101813086431,6.5965259813858725e-09,12.0,4429.6953125,42.01592040083477,861.9218674781857,687.3489488047708,0.0
2458244.6442426685,0.71822271320564,0.0004026894416737724,0.6039450346854214,0.0008142463853510652,0.6039450346854214,0.0008142463853510652,15.050900337028994,0.0202918154664329,0.2963712201730621,6.287834333761098e-09,12.0,1658.41806640625,46.0616863614265,861.9218674781857,687.3489488047708,6.0
2458244.647554901,0.7179221100319547,0.000344009620442317,0.6036301946178058,0.0007868105538707617,0.6036301946178058,0.0007868105538707617,15.043054214935689,0.0196080877403019,0.3315786942623726,6.0686133833890325e-09,12.0,1687.992919921875,44.37289221628948,861.9218674781857,687.3489488047708,0.0
2458244.671933571,0.7194237634002574,0.00021201370439505874,0.6052029679262693,0.0007200246788758625,0.6052029679262693,0.0007200246788758625,15.082249262429956,0.0179437184835978,0.3693403239406364,7.883720261707291e-09,12.0,1742.443530273437,28.487244164242707,861.9218674781857,687.3489488047708,0.0
2458244.6857687496,0.7194330524481147,0.00020981150920554355,0.605212696913557,0.000719233124435929,0.605212696913557,0.000719233124435929,15.082491718298687,0.0179239921735819,0.3862932560163673,5.727413022553107e-09,12.0,1742.140478515625,29.542938074659094,861.9218674781857,687.3489488047708,0.0
2458244.713664635,0.7189300082563014,0.00017709600714294237,0.6046858280005563,0.0007141412391756833,0.6046858280005563,0.0007141412391756833,15.069361630219754,0.0177970974179698,0.3947909505210625,9.363179548016002e-09,12.0,1800.3680175781249,25.39406965031565,861.9218674781857,687.3489488047708,0.0
2458244.733248596,0.7191813950415008,0.00020920484061189457,0.6049491207378872,0.0007213136132318349,0.6049491207378872,0.0007213136132318349,15.075923142479054,0.0179758399870767,0.4057661008340418,7.967353442772106e-09,12.0,1834.662255859375,31.33196316989188,861.9218674781857,687.3489488047708,0.0
2458244.739272706,0.71870829561527,0.0002261066300363028,0.604453614807203,0.0007311818465600728,0.604453614807203,0.0007311818465600728,15.06357465056204,0.0182217660031805,0.4068696006910497,8.919477958854561e-09,12.0,1844.286303710937,34.657381619599086,861.9218674781857,687.3489488047708,0.0
2458244.74473338,0.7191379811249633,0.00024021924621353595,0.6049036506909459,0.000732224373224733,0.6049036506909459,0.000732224373224733,15.074789984483656,0.0182477467862441,0.4040171661828539,7.043756763227079e-09,12.0,1840.312841796875,36.27777222790881,861.9218674781857,687.3489488047708,0.0
2458244.8351802425,0.7193161062066222,0.00017725106012806752,0.6050902119706091,0.0007106256730913331,0.6050902119706091,0.0007106256730913331,15.079439273848909,0.0177094860763328,0.4069817205572374,5.247070561410215e-09,12.0,1020.3082519531248,26.020556405896517,861.9218674781857,687.3489488047708,0.0
2458244.83881924,0.71850566363209,0.00017543901186708698,0.604241385952453,0.0007176577432713189,0.604241385952453,0.0007176577432713189,15.058285700147623,0.0178847321357645,0.408502828231623,1.0206786337593368e-08,12.0,1059.09912109375,26.439795291085105,861.9218674781857,687.3489488047708,0.0
2458245.6333709145,0.7189168858110954,0.0004972576303781977,0.6046720840620432,0.000864296678829338,0.6046720840620432,0.000864296678829338,15.069019117843764,0.0215391176805705,0.2368067996789379,1.0241196377956036e-08,12.0,823.529248046875,44.732377574924,861.9218674781857,687.3489488047708,6.0
2458245.63715097,0.7159993290148212,0.0006617830152266707,0.6016163485960795,0.0009987222748544479,0.6016163485960795,0.0009987222748544479,14.992867204485457,0.0248891348714122,0.1636263167900812,4.754127516467795e-09,12.0,771.0929077148437,44.06505825875263,861.9218674781857,687.3489488047708,6.0
2458245.6409275425,0.713716136911056,0.0007586536346425474,0.5992250220258502,0.0010882455214957047,0.5992250220258502,0.0010882455214957047,14.933273009956546,0.0271201416446472,0.1398812910157302,3.132635234261638e-09,12.0,766.0219482421875,45.606315636898,861.9218674781857,687.3489488047708,6.0
2458245.644099067,0.0,0.0,0.0,0.0,0.0,0.0,0.0,0.0,0.0,0.0,12.0,0.0,0.0,0.0,0.0,5.0
2458245.651125137,0.0,0.0,0.0,0.0,0.0,0.0,0.0,0.0,0.0,0.0,12.0,0.0,0.0,0.0,0.0,5.0
2458245.6545129404,0.0,0.0,0.0,0.0,0.0,0.0,0.0,0.0,0.0,0.0,12.0,0.0,0.0,0.0,0.0,5.0
2458245.6577812955,0.0,0.0,0.0,0.0,0.0,0.0,0.0,0.0,0.0,0.0,12.0,0.0,0.0,0.0,0.0,5.0
2458245.661466347,0.0,0.0,0.0,0.0,0.0,0.0,0.0,0.0,0.0,0.0,12.0,0.0,0.0,0.0,0.0,5.0
2458245.6649325406,0.0,0.0,0.0,0.0,0.0,0.0,0.0,0.0,0.0,0.0,12.0,0.0,0.0,0.0,0.0,5.0
2458245.668403596,0.7184637889508627,0.0003693058226079945,0.6041975280406843,0.0007946363284765638,0.6041975280406843,0.0007946363284765638,15.057192718135832,0.0198031136894983,0.3109107206547526,7.857200481217115e-09,12.0,1277.6816162109374,44.076331053088005,861.9218674781857,687.3489488047708,0.0
2458245.67188288,0.0,0.0,0.0,0.0,0.0,0.0,0.0,0.0,0.0,0.0,12.0,0.0,0.0,0.0,0.0,5.0
2458245.6753526623,0.0,0.0,0.0,0.0,0.0,0.0,0.0,0.0,0.0,0.0,12.0,0.0,0.0,0.0,0.0,5.0
2458245.678823022,0.0,0.0,0.0,0.0,0.0,0.0,0.0,0.0,0.0,0.0,12.0,0.0,0.0,0.0,0.0,5.0
2458245.6858452293,0.7187040942772974,0.00019916649001031195,0.6044492144892849,0.000722575446663992,0.6044492144892849,0.000722575446663992,15.063464990340275,0.0180072861090557,0.3516749159421746,6.663888341719558e-09,12.0,871.9347900390625,25.62624616818837,861.9218674781857,687.3489488047708,0.0
2458245.692717155,0.719188697335713,0.0003003857254168872,0.6049567688767117,0.0007557566619195085,0.6049567688767117,0.0007557566619195085,15.076113741571024,0.0188341944122797,0.3625191626541691,9.639819274353248e-09,12.0,1936.38271484375,40.9809672541621,861.9218674781857,687.3489488047708,0.0
2458245.6961812177,0.7186118898387909,0.00022491744386329154,0.6043526431480781,0.0007316634244874368,0.6043526431480781,0.0007316634244874368,15.061058338164264,0.0182337673956467,0.3617721428062991,6.189293744703721e-09,12.0,1968.7992675781247,30.373476461959548,861.9218674781857,687.3489488047708,0.0
2458245.699951178,0.7195888656997472,0.0002567491255870064,0.6053758896506065,0.0007343772964825982,0.6053758896506065,0.0007343772964825982,15.086558640750228,0.0183013997373016,0.3752105788207411,9.2366726594458e-09,12.0,2003.9775634765624,35.52838714600823,861.9218674781857,687.3489488047708,0.0
2458245.703130546,0.7195469681910025,0.0002195698288961196,0.6053320078301839,0.0007214030704046967,0.6053320078301839,0.0007214030704046967,15.085465062911426,0.0179780693472268,0.3741859965068521,1.0383301540813437e-08,12.0,1990.6220458984371,29.921140567061915,861.9218674781857,687.3489488047708,0.0
2458245.7066028523,0.7197264198704838,0.0002356511801080073,0.6055199585367881,0.000725363865716639,0.6055199585367881,0.000725363865716639,15.09014897815356,0.0180767762362179,0.3753220143382658,7.033587062968685e-09,12.0,1997.7422119140624,32.25523981936314,861.9218674781857,687.3489488047708,0.0
2458245.709683403,0.7190959443911761,0.00020327268071530344,0.6048596230516312,0.0007202293150861153,0.6048596230516312,0.0007202293150861153,15.073692772695592,0.0179488182178931,0.3745940479878344,8.882071915786545e-09,12.0,2009.4499267578128,27.88493208047786,861.9218674781857,687.3489488047708,0.0
2458245.7940357,0.719292468911032,0.00012604346702160997,0.6050654551869378,0.0006987557758264439,0.6050654551869378,0.0006987557758264439,15.07882231061169,0.0174136766392411,0.977153479540255,7.102198110054571e-09,12.0,4770.02880859375,46.4105742945018,861.9218674781857,687.3489488047708,0.0
2458246.630472034,0.7176066352763689,0.00028169195730454893,0.6032997786339628,0.0007620367069327469,0.6032997786339628,0.0007620367069327469,15.034819925791856,0.0189906992698046,0.2617519951711441,6.122595068225208e-09,12.0,875.9081787109375,28.01443951852793,861.9218674781857,687.3489488047708,4.0
2458246.641090222,0.7196031202712595,0.0003764093857205056,0.6053908193341616,0.0007888202184540832,0.6053908193341616,0.0007888202184540832,15.086930703051175,0.0196581705452217,0.1653513462241919,6.361390515843541e-09,12.0,780.5169677734375,21.796065978958065,861.9218674781857,687.3489488047708,4.0
2458246.706775465,0.71919906262135,0.00015794369389920124,0.6049676250735733,0.0007066942085036679,0.6049676250735733,0.0007066942085036679,15.07638428860365,0.0176115101376477,0.3932240327713964,9.279342607994568e-09,12.0,791.3204345703125,21.993215941302623,861.9218674781857,687.3489488047708,0.0
2458246.71643684,0.7190298674766109,0.00010628367914684922,0.6047904166623757,0.0006976140828403751,0.6047904166623757,0.0006976140828403751,15.071968081858596,0.0173852245345595,0.9864603583893112,9.775462700420253e-09,12.0,2004.9867675781247,39.45950630418696,861.9218674781857,687.3489488047708,0.0
2458246.7310629617,0.7193361208998608,0.0002123725907086204,0.6051111745815331,0.0007209296837451489,0.6051111745815331,0.0007209296837451489,15.079961682594243,0.0179662720891577,0.3879272060618364,7.273222281386052e-09,12.0,1046.87763671875,30.23997823415825,861.9218674781857,687.3489488047708,0.0
2458246.809780952,0.7194111694790034,0.00017068848784799613,0.6051897775431789,0.0007079900089122872,0.6051897775431789,0.0007079900089122872,15.08192054519594,0.0176438027498669,0.4140749764249963,6.916690002259891e-09,12.0,1129.4896728515623,25.33057662748322,861.9218674781857,687.3489488047708,0.0
2458246.8855144745,0.7187524620588074,0.00020587641159337485,0.6044998730216432,0.0007241891950922825,0.6044998730216432,0.0007241891950922825,15.06472745046157,0.01804750229657,0.8840708594177493,7.286820493093572e-09,12.0,2484.449951171875,70.40291947133281,861.9218674781857,687.3489488047708,0.0
2458247.7081406056,0.7196211827460439,0.00035940612795659323,0.6054097372674377,0.0007799238037364178,0.6054097372674377,0.0007799238037364178,15.087402156431816,0.0194364631983897,0.1486468971787406,8.755404751051276e-09,12.0,680.0828491210938,18.066510147789337,861.9218674781857,687.3489488047708,4.0
2458247.768186687,0.7202353378662036,0.00034113726033759326,0.6060529794434504,0.0007658192103228009,0.6060529794434504,0.0007658192103228009,15.103432379925216,0.0190849629499056,0.1523310398640788,7.82498695973699e-09,12.0,894.8557617187499,17.101188449810163,861.9218674781857,687.3489488047708,4.0
2458247.851539182,0.7201153945875325,0.0002223175609658866,0.6059273555203759,0.0007173115380519299,0.6059273555203759,0.0007173115380519299,15.100301709023812,0.0178761043634443,0.2630015654273885,8.036233099323581e-09,12.0,976.459033203125,19.829416932382745,861.9218674781857,687.3489488047708,4.0
2458247.8615426486,0.7192918687585833,0.0005639485257747646,0.6050648266106147,0.0009053820092869906,0.6050648266106147,0.0009053820092869906,15.07880664587558,0.0225630042571927,0.1798911540711032,5.179593705677556e-09,12.0,3063.870849609375,37.86954572128029,861.9218674781857,687.3489488047708,4.0
2458247.9267858947,0.719665247980706,0.0002073130540625326,0.6054558894796399,0.0007163551013708236,0.6054558894796399,0.0007163551013708236,15.088552314652004,0.0178522690268834,0.3436708458724713,7.744820864451743e-09,12.0,1035.334033203125,25.38514538142102,861.9218674781857,687.3489488047708,0.0
2458247.9327548165,0.7197345600463946,0.00023949268680836496,0.6055284842403019,0.000726671262257896,0.6055284842403019,0.000726671262257896,15.090361447014994,0.0181093578353922,0.2663482532679214,7.2709372859673095e-09,12.0,1134.690869140625,22.334902096366516,861.9218674781857,687.3489488047708,4.0
2458248.859667728,0.7192416176974686,0.00017534425781719088,0.6050121956044776,0.000710789874612373,0.6050121956044776,0.000710789874612373,15.077495029780549,0.017713578138667,0.3523621889002898,8.619627492629812e-09,12.0,866.3690063476563,21.749790113322344,861.9218674781857,687.3489488047708,0.0
2458248.918025021,0.7195985610116594,0.0002373089562637366,0.6053860441430576,0.0007270829467621821,0.6053860441430576,0.0007270829467621821,15.08681170062336,0.0181196174154673,0.365875354020918,9.020880037144962e-09,12.0,991.1511840820312,31.784246974555984,861.9218674781857,687.3489488047708,0.0
2458248.93290214,0.7190861914909809,0.0001781077295558048,0.6048494082434529,0.0007129729779994154,0.6048494082434529,0.0007129729779994154,15.073438209695611,0.0177679832080305,0.3631781412243638,1.0249634536260589e-08,12.0,1109.69208984375,23.1087088142634,861.9218674781857,687.3489488047708,0.0
2458249.7263869136,0.7192187396314873,0.00011160688942438328,0.6049882340083568,0.0006967482820486742,0.6049882340083568,0.0006967482820486742,15.07689788339401,0.0173636479329166,1.0172726928617948,5.388080436776846e-09,12.0,1775.7532958984375,42.599231439880256,861.9218674781857,687.3489488047708,0.0
2458250.7093557343,0.7149737699940757,0.00025073180756311926,0.600542217982364,0.0007757029117996161,0.600542217982364,0.0007757029117996161,14.966098820133384,0.0193312744473848,0.8311427508423577,9.216134473270318e-09,12.0,1650.8017333984376,88.1203734791744,861.9218674781857,687.3489488047708,2.0
2458254.699165025,0.7191884178237539,0.00010365552849104374,0.6049564761267614,0.0006956846893454005,0.6049564761267614,0.0006956846893454005,15.07610644595624,0.0173371421635886,1.0236160504392469,5.4618906809537746e-09,12.0,1628.4126220703126,39.78400769386561,861.9218674781857,687.3489488047708,0.0
2458256.752802418,0.7193184753828836,0.00011596353929581849,0.6050926933536401,0.0006965953787325059,0.6050926933536401,0.0006965953787325059,15.079501112338432,0.0173598374328865,1.016271850557925,8.644819342272821e-09,12.0,1719.8054687499998,44.21964309254996,861.9218674781857,687.3489488047708,0.0
2458257.827818281,0.7164958161919047,0.00019437296292476464,0.6021363499469862,0.000742348675030636,0.6021363499469862,0.000742348675030636,15.00582614620719,0.018500054278998,0.7631866822475274,4.8581615571039964e-09,12.0,1665.3906005859376,60.04616113362969,861.9218674781857,687.3489488047708,0.0
2458258.796093624,0.7154877082536334,0.00013573957438868414,0.6010804969180308,0.000738242498370531,0.6010804969180308,0.000738242498370531,14.979513257125094,0.0183977243447687,0.9316496771513731,5.873189439933691e-09,12.0,1620.6520751953124,52.04939250896389,861.9218674781857,687.3489488047708,0.0
2458259.8764804224,0.7189382266644526,0.00013328898599803386,0.6046944356414747,0.000703543447991471,0.6046944356414747,0.000703543447991471,15.069576141041372,0.0175329901072949,0.9872681488558784,7.043637483649906e-09,12.0,1939.7149658203125,50.17221795847384,861.9218674781857,687.3489488047708,0.0
2458264.67189735,0.7197159609473495,0.0001258791770011785,0.6055090042676551,0.000694803705206861,0.6055090042676551,0.000694803705206861,15.089875987064106,0.0173151871781079,1.0257098841299717,5.71770638880328e-09,12.0,3253.6029296875004,48.23571462518011,861.9218674781857,687.3489488047708,0.0
2458271.687160633,0.7191376959143904,0.0001814579647021275,0.604903351972489,0.0007134250822514536,0.604903351972489,0.0007134250822514536,15.07478254012786,0.0177792500877109,1.058668217350128,7.45068411968283e-09,12.0,7867.4625,73.73634731927477,861.9218674781857,687.3489488047708,0.0
2458272.676048415,0.7185655250700762,0.00014364837875586238,0.6043040824933847,0.0007092938345310755,0.6043040824933847,0.0007092938345310755,15.059848159204067,0.0176762953581644,1.0653753512953597,8.487768907770069e-09,12.0,8757.154296875,59.23782414796309,861.9218674781857,687.3489488047708,0.0
2458273.844029633,0.7176932075185289,0.0001730182097991436,0.6033904510318652,0.0007247615212262615,0.6033904510318652,0.0007247615212262615,15.037079570537276,0.0180617652230088,1.0118130781397223,9.87425936505766e-09,12.0,3739.41513671875,69.40531039043472,861.9218674781857,687.3489488047708,0.0
2458274.81104517,0.7196205374538546,0.00010710501007930496,0.6054090614135073,0.0006922248193489887,0.6054090614135073,0.0006922248193489887,15.087385313491536,0.0172509188228798,1.0308520540403394,6.701201025769627e-09,12.0,2166.4708984375,40.96860446084746,861.9218674781857,687.3489488047708,0.0
2458277.8096865984,0.7193574176673562,0.00011717139257215121,0.6051334799871485,0.0006964537481518153,0.6051334799871485,0.0006964537481518153,15.08051755509524,0.0173563078604383,1.0285947520454477,7.445918305513368e-09,12.0,1771.131103515625,45.25372159955915,861.9218674781857,687.3489488047708,0.0
2458278.757603425,0.7193587968954451,0.0005104335115057653,0.6051349245369826,0.0008693534690801372,0.6051349245369826,0.0008693534690801372,15.080553554688477,0.0216651378342583,0.1453976411910072,5.0377878274319995e-09,12.0,1407.300830078125,26.8664654265566,861.9218674781857,687.3489488047708,4.0
2458282.788952726,0.7195604934760589,9.32079319462081e-05,0.6053461736874816,0.0006905742430939808,0.6053461736874816,0.0006905742430939808,15.085818089915753,0.0172097848499418,1.009748748312322,8.679131232011954e-09,12.0,1584.92587890625,34.49273040534123,861.9218674781857,687.3489488047708,0.0
2458285.616676871,0.7190126202819209,0.00010055067037763734,0.6047723526217472,0.0006968444252318195,0.6047723526217472,0.0006968444252318195,15.071517908317022,0.0173660439149754,0.957364762482971,9.17387885741953e-09,12.0,1602.8931396484377,36.03982145423095,861.9218674781857,687.3489488047708,0.0
2458286.762093474,0.7193142031424743,0.00012215678801892545,0.6050882187752687,0.0006977954196999088,0.6050882187752687,0.0006977954196999088,15.079389601473617,0.0173897436262707,1.0141393808949408,1.0027965489105874e-08,12.0,1422.5925781249998,46.632969329098486,861.9218674781857,687.3489488047708,0.0
2458287.727167656,0.7182030310759911,0.00012468463229035643,0.6039244203886609,0.0007088283405086244,0.6039244203886609,0.0007088283405086244,15.050386608612929,0.0176646947923231,0.9834996628634616,7.094812145480698e-09,12.0,1476.544970703125,47.35308763993543,861.9218674781857,687.3489488047708,0.0
2458288.643400925,0.7191999377159998,0.00010809843221501356,0.6049685416136598,0.000696317790949569,0.6049685416136598,0.000696317790949569,15.076407129678094,0.017352919674124,1.0151587325996023,3.43775507960288e-09,12.0,1469.4037109375,41.11298060022647,861.9218674781857,687.3489488047708,0.0
2458288.689717317,0.7190965495202164,9.409890317664582e-05,0.6048602568402425,0.0006950605284369735,0.6048602568402425,0.0006950605284369735,15.073708567327015,0.0173215874639264,1.0167996974191928,7.297983398941062e-09,12.0,1439.1576171875,35.64805999527595,861.9218674781857,687.3489488047708,0.0
2458289.783443054,0.7194833002973259,9.934672312726752e-05,0.605265324555672,0.0006922313458537443,0.605265324555672,0.0006922313458537443,15.083803250558995,0.0172510814697549,1.0040512696180055,7.946759964967187e-09,12.0,1643.2974853515625,36.84332140164253,861.9218674781857,687.3489488047708,0.0
2458291.6246157265,0.7195073313622361,0.00011564533202479853,0.6052904937580071,0.0006947791066857457,0.6052904937580071,0.0006947791066857457,15.08443049167227,0.0173145741589282,0.9055467954151026,9.047559502856626e-09,12.0,2563.857470703125,38.9013338531962,861.9218674781857,687.3489488047708,0.0
2458291.6930721286,0.7199711712208158,0.000147153737433168,0.6057763015778241,0.0006970545717289376,0.6057763015778241,0.0006970545717289376,15.096537297191125,0.0173712809710031,0.8717845646426979,7.996371563671687e-09,12.0,2213.34287109375,47.54212147118641,861.9218674781857,687.3489488047708,0.0
2458291.727790572,0.7194792686758952,0.00012506434819418123,0.605261101992256,0.0006968265408056612,0.605261101992256,0.0006968265408056612,15.0836980201531,0.0173655982176019,0.918614162391864,8.217644844949672e-09,12.0,2797.747265625,42.83638219328833,861.9218674781857,687.3489488047708,0.0
2458291.8007031186,0.719409384983905,0.00010756945553753376,0.6051879085324474,0.0006942669237112974,0.6051879085324474,0.0006942669237112974,15.081873967622434,0.0173018100587866,0.9409074097525232,7.283661480481521e-09,12.0,1902.5605957031248,37.55002222148937,861.9218674781857,687.3489488047708,0.0
2458291.827266837,0.7193114014136804,0.0001507562382800901,0.605085284353546,0.000703929613825152,0.605085284353546,0.000703929613825152,15.079316472817265,0.017542613737166,0.9647163726768612,1.0003289280441266e-08,12.0,2051.34423828125,55.20518450833486,861.9218674781857,687.3489488047708,0.0
2458291.8693284253,0.7185560449747095,0.0001447339076296936,0.6042941534103692,0.0007096258512112845,0.6042941534103692,0.0007096258512112845,15.059600716754304,0.0176845695382256,0.9018251887629888,8.764525536867865e-09,12.0,2111.365478515625,50.28940698215605,861.9218674781857,687.3489488047708,0.0
2458292.5113136503,0.7200046630295632,0.00021656632539909597,0.6058113795951361,0.0007163503045993987,0.6058113795951361,0.0007163503045993987,15.097411475654829,0.0178521494866529,0.6676708688370429,7.274911065201212e-09,12.0,5609.363671875,53.89883917122691,861.9218674781857,687.3489488047708,4.0
2458292.5247495724,0.7201116138027461,0.0002666980693931138,0.6059233956735016,0.0007337508996807977,0.6059233956735016,0.0007337508996807977,15.100203025770812,0.018285789316992,0.6761822070667597,9.463239685632321e-09,12.0,5867.6509765625,67.44007554274988,861.9218674781857,687.3489488047708,4.0
2458292.5809831144,0.717307102056984,0.0002029962300336552,0.6029860591948489,0.0007369492910947465,0.6029860591948489,0.0007369492910947465,15.027001730855703,0.0183654963559533,0.6745833358528861,9.773654888738946e-09,12.0,5027.6685546875,54.54294644749964,861.9218674781857,687.3489488047708,4.0
2458292.7932012114,0.7191417435242856,0.00016137134042115125,0.6049075912816005,0.0007080736075235434,0.6049075912816005,0.0007080736075235434,15.074888187852851,0.0176458861089378,0.9766577158910196,9.14754856650183e-09,12.0,3531.7638671875,60.20757717833786,861.9218674781857,687.3489488047708,0.0
2458293.5891672666,0.6977331012935063,0.0021752338462186155,0.5824850124216896,0.002466429051100651,0.5824850124216896,0.002466429051100651,14.516095615122326,0.0614658217296293,0.0963466124015059,4.178153826034258e-09,12.0,24268.846875,132.55748448223045,861.9218674781857,687.3489488047708,6.0
2458299.757583652,0.7188215309255743,0.0003654300869725972,0.6045722130652178,0.000789634032379968,0.6045722130652178,0.000789634032379968,15.066530235025873,0.0196784515833757,0.6642790941725046,4.823574069207892e-09,12.0,28224.70625,94.07468529546648,861.9218674781857,687.3489488047708,4.0
2458301.670438624,0.7196199475733367,0.00012360141656007215,0.6054084435956049,0.0006952392588029922,0.6054084435956049,0.0006952392588029922,15.08736991686578,0.0173260415992726,0.9424681176197216,7.556467440220483e-09,12.0,2448.947705078125,43.320856734434514,861.9218674781857,687.3489488047708,0.0
2458302.6460130983,0.0,0.0,0.0,0.0,0.0,0.0,0.0,0.0,0.0,0.0,12.0,0.0,0.0,0.0,0.0,5.0
2458303.5741486195,0.7188599736875665,0.00014620963324967693,0.6046124765183163,0.0007070876151730223,0.6046124765183163,0.0007070876151730223,15.067533639615702,0.0176213142162183,0.90684968170365,6.905509768661284e-09,12.0,1760.235595703125,50.65634466934913,861.9218674781857,687.3489488047708,0.0
2458303.7592633176,0.7195012823995666,0.00015407274715832254,0.6052841583098731,0.0007029691285154114,0.6052841583098731,0.0007029691285154114,15.084272606114842,0.0175186775048239,0.7116199902191378,9.962160160419456e-09,12.0,2654.552978515625,40.77225535018752,861.9218674781857,687.3489488047708,0.0
2458308.552217598,0.7196378026265597,0.00010078331873042558,0.6054271442836088,0.0006910225704556956,0.6054271442836088,0.0006910225704556956,15.08783595628198,0.0172209576058252,0.9666967116767184,9.489396987560466e-09,12.0,1502.5779541015625,35.762499007264815,861.9218674781857,687.3489488047708,0.0
2458310.5466268845,0.7194150927351346,2.4592982082660215e-05,0.6051938866089964,0.0006854946359460789,0.6051938866089964,0.0006854946359460789,15.08202294713079,0.0170831960768854,0.999999299677784,5.833907650301521e-09,12.0,1470.868701171875,0.2180089042093433,861.9218674781857,687.3489488047708,0.0
2458310.5817642547,0.7194314312333264,0.00010151061466890262,0.6052109989162695,0.0006930595053697301,0.6052109989162695,0.0006930595053697301,15.082449402547285,0.0172717200140303,0.9993945806624924,5.029645785931762e-09,12.0,1505.3409423828125,37.68319134844292,861.9218674781857,687.3489488047708,0.0
2458311.710388005,0.7193901142208349,0.00012460795147840165,0.6051677250850357,0.0006975642444463997,0.6051677250850357,0.0006975642444463997,15.081370976393089,0.017383982513088,0.9669148841081344,6.559378544305239e-09,12.0,1549.8459716796874,45.17833553491207,861.9218674781857,687.3489488047708,0.0
2458312.720034822,0.7193056178502156,0.00011281144088406174,0.6050792268742121,0.0006961475483878861,0.6050792268742121,0.0006961475483878861,15.079165514513925,0.0173486770631547,0.9779272236265176,7.088028521016252e-09,12.0,1525.876782226563,41.24794185570209,861.9218674781857,687.3489488047708,0.0
2458313.485904608,0.7178543292918194,0.00012801201533019457,0.6035592037079441,0.0007128603638699463,0.6035592037079441,0.0007128603638699463,15.041285052101657,0.0177651767538967,0.4427217787158697,8.382522912353231e-09,12.0,962.8739990234376,20.56084825673657,861.9218674781857,687.3489488047708,0.0
2458313.6383932265,0.719029527564558,0.0001250754517492169,0.6047900606517171,0.0007010271817726797,0.6047900606517171,0.0007010271817726797,15.071959209725156,0.017470282294654,0.4625226366832691,3.363975801514463e-09,12.0,711.293115234375,20.21702047623144,861.9218674781857,687.3489488047708,0.0
2458313.652322225,0.7194975443064527,0.00019340663161982794,0.6052802431765952,0.0007135872939903821,0.6052802431765952,0.0007135872939903821,15.084175037168352,0.0177832925627308,0.4699109701272097,5.212234313436573e-09,12.0,718.6011596679688,33.36464401103967,861.9218674781857,687.3489488047708,0.0
2458313.7599146133,0.7195980377364041,0.00014776457104711171,0.605385496084916,0.0007005938072346545,0.605385496084916,0.0007005938072346545,15.086798042478998,0.0174594821777463,0.4622513113832166,3.5977053814573757e-09,12.0,950.0806884765624,24.16544714925224,861.9218674781857,687.3489488047708,0.0
2458313.8050429,0.7194955404207782,0.00014338969048087094,0.605278144384711,0.000700538170811026,0.605278144384711,0.000700538170811026,15.084122733224012,0.017458095663711,0.4444715702125483,7.0520487435878645e-09,12.0,1065.6678466796875,22.30249554827993,861.9218674781857,687.3489488047708,0.0
2458313.8224270856,0.7193618120143865,0.00016662917149949856,0.6051380824552433,0.0007073810321658665,0.6051380824552433,0.0007073810321658665,15.080632253096915,0.0176286264543573,0.4384589780499039,7.003725573401386e-09,12.0,1161.2404296875,26.28399656549716,861.9218674781857,687.3489488047708,0.0
2458328.490073482,0.716828033579368,0.0003407019943439462,0.6024843015120005,0.000795054909979663,0.6024843015120005,0.000795054909979663,15.014497439166606,0.0198135451495224,1.1490746870659476,8.368911083612009e-09,12.0,8042.802050781251,159.9591926990204,861.9218674781857,687.3489488047708,0.0
2458329.504418951,0.7190500639494881,0.00014245688999673148,0.6048115696622202,0.0007044639385785014,0.6048115696622202,0.0007044639385785014,15.072495235281844,0.017555929632071,1.129976074479434,6.6536525955964085e-09,12.0,2610.60048828125,61.60706098483429,861.9218674781857,687.3489488047708,0.0
2458330.490099085,0.7173615972301076,0.00016342197637022045,0.6030431353187654,0.0007255430967036729,0.6030431353187654,0.0007255430967036729,15.028424123628817,0.0180812428475289,0.5635818766801575,6.060993899967513e-09,12.0,1932.178173828125,36.01733899246408,861.9218674781857,687.3489488047708,4.0
2458330.525338869,0.7188488866212628,8.819701073412282e-05,0.6046008643564685,0.0006965652429144806,0.6046008643564685,0.0006965652429144806,15.067244253197025,0.0173590864188577,1.1313392582385082,9.425350820636644e-09,12.0,1907.298876953125,37.60318663458765,861.9218674781857,687.3489488047708,0.0
2458331.657604732,0.7192931900312212,0.00011310465639040335,0.6050662104601647,0.0006963159554469985,0.6050662104601647,0.0006963159554469985,15.078841132758432,0.0173528739316066,1.2711180940541869,2.528231007977888e-09,12.0,2151.8228515625,54.399679855831046,861.9218674781857,687.3489488047708,0.0
2458333.5869941013,0.7211912243287979,0.0009470797247126637,0.6070541377307249,0.0011962973644303145,0.6070541377307249,0.0011962973644303145,15.128382222606197,0.0298128991405147,0.0673826275098849,9.421510586883233e-09,12.0,1125.8739501953123,21.4830671821367,861.9218674781857,687.3489488047708,4.0
2458335.523395727,0.7166802918114812,0.00016091031420054685,0.6023295625329643,0.0007316652253492789,0.6023295625329643,0.0007316652253492789,15.010641192624332,0.0182338122748833,0.973445544670692,1.026406625075159e-08,12.0,2398.9804199218747,63.07798659170203,861.9218674781857,687.3489488047708,0.0
2458339.510085107,0.7189223856376915,0.00010397279191406485,0.6046778443664212,0.0006982500638741186,0.6046778443664212,0.0006982500638741186,15.069162670256857,0.0174010738032932,1.233478176821872,5.7392870046686204e-09,12.0,1917.5589355468749,48.902217829741545,861.9218674781857,687.3489488047708,0.0
2458340.59740113,0.7186861711141029,0.00011511495763746337,0.6044304424655474,0.0007024087090586237,0.6044304424655474,0.0007024087090586237,15.0629971731679,0.0175047113044139,1.2224343995205935,6.5147071095614825e-09,12.0,1733.78447265625,54.05896681282434,861.9218674781857,687.3489488047708,0.0
2458347.5466683856,0.7183818263070573,0.00012126066040009082,0.6041116835567379,0.0007064532694339366,0.6041116835567379,0.0007064532694339366,15.055053389723216,0.0176055057006252,1.2404650385604132,4.6489208177427995e-09,12.0,2343.8419921875,58.32894260384155,861.9218674781857,687.3489488047708,0.0
2458348.5877401214,0.0,0.0,0.0,0.0,0.0,0.0,0.0,0.0,0.0,0.0,12.0,0.0,0.0,0.0,0.0,5.0
2458349.5870693284,0.7181266596902071,0.0001657708749414746,0.6038444319708096,0.000718731964137135,0.6038444319708096,0.000718731964137135,15.048393219088956,0.0179115027692871,1.1028158367607772,1.0044820116593938e-08,12.0,5203.4228515625,71.89872846765581,861.9218674781857,687.3489488047708,0.0
2458354.5574350148,0.7176657777944345,0.0002679955364773994,0.6033617222061423,0.000756049776181047,0.6033617222061423,0.000756049776181047,15.036363620131324,0.0188414991060588,1.055612090064805,7.923626463123839e-09,12.0,5321.1490234375,113.2055052127836,861.9218674781857,687.3489488047708,0.0
2458355.614116354,0.7164853433299444,0.0002018380073954227,0.6021253810788696,0.0007446343597711531,0.6021253810788696,0.0007446343597711531,15.005552791296802,0.0185570157759152,1.1913591615769008,5.277451092526542e-09,12.0,7883.343359375001,98.65723681653392,861.9218674781857,687.3489488047708,0.0
2458357.5979488795,0.7153624305602384,0.00018125987348274736,0.6009492859365378,0.0007501714901903088,0.6009492859365378,0.0007501714901903088,14.976243351269169,0.0186950064759054,1.0776019100852563,6.25854406708628e-09,12.0,3540.658642578125,81.73869125121708,861.9218674781857,687.3489488047708,0.0
2458366.570864212,0.7190762824831514,0.00010314046583360324,0.6048390299342126,0.0006966577016083189,0.6048390299342126,0.0006966577016083189,15.07317957208942,0.0173613905798431,1.2635836969463177,8.334686433778403e-09,12.0,1688.194140625,49.479163725695145,861.9218674781857,687.3489488047708,0.0
2458670.560830028,0.7193943914345842,8.470119640766712e-05,0.6051722048722897,0.0006909252009749228,0.6051722048722897,0.0006909252009749228,15.081482617068348,0.0172185310632314,2.188915206549026,7.036364568433905e-09,12.0,2227.1875,70.32771933034664,861.9218674781857,687.3489488047708,0.0
2458671.63542872,0.7192241176710381,0.00011535526460154796,0.6049938667577223,0.000697367272182495,0.6049938667577223,0.000697367272182495,15.077038257011568,0.0173790737718236,1.9005360953892367,9.604890256127136e-09,12.0,2175.03759765625,83.95721072358718,861.9218674781857,687.3489488047708,0.0
2458672.7449510684,0.7195021410327225,0.00024876763141690476,0.605285057608831,0.0007321204607565487,0.605285057608831,0.0007321204607565487,15.084295017523514,0.0182451571860113,0.2946966005294496,7.299016602606136e-09,12.0,1878.801928710937,26.38703186769387,861.9218674781857,687.3489488047708,4.0
2458683.625741721,0.7191793286003614,0.00011438771508857856,0.6049469564278429,0.0006976124799615052,0.6049469564278429,0.0006976124799615052,15.075869205758153,0.017385184589252,2.1374218104283798,7.872642074235905e-09,12.0,3554.132421875,94.21448764877088,861.9218674781857,687.3489488047708,0.0
2458684.5981238056,0.7181149718330767,0.0003006694917759576,0.6038321905640271,0.0007653493489962482,0.6038321905640271,0.0007653493489962482,15.048088151271712,0.0190732535465791,1.772944946789215,7.46099758201358e-09,12.0,5457.637304687501,211.0888337493712,861.9218674781857,687.3489488047708,2.0
2458685.6287009246,0.7200646621017142,0.00021529225360188476,0.6058742202887367,0.0007154017560491736,0.6058742202887367,0.0007154017560491736,15.09897752713662,0.0178285107300205,0.7053899308916862,9.145554411707974e-09,12.0,5483.46787109375,56.56886537811175,861.9218674781857,687.3489488047708,0.0
2458690.62935655,0.719325534159361,9.690966817072723e-05,0.605100086441465,0.0006933281644173637,0.605100086441465,0.0006933281644173637,15.079685355310298,0.0172784152599854,2.1396911669664003,8.869316012299097e-09,12.0,2133.969482421875,79.29406176435181,861.9218674781857,687.3489488047708,0.0
2458691.572931574,0.7190471290741107,9.53615873001051e-05,0.6048084957879462,0.0006957168597550207,0.6048084957879462,0.0006957168597550207,15.072418631331669,0.0173379438816278,2.175539364046549,8.73090388094244e-09,12.0,2025.5470214843751,79.72186298661336,861.9218674781857,687.3489488047708,0.0
2458692.4976308043,0.7190211584395716,0.0001579283732631429,0.6047812951558502,0.0007083420944605738,0.6047812951558502,0.0007083420944605738,15.071740765003996,0.0176525770657285,1.0027691520491175,9.524637591570635e-09,12.0,2704.190087890625,60.63749362895728,861.9218674781857,687.3489488047708,0.0
2458692.5868348223,0.7187980876361039,0.00010663836902694143,0.6045476594760072,0.0006998719563816425,0.6045476594760072,0.0006998719563816425,15.06591833559314,0.017441492949219,1.9564230225280244,7.446188415867312e-09,12.0,2263.785205078125,80.75234243683632,861.9218674781857,687.3489488047708,0.0
2458696.51110067,0.7191364288348953,0.0001576573695151254,0.6049020248827284,0.0007072045003298262,0.6049020248827284,0.0007072045003298262,15.074749467754414,0.0176242271085262,0.731657863286859,1.0272457729198631e-08,12.0,2814.8236328125004,43.49991725194479,861.9218674781857,687.3489488047708,0.0
2458698.608023172,0.7191408925480678,8.261579235012268e-05,0.6049067000022216,0.000693037398788181,0.6049067000022216,0.000693037398788181,15.074865976299916,0.0172711690964193,2.210155122529773,6.6665449945698595e-09,12.0,1854.4604980468748,69.77529612536104,861.9218674781857,687.3489488047708,0.0
2458699.654892126,0.7190943339485769,9.623959001320882e-05,0.6048579363367153,0.0006954029249199958,0.6048579363367153,0.0006954029249199958,15.073650738111915,0.0173301203188151,2.138326568024824,9.968404183374373e-09,12.0,2215.86708984375,78.91525781968049,861.9218674781857,687.3489488047708,0.0
2458704.521993249,0.7182161355298377,0.00013398228987774983,0.6039381454837239,0.0007105606892546632,0.6039381454837239,0.0007105606892546632,15.050728651391733,0.0177078666156318,2.122040955013728,7.938594242606287e-09,12.0,5462.420703125001,112.03573245516444,861.9218674781857,687.3489488047708,0.0
2458711.630342005,0.7191121488324431,0.00011709653054908437,0.6048765949528976,0.0006987360796336982,0.6048765949528976,0.0006987360796336982,15.074115729057215,0.0174131857908741,2.009500320202856,5.8861207755454e-09,12.0,7924.527246093749,90.586663370131,861.9218674781857,687.3489488047708,0.0
2458715.59106472,0.7188338723775369,9.14319286659321e-05,0.6045851390217962,0.0006971658771664054,0.6045851390217962,0.0006971658771664054,15.06685236249286,0.0173740548112536,2.130746650096274,7.727002875099838e-09,12.0,2179.356982421875,75.14463422084006,861.9218674781857,687.3489488047708,0.0
2458718.5274638413,0.7174899153215993,0.00013416653550417113,0.6031775306949225,0.0007176667237991701,0.6031775306949225,0.0007176667237991701,15.031773387711022,0.0178849559392928,2.013148895005749,1.0338465247023071e-08,12.0,2231.47744140625,107.99277759496836,861.9218674781857,687.3489488047708,0.0
2458724.5766230286,0.7191059581344587,9.234173518141615e-05,0.6048701110567093,0.0006947129713443026,0.6048701110567093,0.0006947129713443026,15.07395414402924,0.0173129260016032,2.2013710597796075,1.009556170100892e-08,12.0,2043.6354736328128,78.15182852773427,861.9218674781857,687.3489488047708,0.0
2458730.579806504,0.7190227510860779,9.275410374200499e-05,0.6047829632318308,0.0006955611006282269,0.6047829632318308,0.0006955611006282269,15.07178233508719,0.0173340622120067,2.1788697505721264,8.999326082157325e-09,12.0,2945.8462890625,77.74129612875575,861.9218674781857,687.3489488047708,0.0
2458740.499304581,0.7186442873912471,0.00013479320833595214,0.6043865750839287,0.0007066357939500962,0.6043865750839287,0.0007066357939500962,15.061903955158192,0.0176100543898999,2.0409649988277008,7.725593949034197e-09,12.0,3622.496435546874,107.43877893461344,861.9218674781857,687.3489488047708,0.0
2458740.5030944142,0.7187663938325447,0.00015187956618610812,0.6045144646193689,0.0007092765059299146,0.6045144646193689,0.0007092765059299146,15.065091087333329,0.0176758635124929,2.008657879814071,7.66634600872921e-09,12.0,3646.4073730468754,118.98333669089776,861.9218674781857,687.3489488047708,0.0
2458644.7027638205,0.7644525067454965,0.00022265704420506194,0.6897002276636329,0.0005996443675769536,0.6897002276636329,0.0005996443675769536,17.188003531477868,0.0149437235108034,2.1195242321536285,1.2471692520293434e-08,12.0,1267.5181884765625,54.155678831632,862.758278685447,693.9984165982005,0.0
2458552.871814847,0.7634528770681266,0.00022350895632836234,0.6885997214295515,0.0005921257147888739,0.6885997214295515,0.0005921257147888739,17.160577840896494,0.014756351337372,2.0102551153883548,1.2774151840112469e-08,12.0,1337.5653076171875,52.68264219915228,862.758278685447,693.9984165982005,0.0
2458642.6336463047,0.7645755259611628,0.0002469252992176469,0.6898356612315008,0.0006120266338103031,0.6898356612315008,0.0006120266338103031,17.19137866831184,0.0152523016831892,2.087119854371579,1.31726123015959e-08,12.0,1306.5697021484375,59.133031566643055,862.758278685447,693.9984165982005,0.0
2458559.853414912,0.764538555888289,0.0003038561267224237,0.689794960363376,0.0006420453627447852,0.689794960363376,0.0006420453627447852,17.19036436291219,0.0160003977374477,2.0865555035982,8.353265301013194e-09,12.0,1322.771728515625,73.64228447340274,862.758278685447,693.9984165982005,0.0
2458645.6890265997,0.764573748367101,0.00026784898777407434,0.6898337042534404,0.0006225864483322186,0.6898337042534404,0.0006225864483322186,17.19132989850656,0.0155154625783353,2.102198912660789,9.84220935584494e-09,12.0,1635.7427978515625,64.9474682181958,862.758278685447,693.9984165982005,0.0
2458562.841609053,0.7637651013080476,0.0004443883262439078,0.6889434534437596,0.0007295942154147446,0.6889434534437596,0.0007295942154147446,17.169143978527195,0.018182200683875,1.8137812482582607,1.1185322837038709e-08,12.0,4558.0751953125,94.9384694026516,862.758278685447,693.9984165982005,2.0
2458645.7835784284,0.7640882049060089,0.00029093740945398483,0.6892991626947551,0.0006313398205259356,0.6892991626947551,0.0006313398205259356,17.178008600600762,0.0157336051657136,1.328616501780286,8.011277662828871e-09,12.0,1350.3636474609375,44.669058920163536,862.758278685447,693.9984165982005,0.0
2458573.8126538964,0.7616533247461783,0.0006451748726784495,0.6866185692151935,0.0008824769514403854,0.6866185692151935,0.0008824769514403854,17.11120559206872,0.0219921878367171,1.6454411261745667,1.282154902580312e-08,12.0,1677.98291015625,132.40100866979267,862.758278685447,693.9984165982005,2.0
2458647.62034974,0.7642205589857882,0.00035630428040765266,0.6894448731445355,0.0006716603585302689,0.6894448731445355,0.0006716603585302689,17.18163984737283,0.0167384323671736,2.0403578153311,1.2406441316171678e-08,12.0,3891.182861328125,85.22430957989928,862.758278685447,693.9984165982005,0.0
2458575.8799212724,0.7633683616996099,0.00026630218418359904,0.68850667728327,0.000612569929570087,0.68850667728327,0.000612569929570087,17.158259089864202,0.0152658411443395,2.0657253324579257,1.2126870457326717e-08,12.0,1269.662841796875,65.40390292998914,862.758278685447,693.9984165982005,0.0
2458653.785724488,0.7642312416343626,0.0003775833879653491,0.6894566338211326,0.0006856799605415822,0.6894566338211326,0.0006856799605415822,17.18193293492417,0.0170878145468731,2.104583109223656,1.152450358988192e-08,12.0,13559.18359375,93.155223565301,862.758278685447,693.9984165982005,0.0
2458580.8757536914,0.7626365211901576,0.0005967517978079384,0.6877009838737618,0.0008451777817051208,0.6877009838737618,0.0008451777817051208,17.138180422912292,0.021062656084491,1.55479257966846,5.548383709731787e-09,12.0,1541.428955078125,112.45675843683205,862.758278685447,693.9984165982005,2.0
2458656.660082475,0.7632458849096523,0.0005268425739174802,0.6883718408794198,0.0007903047816414072,0.6883718408794198,0.0007903047816414072,17.154898834940987,0.0196951673103132,1.0228286978128298,9.41091030008716e-09,12.0,6767.8017578125,64.30521703166826,862.758278685447,693.9984165982005,0.0
2458582.7934868326,0.7641551217093786,0.0003039354865576777,0.6893728323355637,0.0006392162115265462,0.6893728323355637,0.0006392162115265462,17.17984452002719,0.0159298925249224,2.033921874494532,7.0829710419025755e-09,12.0,1307.4051513671875,72.52390013338331,862.758278685447,693.9984165982005,0.0
2458661.633507722,0.7651858910857445,0.0005829291301522533,0.6905076206979652,0.0008476675571657166,0.6905076206979652,0.0008476675571657166,17.208124554740976,0.0211247037215554,0.4753431340881697,1.3126187179826678e-08,12.0,1273.245849609375,30.44087686174355,862.758278685447,693.9984165982005,4.0
2458583.7902215766,0.7638433099411798,0.000249571286293652,0.6890295544172191,0.0006076029784711504,0.6890295544172191,0.0006076029784711504,17.171289698909078,0.0151420598700917,2.1143110397218785,1.313825723338073e-08,12.0,1325.0625,61.73149747642616,862.758278685447,693.9984165982005,0.0
2458661.645333824,0.764399371393932,0.0005548452547026145,0.6896417302150571,0.00081981449685434,0.6896417302150571,0.00081981449685434,17.186545717905567,0.0204305782453088,0.412979052983436,1.2959790070775338e-08,12.0,1354.5267333984375,25.08218930713929,862.758278685447,693.9984165982005,4.0
2458585.7849066663,0.7637241750873127,0.00022570612054826315,0.6888983971973558,0.000595248277550636,0.6888983971973558,0.000595248277550636,17.16802113284549,0.0148341686522339,2.1068252340523417,1.2731534757473414e-08,12.0,1386.3519287109375,55.58361800531202,862.758278685447,693.9984165982005,0.0
2458661.657180235,0.7629815267951944,0.0006499908284776026,0.6880808053493859,0.0008932206005111068,0.6880808053493859,0.0008932206005111068,17.147645945181978,0.0222599300684314,0.311682512265176,1.25643197941393e-08,12.0,1313.2320556640625,22.60418869543051,862.758278685447,693.9984165982005,4.0
2458587.77968206,0.7639271193566838,0.00022367482016399183,0.6891218213699968,0.0005959152320994088,0.6891218213699968,0.0005959152320994088,17.173589081519914,0.0148507898112242,2.1205073412275564,1.1457229112884972e-08,12.0,1402.7381591796875,55.135903946694334,862.758278685447,693.9984165982005,0.0
2458661.6689993683,0.763734044718617,0.0007161134271939506,0.6889092628119168,0.0009561435779095193,0.6889092628119168,0.0009561435779095193,17.168291914576386,0.0238280321428626,0.3295937884860063,1.2678169404081869e-08,12.0,1248.7574462890625,26.451059466943416,862.758278685447,693.9984165982005,4.0
2458589.8164426475,0.7641490918718858,0.0002807970574423813,0.6893661940034875,0.0006262121990641428,0.6893661940034875,0.0006262121990641428,17.179679086306002,0.0156058198290436,2.1166514592868686,1.215738172443442e-08,12.0,2001.169921875,69.24965063524049,862.758278685447,693.9984165982005,0.0
2458661.6808166304,0.7630929558921189,0.0012862644181027966,0.6882034791941107,0.0015139451547635276,0.6882034791941107,0.0015139451547635276,17.150703097248595,0.037728992427171,0.2189540920316047,1.3072054456632162e-08,12.0,1238.144287109375,32.65553757262934,862.758278685447,693.9984165982005,4.0
2458590.771941144,0.7644383093583187,0.0003165246936178257,0.6896845975623555,0.0006486742853605348,0.6896845975623555,0.0006486742853605348,17.187614014082953,0.0161655969656912,2.1234541633105595,1.3178196578420913e-08,12.0,3477.655029296875,78.16902576491313,862.758278685447,693.9984165982005,0.0
2457821.8976806644,0.7646725591729862,0.00026339398039290716,0.6899424864458191,0.0006210532975736599,0.6899424864458191,0.0006210532975736599,17.19404085702415,0.0154772549634971,1.3253474200000588,8.279535638221822e-09,12.0,1404.8203125,39.37777327313912,862.758278685447,693.9984165982005,0.0
2458601.7388531603,0.7613556477897718,0.0005537005981322206,0.6862908525080127,0.0008021090450718766,0.6862908525080127,0.0008021090450718766,17.103038571536587,0.0199893410881249,1.657752679829111,1.3093131420720951e-08,12.0,1695.2860107421875,114.58400818379074,862.758278685447,693.9984165982005,2.0
2457844.729581457,0.7640945696644288,0.00028642255095968997,0.6893061697459445,0.0006288807619741979,0.6893061697459445,0.0006288807619741979,17.1781832231625,0.0156723230240293,1.2150855825721607,9.64983032694635e-09,12.0,1203.5872802734375,39.83684699748721,862.758278685447,693.9984165982005,0.0
2458601.913359296,0.7608335738538928,0.0005449235324156543,0.6857160940408595,0.0007921228875767605,0.6857160940408595,0.0007921228875767605,17.088715028978626,0.019740476286567,1.614959460802696,1.2575742430062472e-08,12.0,1967.15625,110.96346752264694,862.758278685447,693.9984165982005,2.0
2457844.742610609,0.764081756393936,0.00024633415299918924,0.6892920634380032,0.000607852024514218,0.6892920634380032,0.000607852024514218,17.177831680186316,0.0151482663408105,1.2099921490665986,9.201872962592358e-09,12.0,1207.9718017578125,33.570950034390606,862.758278685447,693.9984165982005,0.0
2458604.734761808,0.7637991654857165,0.0002279878042028928,0.6889809551713811,0.0005968880399209967,0.6889809551713811,0.0005968880399209967,17.170078558219856,0.014875033132601,2.075647530464126,1.2515157213557596e-08,12.0,1306.9976806640625,55.24476066681032,862.758278685447,693.9984165982005,0.0
2457844.7719857614,0.7645338630347354,0.0002787923191314586,0.6897897939355393,0.000628074265983179,0.6897897939355393,0.000628074265983179,17.190235610482745,0.015652224355962,1.2178629601573494,8.613961101158289e-09,12.0,1225.3238525390625,38.138116416878354,862.758278685447,693.9984165982005,0.0
2458605.732127586,0.7635841643969694,0.0002243790062169496,0.6887442574783689,0.0005935454941967686,0.6887442574783689,0.0005935454941967686,17.164179820449135,0.0147917336273844,1.996479576540586,1.2897565975147046e-08,12.0,1356.2344970703125,52.40695375006054,862.758278685447,693.9984165982005,0.0
2457845.7271169964,0.7640939924638137,0.00030723940559385386,0.6893055342977488,0.0006406744764002005,0.6893055342977488,0.0006406744764002005,17.178167387172607,0.015966233910343,1.2089378539473183,1.0418531165631848e-08,12.0,1237.9451904296875,42.69866340125322,862.758278685447,693.9984165982005,0.0
2458606.7295040386,0.7634420119201656,0.00026961948328968553,0.688587759836838,0.0006148757649641715,0.688587759836838,0.0006148757649641715,17.160279746319233,0.0153233048152314,2.089592264602306,1.3075453510065273e-08,12.0,1292.008056640625,66.9750539950395,862.758278685447,693.9984165982005,0.0
2457846.8568904856,0.7635003794264891,0.00024189110153323914,0.6886520174374584,0.0006011813055878892,0.6886520174374584,0.0006011813055878892,17.161881108508325,0.0149820255076711,1.2933899547176837,1.3047793016063865e-08,12.0,1186.156982421875,36.10610086983555,862.758278685447,693.9984165982005,0.0
2458608.82228736,0.7640909770801063,0.00027183690651846806,0.6893022146198284,0.0006209573487805857,0.6893022146198284,0.0006209573487805857,17.17808465755541,0.0154748638258288,2.126637140999493,1.3180854346049617e-08,12.0,1385.96044921875,67.69862092256416,862.758278685447,693.9984165982005,0.0
2457847.7364619663,0.0,0.0,0.0,0.0,0.0,0.0,0.0,0.0,0.0,0.0,12.0,0.0,0.0,0.0,0.0,5.0
2458611.716154701,0.7639193887505848,0.0002495591470416664,0.6891133106380751,0.0006081846381875255,0.6891133106380751,0.0006081846381875255,17.17337698576518,0.015156555398523,2.064827163446544,1.0816865483069397e-08,12.0,1274.5694580078125,60.10886166354631,862.758278685447,693.9984165982005,0.0
2457848.9131829925,0.7643777364657125,0.0002517516667161323,0.6896179120212612,0.0006128473224040104,0.6896179120212612,0.0006128473224040104,17.185952145245082,0.0152727540447821,1.2860934050764037,1.2118795400994776e-08,12.0,1238.057373046875,36.54527134646342,862.758278685447,693.9984165982005,0.0
2458613.7643298614,0.7636802119682572,0.00023362306150428988,0.6888499975872943,0.0005985972799464985,0.6888499975872943,0.0005985972799464985,17.166814967274867,0.014917629064016,2.090762677969669,1.259020414442816e-08,12.0,1337.105224609375,57.39013846047441,862.758278685447,693.9984165982005,0.0
2457849.7858323567,0.7643228012960711,0.0003373699254887745,0.6895574331278981,0.0006604448254066972,0.6895574331278981,0.0006604448254066972,17.18444495213275,0.0164589303238172,1.2891161268702136,8.088866022183762e-09,12.0,1178.32275390625,50.12229201261768,862.758278685447,693.9984165982005,0.0
2458617.8528534826,0.7636101870496189,0.00023066781154020886,0.6887729061790989,0.0005966621006132267,0.6887729061790989,0.0005966621006132267,17.164893774061987,0.0148694025043018,2.094787894825189,1.1106622510780508e-08,12.0,1488.5283203125,56.66603419381161,862.758278685447,693.9984165982005,0.0
2457851.8305679527,0.7641099987646873,0.00025964566678330465,0.689323155857307,0.0006147482831361912,0.689323155857307,0.0006147482831361912,17.1786065336536,0.0153201278435245,1.306382996502693,1.2545513175424506e-08,12.0,1902.6243896484373,38.76655134924337,862.758278685447,693.9984165982005,0.0
2458618.697622888,0.7638170276548083,0.00024576911776918553,0.6890006198821087,0.0006055183706762116,0.6890006198821087,0.0006055183706762116,17.1705686220242,0.0150901094071166,2.069991816327573,1.0197440050750654e-08,12.0,3423.487548828125,59.43529761469447,862.758278685447,693.9984165982005,0.0
2457864.880693162,0.7646785226390348,0.00032115744432106234,0.689949051708648,0.0006532149888181999,0.689949051708648,0.0006532149888181999,17.194204469788303,0.0162787557322616,1.2664625889397314,6.954261555903491e-09,12.0,1410.451171875,46.32682839820973,862.758278685447,693.9984165982005,0.0
2458618.885815346,0.7634572049463247,0.0002637934716231246,0.6886044860509358,0.0006119193931996908,0.6886044860509358,0.0006119193931996908,17.160696579916575,0.0152496291423954,2.0529521658815004,8.981303504198622e-09,12.0,1977.8587646484373,63.966721204122415,862.758278685447,693.9984165982005,0.0
2457867.790685161,0.7645232610016526,0.00035308282466353316,0.6897781220096596,0.0006717657227980942,0.6897781220096596,0.0006717657227980942,17.189944734685994,0.0167410581476719,1.2529056815428452,9.270723599334188e-09,12.0,1156.1790771484375,50.79156366305641,862.758278685447,693.9984165982005,0.0
2458625.694211842,0.7652347596971792,0.0015902985262962349,0.6905614208329078,0.0018364141254055208,0.6905614208329078,0.0018364141254055208,17.209465306668115,0.0457652342375619,0.101479938697979,1.2746675641723982e-08,12.0,509.7560424804688,15.917179220806943,862.758278685447,693.9984165982005,0.0
2457954.5702548465,0.7644311126781869,0.0003458305007256828,0.6896766746369677,0.0006665096261944608,0.6896766746369677,0.0006665096261944608,17.187416567041346,0.0166100710849431,0.901302519698832,8.103099253694613e-09,12.0,1161.234619140625,35.18407973574855,862.758278685447,693.9984165982005,0.0
2458625.696380625,0.7641512728337904,0.0003389890040752783,0.6893685950548236,0.0006602087192305097,0.6893685950548236,0.0006602087192305097,17.179738922851193,0.0164530463272237,2.117192804336076,1.0687259659227174e-08,12.0,10591.4296875,84.24080823653343,862.758278685447,693.9984165982005,0.0
2457954.7682001246,0.7647825597188509,0.0007801458700004148,0.690063587578786,0.001019981275397368,0.690063587578786,0.001019981275397368,17.197058815577172,0.0254189299356319,0.3546908449087114,7.166972438060296e-09,12.0,1161.449462890625,30.724322065661983,862.758278685447,693.9984165982005,4.0
2458626.672460061,0.7636723423659286,0.0003719893081503381,0.6888413338324877,0.0006780911641309403,0.6888413338324877,0.0006780911641309403,17.166599058040333,0.016898694325835,2.0811046970426617,9.624055962667223e-09,12.0,6683.5166015625,91.8118357130566,862.758278685447,693.9984165982005,0.0
2457955.6188473417,0.7643054873283966,0.0003048061559193972,0.6895383719397463,0.0006408401657054179,0.6895383719397463,0.0006408401657054179,17.183969928700648,0.0159703630497125,0.8667224431701591,8.680419306137872e-09,12.0,1081.691162109375,29.407961633580737,862.758278685447,693.9984165982005,0.0
2458627.7939480217,-401.2679754808633,-401.2679754808633,-401.2679754808633,-401.2679754808633,-401.2679754808633,-401.2679754808633,-9999.99,-9999.99,-9999.99,-9999.99,12.0,-9999.99,-9999.99,-9999.99,-9999.99,5.0
2457956.5631980146,0.7643457553561015,0.00030804029020107214,0.6895827035722766,0.0006430122761794629,0.6895827035722766,0.0006430122761794629,17.185074716296654,0.0160244941649437,1.204582065811697,7.2434686787809954e-09,12.0,1139.913818359375,42.46187608674204,862.758278685447,693.9984165982005,0.0
2458627.796092052,0.7716526508138764,0.006531895349414836,0.6976269665479599,0.007217493071630803,0.6976269665479599,0.007217493071630803,17.38554560914028,0.1798669790552956,0.1558729760444265,1.2008744452961411e-08,12.0,14963.037109375,100.9039156447527,862.758278685447,693.9984165982005,4.0
2457958.5700916494,0.0,0.0,0.0,0.0,0.0,0.0,0.0,0.0,0.0,0.0,12.0,0.0,0.0,0.0,0.0,5.0
2458629.66819276,0.0,0.0,0.0,0.0,0.0,0.0,0.0,0.0,0.0,0.0,12.0,0.0,0.0,0.0,0.0,5.0
2457960.652415336,0.7642298180580787,0.00035699656678361776,0.6894550665861752,0.0006721715290381327,0.6894550665861752,0.0006721715290381327,17.181893877897792,0.0167511712356587,1.2002083837564157,6.952644874016397e-09,12.0,1033.2991943359375,49.53933225150523,862.758278685447,693.9984165982005,0.0
2458631.752334596,0.7638431712482279,0.00027030884852477375,0.6890294017282167,0.0006182611354105121,0.6890294017282167,0.0006182611354105121,17.171285893749953,0.0154076715543641,1.8636458565515224,1.2987603829134874e-08,12.0,1345.6845703125,58.65549010479308,862.758278685447,693.9984165982005,0.0
2457965.5860123383,0.7469930369894761,0.008435839209235779,0.6704788542438207,0.009297954000551245,0.6704788542438207,0.009297954000551245,16.708988125989684,0.2317140980775992,0.0376514925551573,8.057220724650697e-09,12.0,6741.4208984375,54.82643779740346,862.758278685447,693.9984165982005,6.0
2458635.814679356,0.7634289529218639,0.0002103467122325124,0.6885733830037292,0.000586064684855178,0.6885733830037292,0.000586064684855178,17.15992146159156,0.0146053045496137,2.062723162536532,1.2839555363598135e-08,12.0,1432.6453857421875,50.86468388183565,862.758278685447,693.9984165982005,0.0
2457968.538156412,0.0,0.0,0.0,0.0,0.0,0.0,0.0,0.0,0.0,0.0,12.0,0.0,0.0,0.0,0.0,5.0
2458637.715650966,0.76446839099938,0.00022267817068709984,0.68971771485996,0.000599781784432401,0.68971771485996,0.000599781784432401,17.188439329495864,0.0149471480731016,2.11039318158236,1.3159871463793044e-08,12.0,1331.00439453125,53.84685106881752,862.758278685447,693.9984165982005,0.0
2457968.69991766,0.7644086121297674,0.0005700201733654641,0.6896519034698376,0.0008323902589638471,0.6896519034698376,0.0008323902589638471,17.18679924535428,0.0207439785239798,1.1805184633260903,6.693980521941009e-09,12.0,10753.005859375,78.39587767680388,862.758278685447,693.9984165982005,0.0
2458638.643989451,0.7637083913995855,0.00025384756784269135,0.6888810207157109,0.0006087117338853414,0.6888810207157109,0.0006087117338853414,17.167588093945547,0.0151696911383011,1.764840318991856,9.09383935491657e-09,12.0,1265.68994140625,52.13454570435861,862.758278685447,693.9984165982005,0.0
2457969.749929613,0.766285035932286,0.0009049288117405296,0.6917176845677772,0.0011447550491326037,0.6917176845677772,0.0011447550491326037,17.2382805286459,0.028528414284886,1.1142266825058509,1.3058883491014725e-08,12.0,25250.208984375,113.13728364578516,862.758278685447,693.9984165982005,2.0
2458639.803465252,0.7629478095076746,0.00038401845373976367,0.6880436855179609,0.0006813338043078473,0.6880436855179609,0.0006813338043078473,17.146720882715663,0.0169795040872016,0.7134518306643542,1.2351633922739636e-08,12.0,1457.762451171875,31.57893284747593,862.758278685447,693.9984165982005,0.0
2457970.554457886,0.7640136144587111,0.0005782169297256175,0.6892170450324726,0.000836965377135829,0.6892170450324726,0.000836965377135829,17.175962148225224,0.0208579949388552,1.1712571323993557,7.537950427194972e-09,12.0,14689.2275390625,79.64134334130927,862.758278685447,693.9984165982005,0.0
2458641.757848639,0.7632071442901261,0.00027898124592865654,0.6883291907918266,0.0006181838957641273,0.6883291907918266,0.0006181838957641273,17.15383595308773,0.0154057466669107,2.026237160020101,7.98694593729293e-09,12.0,1357.688232421875,67.1423700843399,862.758278685447,693.9984165982005,0.0
2458654.606840713,0.7638229859598997,0.00041466296403799667,0.6890071794631674,0.000708448714169334,0.6890071794631674,0.000708448714169334,17.170732093193088,0.0176552341330415,2.014537938928376,1.1844664277438516e-08,12.0,12378.55859375,99.00838939489384,862.758278685447,693.9984165982005,0.0
2457971.500056308,0.7637089723729221,0.0005181529221265812,0.6888816603173481,0.0007860272823873735,0.6888816603173481,0.0007860272823873735,17.16760403344326,0.0195885678496558,1.2173162275737004,1.266054732200658e-08,12.0,12786.705078125,74.53411793520834,862.758278685447,693.9984165982005,0.0
2458655.6573912688,0.759123960165496,0.0008120064129084693,0.6838339565207913,0.0010265102945294553,0.6838339565207913,0.0010265102945294553,17.041810323072923,0.0255816394714538,1.0712007370523522,6.459665753716376e-09,12.0,13063.6005859375,115.04619352894912,862.758278685447,693.9984165982005,0.0
2457972.473804821,0.7592393028846824,0.0008127429960625884,0.6839609389267708,0.0010276222579074753,0.6839609389267708,0.0010276222579074753,17.044974848695603,0.0256093506852561,1.2131689713096636,8.942550638842057e-09,12.0,22159.0859375,130.12856838014835,862.758278685447,693.9984165982005,2.0
2458655.7610167903,0.7637793472762683,0.0007771892706710115,0.6889591370285832,0.0010125090536582508,0.6889591370285832,0.0010125090536582508,17.169534828784336,0.0252327148693052,1.0653189660827216,1.317989837796186e-08,12.0,11022.0556640625,98.22586483708994,862.758278685447,693.9984165982005,0.0
2458668.695788637,0.764211053485735,0.00021311543740455064,0.6894344084071401,0.0005934779593213604,0.6894344084071401,0.0005934779593213604,17.181379055892563,0.0147900505923056,2.101263113506177,9.794441438770142e-09,12.0,1215.849853515625,51.43201073209996,862.758278685447,693.9984165982005,0.0
2457973.554517448,0.7452429953521665,0.0007808291748275495,0.6685522090317376,0.0009684773801340008,0.6685522090317376,0.0009684773801340008,16.660974244913604,0.0241354025447966,1.1757013214170924,1.080628609614712e-08,12.0,13255.703125,165.66350845815663,862.758278685447,693.9984165982005,0.0
2457973.6866679583,0.7386388801357873,0.0011311112701047623,0.6612816466117234,0.0013245229462804137,0.6612816466117234,0.0013245229462804137,16.479784725846223,0.0330084059205127,0.6784748178922395,1.0251763585829308e-08,12.0,26095.64453125,161.07233952710803,862.758278685447,693.9984165982005,6.0
2457974.484702161,0.7647083331288336,0.00029417402624533513,0.6899818704920507,0.0006378534425502155,0.6899818704920507,0.0006378534425502155,17.195022345935648,0.0158959309905655,1.1866818358305045,6.569557656541706e-09,12.0,1940.25146484375,39.381445200018256,862.758278685447,693.9984165982005,0.0
2457979.567752234,0.7638737076483172,0.0003217601496489701,0.689063019676369,0.0006476530462246638,0.689063019676369,0.0006476530462246638,17.17212368586366,0.0161401466886436,1.1744009942036258,8.426002283281874e-09,12.0,1180.9283447265625,43.79816235335505,862.758278685447,693.9984165982005,0.0
2457980.498664601,0.7642018940035092,0.00030428032569710674,0.6894243246055894,0.000639763429777021,0.6894243246055894,0.000639763429777021,17.181127757705745,0.0159435297383731,1.155849924788022,1.2133020146021528e-08,12.0,1335.886474609375,40.26680121249486,862.758278685447,693.9984165982005,0.0
2457980.6137618544,0.7636139276064949,0.000300479247420461,0.6887770242102599,0.0006332313027942017,0.6887770242102599,0.0006332313027942017,17.16499639942196,0.0157807427518745,1.14308152745462,7.563256781881799e-09,12.0,1335.34912109375,39.7539988051759,862.758278685447,693.9984165982005,0.0
2457981.620559268,0.763657833621299,0.00027983563905360553,0.688825360953456,0.0006219884482617994,0.688825360953456,0.0006219884482617994,17.166200998288872,0.0155005598323162,1.152599475227952,8.451604234475022e-09,12.0,1216.4554443359375,37.19937089199256,862.758278685447,693.9984165982005,0.0
2457983.6725961776,0.7613768769415428,0.0004040880969691551,0.6863142239768649,0.0006854749490693045,0.6863142239768649,0.0006854749490693045,17.10362101137502,0.0170827054606815,0.9997203084034642,5.770807968986257e-09,12.0,1217.298583984375,49.46019747155952,862.758278685447,693.9984165982005,0.0
2457986.6058055074,0.7628414307803464,0.00027421637762522393,0.6879265716954633,0.0006129161503439904,0.6879265716954633,0.0006129161503439904,17.143802291835257,0.0152744693042934,1.1154531644666008,4.1015422442353235e-09,12.0,1152.5406494140625,35.43273317610524,862.758278685447,693.9984165982005,0.0
2457989.6933442326,-401.2679754808633,-401.2679754808633,-401.2679754808633,-401.2679754808633,-401.2679754808633,-401.2679754808633,-9999.99,-9999.99,-9999.99,-9999.99,12.0,-9999.99,-9999.99,-9999.99,-9999.99,5.0
2457990.6510736723,0.7639567989785115,0.00028169084075275536,0.6891544960790276,0.0006252438496536544,0.6891544960790276,0.0006252438496536544,17.174403367193143,0.0155816876156274,1.1618518310440586,8.441118921335621e-09,12.0,1138.631103515625,37.505856529767534,862.758278685447,693.9984165982005,0.0
2457993.58783492,0.7628627740289643,0.0003535899013157077,0.6879500687751237,0.0006604941517142131,0.6879500687751237,0.0006604941517142131,17.14438786201775,0.0164601595835938,1.1708726817827309,7.838825191667908e-09,12.0,2175.909423828125,49.42190829474115,862.758278685447,693.9984165982005,0.0
2457995.4930316824,0.764043746884334,0.0005452144284961311,0.6892502182395078,0.0008098515256404559,0.6892502182395078,0.0008098515256404559,17.176788856955774,0.0201822912685329,0.8199605684671467,5.075589392834415e-09,12.0,7098.6513671875,52.021826064589725,862.758278685447,693.9984165982005,0.0
2457996.667900017,0.7591502441473554,0.0006073822982611217,0.6838628929224889,0.0008377916173271213,0.6838628929224889,0.0008377916173271213,17.042531446474968,0.020878585651684,1.0469925017175896,7.813012786140135e-09,12.0,16131.2412109375,83.79427045319302,862.758278685447,693.9984165982005,0.0
2457998.6146285394,0.7646575745115537,0.0005757505954992555,0.6899259896233504,0.0008385965920149161,0.6899259896233504,0.0008385965920149161,17.19362974009033,0.0208986464073886,1.1707458357006226,8.452116724940231e-09,12.0,7965.275390625,78.0826589596792,862.758278685447,693.9984165982005,0.0
2457999.4813984707,0.7626854193525915,0.0007284798982899818,0.6877548165418113,0.0009624647495718518,0.6877548165418113,0.0009624647495718518,17.139521985596232,0.0239855619166649,0.939091566820295,1.2674471951226513e-08,12.0,12895.740234375,83.01388640041822,862.758278685447,693.9984165982005,0.0
2458000.661817428,0.7532754163887289,0.0007689486920442442,0.6773952132218094,0.0009679777432414625,0.6773952132218094,0.0009679777432414625,16.881350549214247,0.0241229511052741,1.07580874688609,1.0726603480162176e-08,12.0,10999.931640625,124.32029369906984,862.758278685447,693.9984165982005,0.0
2458003.566541668,0.7645881352167746,0.0003331255213177621,0.6898495429366179,0.0006597729029246104,0.6898495429366179,0.0006597729029246104,17.191724613966215,0.0164421853590749,1.1494240687913404,8.397463200848735e-09,12.0,3064.72265625,43.598482825914566,862.758278685447,693.9984165982005,0.0
2458004.552554255,0.7641785747706942,0.00030223305313125054,0.6893986521374069,0.0006384120662795266,0.6893986521374069,0.0006384120662795266,17.180487974715852,0.0159098524396923,1.156792411797897,6.1411551184565195e-09,12.0,2301.119140625,39.98210248595971,862.758278685447,693.9984165982005,0.0
2458005.647937656,0.763729466429966,0.00042305401358657904,0.6889042225101772,0.0007138244965975546,0.6889042225101772,0.0007138244965975546,17.168166305332505,0.0177892038834557,0.972137244884296,1.3181192015393432e-08,12.0,3425.388916015625,47.91240783712544,862.758278685447,693.9984165982005,0.0
2458008.538278402,0.7640917021293936,0.0002946366574861019,0.6893030128366864,0.0006334418598165725,0.6893030128366864,0.0006334418598165725,17.178104549899395,0.0157859900385926,1.112188964736914,1.3110142805014844e-08,12.0,1231.33984375,37.35632188191467,862.758278685447,693.9984165982005,0.0
2458019.505473424,0.7643732465598906,0.0002903545699741454,0.6896129690214093,0.0006331684314612806,0.6896129690214093,0.0006331684314612806,17.18582896085931,0.0157791759368309,1.1268505366936743,1.2791633615523565e-08,12.0,1349.629638671875,37.031854090979294,862.758278685447,693.9984165982005,0.0
2458032.53029078,0.0,0.0,0.0,0.0,0.0,0.0,0.0,0.0,0.0,0.0,12.0,0.0,0.0,0.0,0.0,5.0
2458036.518928627,0.7630296480063429,0.0003378415166792504,0.6881337826609439,0.0006515753230906311,0.6881337826609439,0.0006515753230906311,17.148966191546442,0.0162378936603273,1.0801473284955077,7.295508003386968e-09,12.0,1494.7803955078125,42.98327074275143,862.758278685447,693.9984165982005,0.0
2458042.494842958,0.763370851997318,0.00029475727553428005,0.6885094188867007,0.0006281834772827513,0.6885094188867007,0.0006281834772827513,17.15832741330032,0.0156549460082501,1.0808875952372454,1.2696418772829116e-08,12.0,1920.5355224609373,36.86052677473225,862.758278685447,693.9984165982005,0.0
2458045.520124967,0.763476088517841,0.00036230935880374236,0.6886252752378178,0.0006703560695890116,0.6886252752378178,0.0006703560695890116,17.16121466676534,0.0167059282124275,1.058527975940016,1.2449873382650848e-08,12.0,1549.5609130859375,44.77642988783942,862.758278685447,693.9984165982005,0.0
2458166.8436979405,0.7649820455254426,0.0005250696256988859,0.690283204281586,0.0007992577563153015,0.690283204281586,0.0007992577563153015,17.20253187838314,0.0199182841865152,0.4023484116518714,1.1858272832804392e-08,12.0,1137.511474609375,22.37148792934721,862.758278685447,693.9984165982005,4.0
2458173.886592628,0.7643312858420851,0.00030829423765183525,0.6895667738827725,0.0006430517441697264,0.6895667738827725,0.0006430517441697264,17.184677732870426,0.0160254777458225,1.042445254927357,1.0395666680189457e-08,12.0,1374.1883544921875,36.403351837499,862.758278685447,693.9984165982005,0.0
2458174.861666435,0.7645990894428146,0.000299227137532766,0.6898616025966295,0.0006398643623973043,0.6898616025966295,0.0006398643623973043,17.19202515247636,0.0159460450778848,1.0408207028226233,7.937881610766308e-09,12.0,1351.630615234375,34.98536663271023,862.758278685447,693.9984165982005,0.0
2458175.836981044,0.7641214074888864,0.00032289229551061785,0.6893357158806716,0.0006501374099589846,0.6893357158806716,0.0006501374099589846,17.178919541707366,0.0162020594602018,1.034215295886772,7.729023012990865e-09,12.0,1254.1700439453125,38.201728198740966,862.758278685447,693.9984165982005,0.0
2458178.864484112,0.7642500762949146,0.0004196065734770661,0.6894773691612529,0.0007148006439730771,0.6894773691612529,0.0007148006439730771,17.182449679859026,0.0178135304297794,1.0317860199500848,8.163460477151666e-09,12.0,3800.84765625,50.0687211255776,862.758278685447,693.9984165982005,0.0
2458180.8934964603,0.7644496604850326,0.00046988568944591157,0.689697094175847,0.0007530352800473679,0.689697094175847,0.0007530352800473679,17.18792544190073,0.0187663749171531,1.0511776174211391,1.2788178926396716e-08,12.0,3977.8125,57.12770133017386,862.758278685447,693.9984165982005,0.0
2458186.880387079,0.7625113894060124,0.00048098636970199713,0.6875632245498338,0.0007496727394808231,0.6875632245498338,0.0007496727394808231,17.134747325964952,0.0186825771209304,0.959300787111786,7.634252629958123e-09,12.0,5054.69580078125,55.4680676195153,862.758278685447,693.9984165982005,0.0
2458195.850074288,0.7636022957710429,0.0003244617739201988,0.6887642185606094,0.0006473324678708238,0.6887642185606094,0.0006473324678708238,17.16467727012116,0.0161321575628511,1.0879359794433008,1.0345380846177042e-08,12.0,1184.284423828125,41.06227415507682,862.758278685447,693.9984165982005,0.0
2458203.829149154,0.7617294613566935,0.00032405286125891496,0.6867023890700964,0.0006341742310535359,0.6867023890700964,0.0006341742310535359,17.113294464747447,0.0158042414453667,0.9847054091978223,7.044254054483131e-09,12.0,1272.7926025390625,38.20194498968621,862.758278685447,693.9984165982005,0.0
2458208.816456907,0.7644031788668134,0.000458476244546826,0.6896459219149803,0.0007441613925121323,0.6896459219149803,0.0007441613925121323,17.186650179163074,0.018545228969717,1.0319971261156846,6.683328796348993e-09,12.0,5825.46337890625,54.7068550718482,862.758278685447,693.9984165982005,0.0
2458208.8305545254,0.7638523236895064,0.0004662328674871337,0.6890394777782903,0.0007464806992197809,0.6890394777782903,0.0007464806992197809,17.1715369987624,0.0186030283589048,1.0352096363060472,8.418644600536796e-09,12.0,5236.826171875,56.52809200085523,862.758278685447,693.9984165982005,0.0
2458209.813150804,0.7639345043524616,0.0004276785523306234,0.6891299516147024,0.0007184948019549951,0.6891299516147024,0.0007184948019549951,17.173791695161476,0.0179055924559935,1.0358270995885797,7.534277630738176e-09,12.0,5001.9130859375,51.74875667611188,862.758278685447,693.9984165982005,0.0
2458213.802947455,0.7612529334250745,0.0004919814887123544,0.6861777728333717,0.0007512088036615526,0.6861777728333717,0.0007512088036615526,17.100220515562242,0.0187208573410956,1.0551522794016357,8.232532408795727e-09,12.0,8349.94921875,64.87444946703681,862.758278685447,693.9984165982005,0.0
2458221.8995318064,0.7639052404339515,0.00028856056686217123,0.6890977345592435,0.0006286433674460588,0.6890977345592435,0.0006286433674460588,17.172988814662396,0.0156664069204464,1.055188456542354,8.264976386127002e-09,12.0,1155.1204833984375,34.78313132432576,862.758278685447,693.9984165982005,0.0
2458223.776382317,0.7641646153242309,0.00027859128805346413,0.6893832839883762,0.0006251351874231929,0.6893832839883762,0.0006251351874231929,17.18010498542686,0.015578979646678,1.0408813498233571,3.2393661752930893e-09,12.0,1160.4039306640625,32.677347442157995,862.758278685447,693.9984165982005,0.0
2458224.8511393066,0.7647590006054188,0.00040035596306069377,0.6900376510226905,0.0007047938806949506,0.6900376510226905,0.0007047938806949506,17.196412451258468,0.0175641521119764,1.063840775429039,5.567113316112285e-09,12.0,1204.8751220703125,48.59820026932214,862.758278685447,693.9984165982005,0.0
2458225.9176829457,0.7642769850855039,0.000308150446601411,0.6895069934235825,0.0006425632717572266,0.6895069934235825,0.0006425632717572266,17.18318794542008,0.0160133045360506,1.0290109275043129,4.316655135126644e-09,12.0,1273.0396728515625,35.97216279677753,862.758278685447,693.9984165982005,0.0
2458226.863118391,0.7642794383357365,0.0003208900633975549,0.6895096942409313,0.0006500952129591351,0.6895096942409313,0.0006500952129591351,17.183255252427195,0.0162010078697378,1.0413077956673642,8.448672332101175e-09,12.0,1119.59619140625,38.07815042159032,862.758278685447,693.9984165982005,0.0
2458229.8490675758,0.7639076136042308,0.0002640815785843901,0.6891003472154568,0.000615482381401214,0.6891003472154568,0.000615482381401214,17.17305392460787,0.0153384222895252,1.0517417961555766,4.157035896995316e-09,12.0,1116.8363037109375,31.46054644533901,862.758278685447,693.9984165982005,0.0
2458230.7997896965,0.7646250515748642,0.0002665965557557347,0.6898901846693883,0.0006223354509483934,0.6898901846693883,0.0006223354509483934,17.192737445655062,0.0155092074782983,1.0265412904734663,9.738018623858491e-09,12.0,1124.2440185546875,30.27406798454168,862.758278685447,693.9984165982005,0.0
2458231.8253758973,0.7642238640939555,0.0007310456982453513,0.6894485117841483,0.0009721232746655841,0.6894485117841483,0.0009721232746655841,17.181730525827042,0.0242262617986735,0.2466744697545043,3.5865351150900206e-09,12.0,1116.05224609375,18.93390557741965,862.758278685447,693.9984165982005,4.0
2458237.735405837,0.7515858424974681,0.002827751408931893,0.6755351377935113,0.003147195826448633,0.6755351377935113,0.003147195826448633,16.83499565219079,0.0784311949011465,0.2097090840342829,5.439629539345956e-09,12.0,28715.837890625,93.1080458307728,862.758278685447,693.9984165982005,4.0
2458237.921299932,0.7640603686608078,0.0004497808077081371,0.6892685173847265,0.0007354788574329774,0.6892685173847265,0.0007354788574329774,17.177244889533448,0.0183288517124436,1.037032366674021,5.815965168266571e-09,12.0,5684.2314453125,54.2926923515489,862.758278685447,693.9984165982005,0.0
2458238.7326415847,0.7437670635790875,0.0007997036501814904,0.6669273351868295,0.0009866173039379457,0.6669273351868295,0.0009866173039379457,16.620480801147323,0.0245874671692482,1.0652665087034985,7.808402233622968e-09,12.0,18183.771484375,159.14434303307456,862.758278685447,693.9984165982005,2.0
2458239.9136560564,0.7450766883694196,0.0012483348300482615,0.668369119358204,0.0014448494103492854,0.668369119358204,0.0014448494103492854,16.65641147136496,0.0360070589677242,0.572719262821405,5.109149912328171e-09,12.0,27329.7578125,130.09496915245725,862.758278685447,693.9984165982005,6.0
2458245.7899165363,0.764268802083472,0.0005406677480425634,0.6894979846426778,0.0008074761745617419,0.6894979846426778,0.0008074761745617419,17.18296343779808,0.0201230951988611,1.0010355257044392,1.253737062869474e-08,12.0,4385.47412109375,63.04401341476863,862.758278685447,693.9984165982005,0.0
2458246.7123092194,0.7645513757527986,0.0002834299806924095,0.6898090739307622,0.0006307196587786759,0.6898090739307622,0.0006307196587786759,17.190716086800848,0.015718150129055,1.016916098535639,1.1562107187480304e-08,12.0,1423.9010009765625,32.162914179326215,862.758278685447,693.9984165982005,0.0
2458246.881393527,0.7635198246105658,0.00043901483924185477,0.6886734249114297,0.0007240702625190778,0.6886734249114297,0.0007240702625190778,17.162414603675444,0.018044538380645,0.9578153454214328,1.125337430158998e-08,12.0,1926.2330322265625,49.2193633984004,862.758278685447,693.9984165982005,0.0
2458247.857419525,0.7657778182434376,0.0009156251938311859,0.6911592815498893,0.0011527359172667808,0.6911592815498893,0.0011527359172667808,17.224364579863398,0.0287273053163406,0.2758333288893817,1.0441305409004875e-08,12.0,2579.7578125,26.989486254105863,862.758278685447,693.9984165982005,4.0
2458249.722265457,0.7642597394321183,0.000365341278450724,0.689488007443583,0.0006777951249708226,0.689488007443583,0.0006777951249708226,17.18271479624861,0.0168913167407256,1.03049022344788,3.884989662675746e-09,12.0,1210.7855224609375,43.26416560901321,862.758278685447,693.9984165982005,0.0
2458250.7052307166,0.7613671540662441,0.0003298284420115928,0.6863035199280342,0.0006354059566099551,0.6863035199280342,0.0006354059566099551,17.10335425601997,0.015834937249666,0.93353710505391,5.6076432289337075e-09,12.0,1180.39794921875,37.02747432927356,862.758278685447,693.9984165982005,0.0
2458254.6950384555,0.7634961292520629,0.00037299206359817235,0.6886473383612386,0.000677556042664907,0.6886473383612386,0.000677556042664907,17.161764501357325,0.0168853585760715,1.039965088668403,6.277996304613577e-09,12.0,1099.88330078125,45.49309007067723,862.758278685447,693.9984165982005,0.0
2458256.748684103,0.7639178553921795,0.00027492846105561835,0.6891116225424506,0.000621289802875808,0.6891116225424506,0.000621289802875808,17.1733349167729,0.0154831489066995,1.0366691375958772,1.1632363261618313e-08,12.0,1147.8199462890625,32.24135921235145,862.758278685447,693.9984165982005,0.0
2458257.823661177,0.7616973132154965,0.0003655870853466787,0.6866669967337121,0.0006607749755161837,0.6866669967337121,0.0006607749755161837,17.112412453145367,0.0164671579871123,0.8582155412734623,9.477517483203064e-09,12.0,1154.390869140625,37.71201322205883,862.758278685447,693.9984165982005,0.0
2458258.791970033,0.761957366736059,0.00035071126285948084,0.6869532932763742,0.0006526142233385305,0.6869532932763742,0.0006526142233385305,17.119547242708933,0.0162637840695421,0.994308056405371,3.758501191972581e-09,12.0,1106.2396240234375,42.16422440853027,862.758278685447,693.9984165982005,0.0
2458259.872361714,0.7635649093968625,0.0002750375225166993,0.6887230593805791,0.0006186935122525337,0.6887230593805791,0.0006186935122525337,17.16365154314103,0.0154184468077126,1.011145586570885,1.0229873167848652e-08,12.0,1274.1512451171875,31.673482988431232,862.758278685447,693.9984165982005,0.0
2458264.667775121,0.7641687572463437,0.00037758490434636215,0.6893878438881165,0.0006852462218397241,0.6893878438881165,0.0006852462218397241,17.180218622583546,0.0170770053546469,1.0329866662620617,8.248027687342756e-09,12.0,3268.604736328125,44.97645416632443,862.758278685447,693.9984165982005,0.0
2458271.6830260884,0.7641538228917785,0.00042795591567305836,0.6893714024491783,0.0007201379463942651,0.6893714024491783,0.0007201379463942651,17.179808885861426,0.0179465412208222,1.075437986740286,1.2799791827785096e-08,12.0,8147.48388671875,53.40315923879592,862.758278685447,693.9984165982005,0.0
2458272.67193315,0.7620988469477682,0.0004781870752029229,0.6871090508118992,0.0007451039538985792,0.6871090508118992,0.0007451039538985792,17.12342887267407,0.0185687185203784,1.076217897503959,8.294955656350117e-09,12.0,8054.87939453125,63.09334852902782,862.758278685447,693.9984165982005,0.0
2458273.839860876,0.7633519070550371,0.0003892634023053022,0.6884885621358893,0.0006875976554622855,0.6884885621358893,0.0006875976554622855,17.157807642692426,0.0171356053779433,1.034287255446095,1.1971247710802896e-08,12.0,3196.585205078125,47.42688611561388,862.758278685447,693.9984165982005,0.0
2458274.806927489,0.7646494894007938,0.0003558277988324556,0.6899170886123104,0.0006744287872633519,0.6899170886123104,0.0006744287872633519,17.193407918198652,0.0168074243160411,1.0629091174745795,7.82793017328669e-09,12.0,1757.133544921875,42.98575603426119,862.758278685447,693.9984165982005,0.0
2458277.8055521585,0.7639415817654736,0.0003400235384294464,0.6891377432372573,0.0006593493934179361,0.6891377432372573,0.0006593493934179361,17.173985870008195,0.0164316310883869,1.0499469511125996,8.22887685416499e-09,12.0,1237.3514404296875,41.18373113434623,862.758278685447,693.9984165982005,0.0
2458278.7534798253,0.7642059488995884,0.000511428822268956,0.6894287886971572,0.0007836664174427008,0.6894287886971572,0.0007836664174427008,17.181239007229166,0.0195297327885977,0.3923724383326506,4.880736006291315e-09,12.0,1101.0721435546875,21.618716744415423,862.758278685447,693.9984165982005,4.0
2458282.784826769,0.7643201325483598,0.00033203559105796326,0.6895544950663736,0.0006571406787248515,0.6895544950663736,0.0006571406787248515,17.184371732768987,0.0163765877602538,1.0280499524481783,6.776661600876023e-09,12.0,1108.226806640625,38.9211850893621,862.758278685447,693.9984165982005,0.0
2458285.612549944,0.7641580887415809,0.00033970269975681965,0.6893760987826383,0.0006607022763817439,0.6893760987826383,0.0006607022763817439,17.179925923079708,0.0164653462536528,0.9746278667581368,1.1045569660418553e-08,12.0,1118.2982177734375,37.81236672370705,862.758278685447,693.9984165982005,0.0
2458286.7579702637,0.7644022328996027,0.00034048880244825065,0.6896448804865035,0.0006629580379410957,0.6896448804865035,0.0006629580379410957,17.186624225747927,0.0165215620356595,1.026734799666234,8.446648079080883e-09,12.0,1039.875244140625,39.81207273538496,862.758278685447,693.9984165982005,0.0
2458287.723050886,0.7643104571746382,0.00027929483684045595,0.6895438433126907,0.0006266285669591589,0.6895438433126907,0.0006266285669591589,17.184106280660117,0.0156161961237915,1.0210836893137532,4.678513108475751e-09,12.0,1058.9967041015625,31.967551566243536,862.758278685447,693.9984165982005,0.0
2458288.6392648863,0.7630539201065688,0.00033913685008658844,0.6881605041541304,0.0006525578933623148,0.6881605041541304,0.0006525578933623148,17.149632117264368,0.0162623802714987,1.0319855162877851,5.487690450975854e-09,12.0,1077.633544921875,41.27920010663875,862.758278685447,693.9984165982005,0.0
2458288.6855662926,0.7645465509229759,0.0003151676068748573,0.689803762208413,0.0006486804800248696,0.689803762208413,0.0006486804800248696,17.190583713490184,0.0161657513427788,1.030414396948422,6.7512649832805e-09,12.0,1022.3815307617188,36.6536332555732,862.758278685447,693.9984165982005,0.0
2458289.7793129086,0.7646668587796319,0.0003820501547952065,0.6899362108033839,0.0006917185988700403,0.6899362108033839,0.0006917185988700403,17.193884461883165,0.0172383033139516,1.0100604999472351,4.9551736128438305e-09,12.0,1094.9990234375,43.94841487884696,862.758278685447,693.9984165982005,0.0
2458291.620494654,0.7647180950274394,0.00042374654485018213,0.6899926175021838,0.000720900207150748,0.6899926175021838,0.000720900207150748,17.19529017192832,0.0179655375036257,0.923274035465986,8.35253725838074e-09,12.0,2194.953857421875,44.50790027221038,862.758278685447,693.9984165982005,0.0
2458292.789082392,0.7626137082627287,0.0004249328864948503,0.6876758688042309,0.0007080693288471347,0.6876758688042309,0.0007080693288471347,17.137554530841392,0.0176457794801413,1.01360325412631,9.531943499072271e-09,12.0,2885.456298828125,51.84644318715687,862.758278685447,693.9984165982005,0.0
2458293.584997672,0.7455569788363283,0.0024882853828079848,0.6688978778224324,0.0027755207269412004,0.6688978778224324,0.0027755207269412004,16.669588648906632,0.0691686882835443,0.3034424418452087,6.441054725522947e-09,12.0,20130.470703125,136.68700640543165,862.758278685447,693.9984165982005,6.0
2458299.753437452,0.7643574028156147,0.001474497114076894,0.6895955264226734,0.0017127916099256488,0.6895955264226734,0.0017127916099256488,17.185394274256858,0.0426844403688458,0.7637947204100018,4.1085245028337185e-09,12.0,26479.564453125,132.18745113948702,862.758278685447,693.9984165982005,2.0
2458301.6663164035,0.7599738812293273,0.0005248862713929484,0.6847696464571729,0.000771220273836387,0.6847696464571729,0.000771220273836387,17.065128630485077,0.0192195627296675,0.9642699690598676,1.3181474235874317e-08,12.0,4078.836181640625,65.1286602619967,862.758278685447,693.9984165982005,0.0
2458302.6419010097,-401.2679754808633,-401.2679754808633,-401.2679754808633,-401.2679754808633,-401.2679754808633,-401.2679754808633,-9999.99,-9999.99,-9999.99,-9999.99,12.0,-9999.99,-9999.99,-9999.99,-9999.99,5.0
2458303.569971492,0.7641241927983852,0.00027648758916498493,0.6893387822666914,0.0006236939761368993,0.6893387822666914,0.0006236939761368993,17.178995959042936,0.0155430632533163,0.9859591636670312,1.1513749364632416e-08,12.0,1128.0391845703125,30.519528263364123,862.758278685447,693.9984165982005,0.0
2458303.755144374,0.0,0.0,0.0,0.0,0.0,0.0,0.0,0.0,0.0,0.0,12.0,0.0,0.0,0.0,0.0,5.0
2458308.548092579,0.7641066435934648,0.00028168673047340015,0.6893194621025792,0.0006263742933622544,0.6893194621025792,0.0006263742933622544,17.17851448167687,0.0156098593773236,0.9785217006197564,9.81142795409265e-09,12.0,1038.8134765625,30.94572362029981,862.758278685447,693.9984165982005,0.0
2458310.5425069937,0.7633671558372074,7.778226203355506e-05,0.6885053497325567,0.0005446206067681131,0.6885053497325567,0.0005446206067681131,17.158226006003368,0.0135724776315592,0.9999958937805294,6.764811352441898e-09,12.0,1015.8404541015624,0.0978825748539317,862.758278685447,693.9984165982005,0.0
2458310.577595463,0.7646061628419691,0.00033609870086646394,0.6898693898002733,0.0006617303880951503,0.6898693898002733,0.0006617303880951503,17.1922192171995,0.0164909678020473,1.00615569141768,7.781355897225654e-09,12.0,1005.0249633789062,38.21855803744451,862.758278685447,693.9984165982005,0.0
2458311.706271672,0.7638166888337453,0.00026990839524952215,0.6890002468692816,0.0006178483180169469,0.6890002468692816,0.0006178483180169469,17.170559326180104,0.0153973837415813,0.989121561474546,1.272328332394802e-08,12.0,1067.9873046875,30.11237492900678,862.758278685447,693.9984165982005,0.0
2458312.7159165405,0.7644972364615983,0.00029976667594120365,0.6897494712310589,0.0006393983400433402,0.6897494712310589,0.0006393983400433402,17.189230729290585,0.015934431345506,0.9968995916180567,4.028752669150024e-09,12.0,1054.2791748046875,33.50724676190295,862.758278685447,693.9984165982005,0.0
2458328.4859486413,0.7599237488400994,0.0005013794925442891,0.6847144550116573,0.0007517724791840754,0.6847144550116573,0.0007517724791840754,17.063753205739104,0.018734904685845,1.2243834624111722,1.260085349406916e-08,12.0,6124.38623046875,79.67093996036209,862.758278685447,693.9984165982005,0.0
2458329.500305217,0.7644646776904678,0.000277555171925349,0.6897136268264618,0.0006268760731432813,0.6897136268264618,0.0006268760731432813,17.18833745170695,0.0156223642197209,1.2651139707433685,1.1946204196730792e-08,12.0,1458.1053466796875,39.88330082488947,862.758278685447,693.9984165982005,0.0
2458330.485980996,0.7637811442895551,0.0004075246257963425,0.6889611153855385,0.0007031321208059319,0.6889611153855385,0.0007031321208059319,17.16958413137258,0.0175227394319521,0.5967782621144323,1.2412621730596809e-08,12.0,1281.1197509765625,27.32839560654592,862.758278685447,693.9984165982005,4.0
2458330.5212276992,0.7641494549537776,0.00029286705850113117,0.6893665937253991,0.0006328801575470822,0.6893665937253991,0.0006328801575470822,17.179689047766573,0.0157719918692367,1.052377007299119,1.2184373806108975e-08,12.0,1206.3436279296875,34.97550222634142,862.758278685447,693.9984165982005,0.0
2458331.653452961,0.7644931571501384,0.000354212544592942,0.6897449802602585,0.0006722694535461094,0.6897449802602585,0.0006722694535461094,17.189118809910426,0.0167536116100727,1.273991793993881,6.692513084413125e-09,12.0,1758.6444091796875,52.003431679752325,862.758278685447,693.9984165982005,0.0
2458335.5192754515,0.7625004426286557,0.0002912329469756402,0.6875511730901818,0.0006199320717286301,0.6875511730901818,0.0006199320717286301,17.13444699181578,0.0154493129199672,1.1743300927330826,5.5754232938766834e-09,12.0,1323.3013916015625,40.49225683258156,862.758278685447,693.9984165982005,0.0
2458339.5059471554,0.7644871237940349,0.0003139263837574912,0.6897383380544946,0.0006475063317805457,0.6897383380544946,0.0006475063317805457,17.188953279653155,0.0161364904213517,1.245835077086157,4.559449221385477e-09,12.0,1142.4674072265625,44.753689050609744,862.758278685447,693.9984165982005,0.0
2458340.593281378,0.7648587691417537,0.00030770405117075747,0.6901474875938608,0.0006466856368540169,0.6901474875938608,0.0006466856368540169,17.199149685925697,0.0161160379019387,1.2475402523226162,3.411401292441338e-09,12.0,1035.2398681640625,43.40918971808239,862.758278685447,693.9984165982005,0.0
2458347.542550837,0.7642280834138372,0.0003158849586723723,0.6894531568921705,0.0006467378364148053,0.6894531568921705,0.0006467378364148053,17.181846286457365,0.0161173387659941,1.2681327158300804,2.754076712262e-09,12.0,1442.6942138671875,46.14713661321596,862.758278685447,693.9984165982005,0.0
2458348.583620548,0.7397054701289093,0.007680147797444264,0.662455870390001,0.008467093670471082,0.662455870390001,0.008467093670471082,16.509047529653245,0.2110082468761879,0.0264824631499727,1.3085252409852231e-08,12.0,6299.51806640625,41.000167667926206,862.758278685447,693.9984165982005,6.0
2458349.5829426656,-401.2679754808633,-401.2679754808633,-401.2679754808633,-401.2679754808633,-401.2679754808633,-401.2679754808633,-9999.99,-9999.99,-9999.99,-9999.99,12.0,-9999.99,-9999.99,-9999.99,-9999.99,5.0
2458352.598042359,0.7666887472375141,0.0011887868042594811,0.6921621359663612,0.0014265553861581607,0.6921621359663612,0.0014265553861581607,17.24935669174115,0.0355511540110633,0.9662039671545694,9.520697618202646e-09,12.0,21181.650390625,127.7288780633085,862.758278685447,693.9984165982005,0.0
2458354.553317053,0.762963192691527,0.0005128958353153056,0.688060621079312,0.0007774654062305565,0.688060621079312,0.0007774654062305565,17.147142933451086,0.0193751975306145,1.1616299542219577,1.2001832732999441e-08,12.0,5227.56787109375,71.53168676378422,862.758278685447,693.9984165982005,0.0
2458355.6099793776,0.7623713356215626,0.00047526612586114715,0.6874090373879449,0.0007444172462181692,0.6874090373879449,0.0007444172462181692,17.130904831245132,0.0185516050940483,1.2300736040155036,7.749747266438366e-09,12.0,7475.814453125,71.25503916533617,862.758278685447,693.9984165982005,0.0
2458357.593825523,0.76170640581772,0.00038301498134844537,0.6866770069061359,0.0006726904317044817,0.6866770069061359,0.0006726904317044817,17.11266191642241,0.0167641027970878,1.172283536217486,4.413390165309288e-09,12.0,4175.13623046875,55.16318070744761,862.758278685447,693.9984165982005,0.0
2458366.5667426363,0.76445338718239,0.0003237456875261813,0.6897011969488712,0.0006530906954274783,0.6897011969488712,0.0006530906954274783,17.188027687013026,0.0162756582195264,1.2664577016945506,8.324261416470023e-09,12.0,1143.3956298828125,47.061664619645775,862.758278685447,693.9984165982005,0.0
2458670.556887105,0.764757261770066,0.0002328549893617957,0.6900357367146335,0.0006067678810321014,0.6900357367146335,0.0006067678810321014,17.19636474483135,0.015121248425995,2.089214472281507,1.3179555603480217e-08,12.0,1298.8079833984375,55.48802585833615,862.758278685447,693.9984165982005,0.0
2458671.6314803325,0.7642893922399371,0.00021256331648208417,0.689520652632698,0.0005938689126293189,0.689520652632698,0.0005938689126293189,17.1835283462567,0.0147997935307132,1.975834103146168,1.259440452324992e-08,12.0,1257.59228515625,47.910897609761896,862.758278685447,693.9984165982005,0.0
2458672.741011175,0.7647241955648493,0.0008335064005682054,0.689999333668783,0.001069649886267158,0.689999333668783,0.001069649886267158,17.195457545361876,0.0266567202462506,0.2466853939039869,1.3173992789691376e-08,12.0,1356.4241943359375,21.9086784944482,862.758278685447,693.9984165982005,4.0
2458682.5481151324,-401.2679754808633,-401.2679754808633,-401.2679754808633,-401.2679754808633,-401.2679754808633,-401.2679754808633,-9999.99,-9999.99,-9999.99,-9999.99,12.0,-9999.99,-9999.99,-9999.99,-9999.99,5.0
2458684.5941680865,0.0,0.0,0.0,0.0,0.0,0.0,0.0,0.0,0.0,0.0,12.0,0.0,0.0,0.0,0.0,5.0
2458685.6247581327,0.7599589076900941,0.001314133399604627,0.6847531618792884,0.0015342197430948975,0.6847531618792884,0.0015342197430948975,17.064717818698263,0.0382342549772782,0.2510553403255111,6.826594169460308e-09,12.0,5418.60400390625,41.86172575049255,862.758278685447,693.9984165982005,4.0
2458690.625397963,0.7642465251812479,0.00021640708894197163,0.6894734596907592,0.0005952045834808019,0.6894734596907592,0.0005952045834808019,17.182352252034647,0.0148330797533232,2.082153735976948,8.086795238584497e-09,12.0,1278.0826416015625,51.77394319662312,862.758278685447,693.9984165982005,0.0
2458691.5689825835,0.7639817629930077,0.00025556960589883667,0.6891819793102708,0.0006116829934427386,0.6891819793102708,0.0006116829934427386,17.175088276167678,0.0152437378294824,2.099595489273446,1.2368499716217029e-08,12.0,1221.4322509765625,62.61623707821333,862.758278685447,693.9984165982005,0.0
2458692.493694766,0.7631836791560387,0.00030178090671666386,0.6883033576989012,0.0006308619687199824,0.6883033576989012,0.0006308619687199824,17.153192167172307,0.0157216966318335,0.9971220956065624,1.2354723605560242e-08,12.0,1589.7186279296875,34.6654496914831,862.758278685447,693.9984165982005,0.0
2458692.5828966536,0.7636443456270722,0.00022357657055940724,0.6888105118327584,0.0005936483790007019,0.6888105118327584,0.0005936483790007019,17.165830943693045,0.01479429761722,1.9663843772697611,8.583442234622111e-09,12.0,1302.083251953125,51.307318753516505,862.758278685447,693.9984165982005,0.0
2458696.5071584624,0.7635986312090388,0.0003271901136768509,0.6887601841932611,0.0006489686047431515,0.6887601841932611,0.0006489686047431515,17.164576729745143,0.016172931692265,0.901987525291118,1.050173617134294e-08,12.0,1658.7257080078125,33.75865324525209,862.758278685447,693.9984165982005,0.0
2458698.604078526,0.76447085355809,0.0002445732844693543,0.6897204259251406,0.0006100504046558887,0.6897204259251406,0.0006100504046558887,17.188506891888956,0.0152030521218252,2.128619141362625,1.2653242308963472e-08,12.0,1181.7420654296875,60.10343211674624,862.758278685447,693.9984165982005,0.0
2458699.6509509347,0.7643572311216069,0.00024772579299060587,0.6895953374023486,0.0006106942888276013,0.6895953374023486,0.0006106942888276013,17.18538956368569,0.0152190983444787,2.079133815619304,1.2537331448185173e-08,12.0,1297.2664794921875,59.39775576830525,862.758278685447,693.9984165982005,0.0
2458704.5180535223,0.0,0.0,0.0,0.0,0.0,0.0,0.0,0.0,0.0,0.0,12.0,0.0,0.0,0.0,0.0,5.0
2458711.626398,-401.2679754808633,-401.2679754808633,-401.2679754808633,-401.2679754808633,-401.2679754808633,-401.2679754808633,-9999.99,-9999.99,-9999.99,-9999.99,12.0,-9999.99,-9999.99,-9999.99,-9999.99,5.0
2458715.5871163933,0.7637141413738973,0.00023900690808942364,0.6888873509425127,0.0006014304026428329,0.6888873509425127,0.0006014304026428329,17.16774584938227,0.0149882332496557,2.075157674394431,8.063516250811655e-09,12.0,1327.7772216796875,58.07686892587191,862.758278685447,693.9984165982005,0.0
2458718.523516809,0.7634528595718927,0.0002297123500718187,0.688599702167704,0.0005949960368704199,0.688599702167704,0.0005949960368704199,17.160577360872438,0.0148278825680361,2.047537846393705,1.3169634132313166e-08,12.0,1318.5643310546875,55.063041789566064,862.758278685447,693.9984165982005,0.0
2458724.5726842773,0.7642998441135735,0.00022522002377397873,0.689532159245952,0.0005995799077671619,0.689532159245952,0.0005995799077671619,17.183815102301303,0.0149421171093642,2.108885318190423,1.2730004185330784e-08,12.0,1246.777587890625,54.78501116378515,862.758278685447,693.9984165982005,0.0
2458730.5758726816,0.7636038108555048,0.00022985924892031208,0.6887658865381947,0.0005962342436210075,0.6887658865381947,0.0005962342436210075,17.164718837752247,0.0148587398900264,2.084389475197608,1.3098678741674005e-08,12.0,2092.073974609375,56.20210438238293,862.758278685447,693.9984165982005,0.0
2458740.4915788104,0.0,0.0,0.0,0.0,0.0,0.0,0.0,0.0,0.0,0.0,12.0,0.0,0.0,0.0,0.0,5.0
2458740.49536059,0.7632099388118789,0.0002916186742060601,0.6883322673197446,0.0006252330934483269,0.6883322673197446,0.0006252330934483269,17.153912623169305,0.0155814195604815,1.9854605526906592,1.2987995944024732e-08,12.0,3919.060791015625,68.90833332332083,862.758278685447,693.9984165982005,0.0
2458647.616406504,0.0,0.0,0.0,0.0,0.0,0.0,0.0,0.0,0.0,0.0,12.0,0.0,0.0,0.0,0.0,5.0
2458552.867885764,0.8314459805585963,0.0012150473145625185,0.7761437148788837,0.0012638516707721282,0.7761437148788837,0.0012638516707721282,19.34225969079816,0.0314964184571647,2.120531948700392,1.5748292419709395e-08,12.0,668.7433227539062,43.16607759149348,857.7423716776499,693.8674754552621,0.0
2458647.614069744,0.0,0.0,0.0,0.0,0.0,0.0,0.0,0.0,0.0,0.0,12.0,0.0,0.0,0.0,0.0,5.0
2458555.8599296613,0.8350661205820733,0.001618166795495231,0.779909263728105,0.0016831631028384976,0.779909263728105,0.0016831631028384976,19.43610084717652,0.0419460690242814,2.3163180126385803,1.3783358083056826e-08,12.0,651.5930908203125,66.90644458108557,857.7423716776499,693.8674754552621,0.0
2458657.588504917,0.8335442185595195,0.00123144555090114,0.7783262320297479,0.0012809085690063749,0.7783262320297479,0.0012809085690063749,19.39665015058334,0.0319214930262705,2.2492462865183898,1.6426092403965005e-08,12.0,606.4709838867187,42.81053272545832,857.7423716776499,693.8674754552621,0.0
2458559.849460519,0.8353643700330807,0.0015353962655345,0.780219492854531,0.0015970679596059648,0.780219492854531,0.0015970679596059648,19.443832060110346,0.0398004939373531,2.3412233728161995,1.470128809447587e-08,12.0,640.786328125,61.76198282355563,857.7423716776499,693.8674754552621,0.0
2458661.63745112,0.0,0.0,0.0,0.0,0.0,0.0,0.0,0.0,0.0,0.0,12.0,0.0,0.0,0.0,0.0,5.0
2458575.8759615063,0.8335120508210987,0.0013303972128802797,0.7782927722216724,0.001383834785803984,0.7782927722216724,0.001383834785803984,19.39581629947484,0.0344865149109113,2.3268952813100463,1.211198349135674e-08,12.0,622.5053588867188,51.79378970571466,857.7423716776499,693.8674754552621,0.0
2458661.6492815814,0.8322651340480951,0.0016735938923550025,0.7769957710037059,0.0017408165194031785,0.7769957710037059,0.0017408165194031785,19.36349376191348,0.0433828484942148,1.1063796433527509,9.400968946543184e-09,12.0,778.2282348632812,35.56282093280384,857.7423716776499,693.8674754552621,0.0
2458580.8718094463,0.0,0.0,0.0,0.0,0.0,0.0,0.0,0.0,0.0,0.0,12.0,0.0,0.0,0.0,0.0,5.0
2458661.6611185623,0.0,0.0,0.0,0.0,0.0,0.0,0.0,0.0,0.0,0.0,12.0,0.0,0.0,0.0,0.0,5.0
2458582.7888955697,0.8365297010335863,0.0039771992093749695,0.7814316312744423,0.0041369498994135835,0.7814316312744423,0.0041369498994135835,19.47403973383064,0.1030968334192664,0.183150435162105,1.2088970919651362e-08,12.0,49.73350067138672,11.250796032037975,857.7423716776499,693.8674754552621,4.0
2457844.7254559137,0.8325600569126516,0.0014760230328919343,0.7773025399259129,0.0015353099042816171,0.7773025399259129,0.0015353099042816171,19.371138743177447,0.0382614228591719,1.1208898594603829,1.5049437882863984e-08,12.0,587.1953491210937,29.318466837086724,857.7423716776499,693.8674754552621,0.0
2458582.789531801,0.8341774966287449,0.0014382163658748113,0.7789849467450197,0.001495984670849766,0.7789849467450197,0.001495984670849766,19.413065964872228,0.037281399620101,2.262549158762309,1.646034815131399e-08,12.0,636.2793579101562,56.10024741667938,857.7423716776499,693.8674754552621,0.0
2457844.738526806,0.8357265366405788,0.00143067046963832,0.7805962064742376,0.0014881356813893063,0.7805962064742376,0.0014881356813893063,19.453220131574103,0.0370857951340449,1.199583406790396,1.6289542116324618e-08,12.0,587.2206298828125,26.297518414800813,857.7423716776499,693.8674754552621,0.0
2458583.7862710366,0.8336874627651338,0.0013541806855640556,0.7784752298724034,0.0014085735604408994,0.7784752298724034,0.0014085735604408994,19.400363322397737,0.0351030293453985,2.357160997358996,1.5999070212129316e-08,12.0,619.4,53.89690878059554,857.7423716776499,693.8674754552621,0.0
2457844.76789507,0.8348012003831085,0.0013503236834613254,0.7796337025774649,0.0014045616355608723,0.7796337025774649,0.0014045616355608723,19.42923359407094,0.0350030482576156,1.230179860525537,1.4086759152307254e-08,12.0,599.4847412109375,25.17689987614028,857.7423716776499,693.8674754552621,0.0
2458585.780962623,0.8323023571010515,0.0012163971085179825,0.7770344891812669,0.0012652556814023094,0.7770344891812669,0.0012652556814023094,19.36445865672714,0.0315314077738299,2.339926737729628,1.3856301059539033e-08,12.0,614.8681640625,46.14534815874149,857.7423716776499,693.8674754552621,0.0
2457845.7229971485,0.8340497899907883,0.0013138699411329594,0.7788521105617571,0.001366643669243493,0.7788521105617571,0.001366643669243493,19.409755557400327,0.0340580954899801,1.1645046281881155,1.6464449617872394e-08,12.0,573.3870483398437,23.1809182864134,857.7423716776499,693.8674754552621,0.0
2458587.775719412,0.8323632145862342,0.0012759210196659294,0.7770977911065542,0.001327170467479842,0.7770977911065542,0.001327170467479842,19.36603620255321,0.0330743847355112,2.333302077030852,1.2748550157347038e-08,12.0,635.7352172851563,50.50115747981344,857.7423716776499,693.8674754552621,0.0
2457846.852803362,0.8324040990178245,0.001352445938559609,0.7771403177279913,0.0014067691344949616,0.7771403177279913,0.0014067691344949616,19.367096007509225,0.0350580612878467,1.321811161714409,1.3515707695905965e-08,12.0,615.0408081054687,30.48991012291448,857.7423716776499,693.8674754552621,0.0
2458589.812496925,0.8340943281124347,0.001402294600706471,0.7788984376296666,0.0014586200494222986,0.7788984376296666,0.0014586200494222986,19.4109100731956,0.0363502367477569,2.379539635571224,1.627882137861733e-08,12.0,1579.4693115234377,56.80209192289487,857.7423716776499,693.8674754552621,0.0
2457847.7323333286,0.8293232053343997,0.0033761299066390493,0.7739356749271717,0.003511737668245321,0.7739356749271717,0.003511737668245321,19.28723317787931,0.0875159337671872,0.9102251359819948,1.2038425441214385e-08,12.0,608.4299682617187,73.40104171199656,857.7423716776499,693.8674754552621,2.0
2458590.767999832,0.8325926988473502,0.0016593347251400454,0.7773364929771327,0.0017259846094911525,0.7773364929771327,0.0017259846094911525,19.371984886387008,0.04301322280798,2.3533063593923287,1.4776349705078406e-08,12.0,4784.43388671875,76.31597697736927,857.7423716776499,693.8674754552621,0.0
2457848.9091042355,0.8331719390940165,0.0014006367255833898,0.7779389993526078,0.0014568955830421624,0.7779389993526078,0.0014568955830421624,19.386999933930905,0.0363072613607078,1.3488905291522664,1.1646904000329492e-08,12.0,670.7427001953124,32.1549212753029,857.7423716776499,693.8674754552621,0.0
2458604.730806024,0.8332395538641165,0.0012329324449224324,0.7780093299801776,0.0012824551865500274,0.7780093299801776,0.0012824551865500274,19.3887526418851,0.0319600362465507,2.285892523639937,1.088429543249716e-08,12.0,583.1958618164062,44.285764970163214,857.7423716776499,693.8674754552621,0.0
2457849.781741467,0.8334126744073437,0.0014018145349162492,0.778189404192251,0.001458120701006989,0.778189404192251,0.001458120701006989,19.393240267187963,0.0363377924973688,1.316424425699982,1.6449576122139417e-08,12.0,595.3454711914062,31.0433227181653,857.7423716776499,693.8674754552621,0.0
2458605.7281495314,0.83291408529829,0.0012131854989212672,0.7776707884388121,0.0012619150722704407,0.7776707884388121,0.0012619150722704407,19.3803158559089,0.031448156530387,2.217936152714348,1.506172922908171e-08,12.0,597.6113891601562,42.09337963728744,857.7423716776499,693.8674754552621,0.0
2457851.8264822424,0.8349008150154659,0.001533760227954595,0.7797373183939262,0.0015953662079095268,0.7797373183939262,0.0015953662079095268,19.431815801452966,0.0397580846224147,1.3485456424345068,1.555620573991612e-08,12.0,1900.1431884765625,35.06585458960358,857.7423716776499,693.8674754552621,0.0
2458606.725546228,0.833396306324621,0.0013278690163611264,0.7781723786588023,0.0013812050401500672,0.7781723786588023,0.0013812050401500672,19.39281597425995,0.0344209790798742,2.3300215294729134,1.0115005252880694e-08,12.0,565.9578125,52.002578968272736,857.7423716776499,693.8674754552621,0.0
2457864.876610231,0.8332038336381187,0.0018793531946533948,0.7779721749930698,0.0019548404795156826,0.7779721749930698,0.0019548404795156826,19.38782670330482,0.0487165346881371,1.312085324733257,1.5959081532959708e-08,12.0,807.959326171875,48.3785582105686,857.7423716776499,693.8674754552621,0.0
2458608.8183278125,0.8334410179358435,0.0013280791489054125,0.77821888618478,0.0013814236130105636,0.77821888618478,0.0013814236130105636,19.393974987246587,0.0344264261291101,2.0645654634543096,1.4504000267736082e-08,12.0,640.6701538085938,45.62657210426951,857.7423716776499,693.8674754552621,0.0
2457867.7865980207,0.8330342282678882,0.001694325806499336,0.7777957571466462,0.0017623811646771419,0.7777957571466462,0.0017623811646771419,19.383430198206348,0.0439202605237563,1.2915555093532227,1.572909365942457e-08,12.0,573.4984375,41.54112582865773,857.7423716776499,693.8674754552621,0.0
2458611.7122057187,0.8336535658611233,0.0013388628115147078,0.7784399714439829,0.0013926404190085318,0.7784399714439829,0.0013926404190085318,19.399484647912946,0.0347059598937401,2.253304227313837,9.208155843677478e-09,12.0,567.7692260742188,50.48398329644908,857.7423716776499,693.8674754552621,0.0
2457954.5661281967,0.8348516003364279,0.0015478610559770934,0.7796861269270737,0.0016100334186772982,0.7796861269270737,0.0016100334186772982,19.430540060083374,0.0401236058450586,0.8427335935222495,1.5393400396766385e-08,12.0,567.1457275390625,20.98287128020744,857.7423716776499,693.8674754552621,0.0
2458613.7603766457,0.8332062374979525,0.0013157343753132003,0.7779746754078525,0.0013685829914620602,0.7779746754078525,0.0013685829914620602,19.387889016084195,0.0341064252944436,2.3630078951390145,1.629425215986441e-08,12.0,593.8975463867187,52.29250592049618,857.7423716776499,693.8674754552621,0.0
2457954.7640607674,0.8331535040386472,0.0038724954807936546,0.7779198238231861,0.004028040574881461,0.7779198238231861,0.004028040574881461,19.386522061002637,0.1003827066442033,0.2347547149432937,1.4595960878435886e-08,12.0,513.7794799804688,17.46947501104725,857.7423716776499,693.8674754552621,4.0
2458617.848902221,0.8335467808580777,0.0012848632686504947,0.7783288972472048,0.0013364718964728947,0.7783288972472048,0.0013364718964728947,19.39671657040636,0.0333061854337971,2.340885344448161,1.317704687216553e-08,12.0,607.5811767578125,48.772046790228586,857.7423716776499,693.8674754552621,0.0
2457955.614728736,0.8303452591472599,0.0013035628688955747,0.7749987811976196,0.0013559225966466757,0.7749987811976196,0.0013559225966466757,19.31372682482603,0.0337909158860534,0.9621256233119388,1.5789165888438022e-08,12.0,545.5427368164062,21.621109572755422,857.7423716776499,693.8674754552621,0.0
2458618.693635182,0.0,0.0,0.0,0.0,0.0,0.0,0.0,0.0,0.0,0.0,12.0,0.0,0.0,0.0,0.0,5.0
2457956.559080869,0.8341588573287152,0.0013425821811181857,0.7789655587671177,0.0013965091831556011,0.7789655587671177,0.0013965091831556011,19.412582797520265,0.0348023732761853,1.2326428093545911,1.2552583597594729e-08,12.0,538.5498779296875,25.760879242766094,857.7423716776499,693.8674754552621,0.0
2458618.881865384,0.8332343274333514,0.0012503671166835845,0.7780038936212997,0.001300590150325188,0.7780038936212997,0.001300590150325188,19.388617162510386,0.0324119772622389,2.2749127760872314,1.3054501750617642e-08,12.0,674.6173461914063,45.31946346627483,857.7423716776499,693.8674754552621,0.0
2457958.5659726616,0.0,0.0,0.0,0.0,0.0,0.0,0.0,0.0,0.0,0.0,12.0,0.0,0.0,0.0,0.0,5.0
2458629.6642391016,0.0,0.0,0.0,0.0,0.0,0.0,0.0,0.0,0.0,0.0,12.0,0.0,0.0,0.0,0.0,5.0
2457960.648296416,0.8331802492249035,0.001510723946619292,0.7779476432734493,0.0015714046367796956,0.7779476432734493,0.0015714046367796956,19.38721534888365,0.0391609388586755,1.2391264087702345,1.3941003395945448e-08,12.0,525.4794311523438,33.23990681917292,857.7423716776499,693.8674754552621,0.0
2458631.748380803,0.0,0.0,0.0,0.0,0.0,0.0,0.0,0.0,0.0,0.0,12.0,0.0,0.0,0.0,0.0,5.0
2457965.581897168,0.0,0.0,0.0,0.0,0.0,0.0,0.0,0.0,0.0,0.0,12.0,0.0,0.0,0.0,0.0,5.0
2458635.808488004,0.8330034117384995,0.0028486726734071443,0.7777637028211154,0.002963094255358137,0.7777637028211154,0.002963094255358137,19.38263137309608,0.0738432038767368,0.1894194724171688,1.5452442511823345e-08,12.0,49.24879379272461,6.806569217006183,857.7423716776499,693.8674754552621,0.0
2457968.53403497,0.0,0.0,0.0,0.0,0.0,0.0,0.0,0.0,0.0,0.0,12.0,0.0,0.0,0.0,0.0,5.0
2458635.810710518,0.8315515988309146,0.001167235233915245,0.7762535754812925,0.001214119139960433,0.7762535754812925,0.001214119139960433,19.344997524347345,0.030257035199142,2.3222312028800456,1.1564459299377012e-08,12.0,601.0782836914062,43.598575177464014,857.7423716776499,693.8674754552621,0.0
2457968.6957984925,0.8398679057665914,0.0032655932982063197,0.7849039204426274,0.0033967611767335595,0.7849039204426274,0.0033967611767335595,19.560572572433937,0.0846506072631848,1.1879498567066584,1.591279503705086e-08,12.0,9253.4166015625,70.79684893517694,857.7423716776499,693.8674754552621,0.0
2458637.7116864463,0.8334648096971314,0.0012476383063899988,0.7782436335809465,0.0012977517329175409,0.7782436335809465,0.0012977517329175409,19.39459171653801,0.0323412411272202,2.36820099329563,1.5347919285665627e-08,12.0,584.7283325195312,46.78701732372001,857.7423716776499,693.8674754552621,0.0
2457969.745802142,0.0,0.0,0.0,0.0,0.0,0.0,0.0,0.0,0.0,0.0,12.0,0.0,0.0,0.0,0.0,5.0
2458638.6400454603,0.8319626796637124,0.0012982629824264968,0.7766811680459008,0.0013504098315974752,0.7766811680459008,0.0013504098315974752,19.35565354882832,0.0336535323948882,1.8996675937857277,1.5592429670549063e-08,12.0,615.3416870117187,42.612359274895056,857.7423716776499,693.8674754552621,0.0
2457970.5503331604,0.0,0.0,0.0,0.0,0.0,0.0,0.0,0.0,0.0,0.0,12.0,0.0,0.0,0.0,0.0,5.0
2458639.799520174,0.8351426545071842,0.0021531818833646767,0.7799888717630866,0.002239667943915865,0.7799888717630866,0.002239667943915865,19.438084757187728,0.0558147133860856,0.7530525622782588,1.4850449854745553e-08,12.0,734.9407592773437,30.209779113692846,857.7423716776499,693.8674754552621,0.0
2457971.4959249976,0.0,0.0,0.0,0.0,0.0,0.0,0.0,0.0,0.0,0.0,12.0,0.0,0.0,0.0,0.0,5.0
2458641.751783125,0.8451744121251753,0.013883660791216966,0.790423571279989,0.01444132066061221,0.790423571279989,0.01444132066061221,19.698127664167743,0.3598918204719844,0.0438686107948421,9.498015235951389e-09,12.0,11.205461692810058,4.490571739675773,857.7423716776499,693.8674754552621,0.0
2457972.469630553,0.8213594794552487,0.002955054626578918,0.7656520730152905,0.0030737492131073033,0.7656520730152905,0.0030737492131073033,19.080797724904205,0.0766008335371054,1.2197563717844924,1.4720278473673465e-08,12.0,17556.2734375,103.7314106553262,857.7423716776499,693.8674754552621,0.0
2458641.753898972,0.8331688690583142,0.0012541716485685297,0.7779358060039168,0.0013045474974355976,0.7779358060039168,0.0013045474974355976,19.38692035256152,0.0325105982186788,2.3008352959831657,1.0102117130326322e-08,12.0,596.198291015625,46.29538766269642,857.7423716776499,693.8674754552621,0.0
2457973.5503942897,0.0,0.0,0.0,0.0,0.0,0.0,0.0,0.0,0.0,0.0,12.0,0.0,0.0,0.0,0.0,5.0
2458642.6276331954,0.0,0.0,0.0,0.0,0.0,0.0,0.0,0.0,0.0,0.0,12.0,0.0,0.0,0.0,0.0,5.0
2457973.6825493667,0.7772506227784789,0.0022502081699241473,0.7197715122020218,0.0023405914494512466,0.7197715122020218,0.0023405914494512466,17.93740932273415,0.0583298257493619,0.5602724380772425,1.4331025188930676e-08,12.0,23614.4328125,101.14139081199612,857.7423716776499,693.8674754552621,4.0
2458642.6296929945,0.8340315915544734,0.0012725384625004654,0.7788331811555798,0.0013236520443914463,0.7788331811555798,0.0013236520443914463,19.40928381810378,0.032986702194542,2.2818277163319767,1.4511435563637653e-08,12.0,589.2734008789063,45.420335630918856,857.7423716776499,693.8674754552621,0.0
2457974.480565328,0.8352997577687257,0.0016237682588341046,0.7801522853332443,0.0016889895580841116,0.7801522853332443,0.0016889895580841116,19.44215718301609,0.0420912699816261,1.2168842560843225,1.6077363175909426e-08,12.0,1430.5642333984374,33.87582198608087,857.7423716776499,693.8674754552621,0.0
2458644.698821045,0.8332873860817925,0.0012673159071929089,0.7780590834568543,0.0013182197166359342,0.7780590834568543,0.0013182197166359342,19.389992547134543,0.0328513232793252,2.364885248070374,1.5709168823980882e-08,12.0,593.6970092773438,48.53870359396424,857.7423716776499,693.8674754552621,0.0
2457979.563621352,0.8332269152350439,0.0016241606619093877,0.7779961836999638,0.0016893977226686264,0.7779961836999638,0.0016893977226686264,19.38842502373786,0.0421014418418614,1.1900687326180053,7.99541080749727e-09,12.0,559.0973388671875,35.535811296821166,857.7423716776499,693.8674754552621,0.0
2458645.685081077,0.8357974842139165,0.001340761452182786,0.7806700037725203,0.0013946153216742832,0.7806700037725203,0.0013946153216742832,19.45505923234951,0.0347551763977106,2.3533657423928056,1.2696283325193524e-08,12.0,1420.05341796875,48.11665577363434,857.7423716776499,693.8674754552621,0.0
2457980.494535679,0.8327553732748268,0.0013624854533753256,0.7775057014881879,0.0014172119027900843,0.7775057014881879,0.0014172119027900843,19.37620172780436,0.0353183052766634,1.1601354916984277,1.4074441540450324e-08,12.0,588.3212158203125,26.27244856607762,857.7423716776499,693.8674754552621,0.0
2458645.779636251,0.8361179390819607,0.001316502833266652,0.7810033302327588,0.0013693823157819851,0.7810033302327588,0.0013693823157819851,19.463366053408738,0.0341263452374603,2.160032397300632,8.295662277303051e-09,12.0,585.0109985351562,41.64985477076656,857.7423716776499,693.8674754552621,0.0
2458661.672934435,0.0,0.0,0.0,0.0,0.0,0.0,0.0,0.0,0.0,0.0,12.0,0.0,0.0,0.0,0.0,5.0
2457980.609630231,0.8319873949389296,0.0013376213680664178,0.776706876050439,0.0013913491109602866,0.776706876050439,0.0013913491109602866,19.35629421741892,0.0346737792355306,1.1409496419931555,1.3118557130269281e-08,12.0,566.2513427734375,25.74968774919494,857.7423716776499,693.8674754552621,0.0
2458661.684762808,0.0,0.0,0.0,0.0,0.0,0.0,0.0,0.0,0.0,0.0,12.0,0.0,0.0,0.0,0.0,5.0
2457981.616437163,0.832139344053983,0.0013260213872157722,0.7768649284494121,0.0013792831979680072,0.7768649284494121,0.0013792831979680072,19.36023303762333,0.034373084894999,1.161558846736945,1.4110681825649356e-08,12.0,560.2450805664063,25.71214423474761,857.7423716776499,693.8674754552621,0.0
2457821.893601164,0.8346422933483301,0.0013982334351516296,0.779468412782578,0.0014543957605322678,0.779468412782578,0.0014543957605322678,19.4251144108892,0.0362449633413586,1.3638796060257956,1.4559359686618814e-08,12.0,742.7392333984375,30.592416339832784,857.7423716776499,693.8674754552621,0.0
2458668.6918426817,0.8347419789188187,0.0012929103245908715,0.7795721023865165,0.00134484217553376,0.7795721023865165,0.00134484217553376,19.42769845712725,0.0335147809660111,2.3785639996457744,1.1423508675951142e-08,12.0,572.0256713867187,47.510944590104046,857.7423716776499,693.8674754552621,0.0
2457983.6684725047,0.0,0.0,0.0,0.0,0.0,0.0,0.0,0.0,0.0,0.0,12.0,0.0,0.0,0.0,0.0,5.0
2457986.6016851203,0.0,0.0,0.0,0.0,0.0,0.0,0.0,0.0,0.0,0.0,12.0,0.0,0.0,0.0,0.0,5.0
2457989.689173711,0.0,0.0,0.0,0.0,0.0,0.0,0.0,0.0,0.0,0.0,12.0,0.0,0.0,0.0,0.0,5.0
2457990.646939025,0.8325390393999061,0.0013522969203871046,0.7772806782105041,0.0014066141307646275,0.7772806782105041,0.0014066141307646275,19.3705939278699,0.0350541984434434,1.1506845880099452,1.118363292671198e-08,12.0,540.6596069335938,25.94461494854133,857.7423716776499,693.8674754552621,0.0
2457993.583691772,0.824369389062649,0.0013570676645385713,0.7687828805489507,0.0014115764996323996,0.7687828805489507,0.0014115764996323996,19.158820507537207,0.0351778655240136,1.1890838828478765,1.0881885063392493e-08,12.0,1427.9346191406248,36.79609371489257,857.7423716776499,693.8674754552621,0.0
2457995.4889002047,0.8306956620254431,0.0019573578648781832,0.7753632585786461,0.0020359783344864775,0.7753632585786461,0.0020359783344864775,19.322809957266696,0.0507385693081615,1.045953644043889,1.6464537153668916e-08,12.0,4179.8306640625,43.366927148856384,857.7423716776499,693.8674754552621,0.0
2457996.6637773025,0.0,0.0,0.0,0.0,0.0,0.0,0.0,0.0,0.0,0.0,12.0,0.0,0.0,0.0,0.0,5.0
2457997.5436212784,0.0,0.0,0.0,0.0,0.0,0.0,0.0,0.0,0.0,0.0,12.0,0.0,0.0,0.0,0.0,5.0
2457998.610497511,0.0,0.0,0.0,0.0,0.0,0.0,0.0,0.0,0.0,0.0,12.0,0.0,0.0,0.0,0.0,5.0
2457999.4772749497,0.0,0.0,0.0,0.0,0.0,0.0,0.0,0.0,0.0,0.0,12.0,0.0,0.0,0.0,0.0,5.0
2458000.6576469336,0.0,0.0,0.0,0.0,0.0,0.0,0.0,0.0,0.0,0.0,12.0,0.0,0.0,0.0,0.0,5.0
2458003.5624131686,0.8363460232035537,0.0019182713482430226,0.7812405757249274,0.0019953218441902147,0.7812405757249274,0.0019953218441902147,19.469278442869644,0.049725369847351,1.164084885376448,1.1379122886024851e-08,12.0,4145.16875,39.80579404474895,857.7423716776499,693.8674754552621,0.0
2458004.548419162,0.8292460673200189,0.0014509618948950875,0.7738554385386891,0.0015092421448214275,0.7738554385386891,0.0015092421448214275,19.285233608684937,0.0376117888244301,1.1724634773940423,1.4213129417129112e-08,12.0,2645.35126953125,33.89528789550139,857.7423716776499,693.8674754552621,0.0
2458005.4817873947,0.8304194638067555,0.0015537024505391168,0.7750759664082356,0.001616109442374792,0.7750759664082356,0.001616109442374792,19.315650355686877,0.0402750262920601,1.1088835732001263,1.5689377801886713e-08,12.0,1135.623706054687,33.93007680867144,857.7423716776499,693.8674754552621,0.0
2458005.643804492,0.8292500781517018,0.0019927141516210872,0.7738596104719656,0.002072754764125685,0.7738596104719656,0.002072754764125685,19.28533757733829,0.0516550738664609,0.9604781711223,1.4889824523695977e-08,12.0,4483.22314453125,42.26387378513885,857.7423716776499,693.8674754552621,0.0
2458008.534154151,0.8317212890411942,0.0013326013107777684,0.7764300815755043,0.0013861274148867346,0.7764300815755043,0.0013861274148867346,19.34939622866692,0.0345436494676218,1.114746715529701,9.393501291432848e-09,12.0,589.8436157226563,25.16862825474562,857.7423716776499,693.8674754552621,0.0
2458019.501346168,0.8325553534692368,0.0013571768647175483,0.7772976475610254,0.0014116900860145836,0.7772976475610254,0.0014116900860145836,19.37101682066446,0.035180696207635,1.128924639128114,1.3742741881207288e-08,12.0,670.2690307617188,25.55269308945822,857.7423716776499,693.8674754552621,0.0
2458032.526174611,0.0,0.0,0.0,0.0,0.0,0.0,0.0,0.0,0.0,0.0,12.0,0.0,0.0,0.0,0.0,5.0
2458036.5148026748,0.8298059580936362,0.001539043782641392,0.7744378182379861,0.0016008619851837899,0.7744378182379861,0.0016008619851837899,19.29974707979409,0.0398950447616309,1.005949082319424,9.104237461310625e-09,12.0,689.0191040039062,30.76007677707127,857.7423716776499,693.8674754552621,0.0
2458042.49071956,0.0,0.0,0.0,0.0,0.0,0.0,0.0,0.0,0.0,0.0,12.0,0.0,0.0,0.0,0.0,5.0
2458045.515996936,0.8301940789550742,0.0015189312536421893,0.7748415286065545,0.001579941603669057,0.7748415286065545,0.001579941603669057,19.309807936616128,0.0393736884144347,1.035883437017511,1.0835290056556513e-08,12.0,767.079443359375,30.651911878556504,857.7423716776499,693.8674754552621,0.0
2458047.508935201,0.8274514293208312,0.0021333255466381203,0.7719887159785715,0.0022190140450540708,0.7719887159785715,0.0022190140450540708,19.238713058642084,0.0552999980469623,0.9293082066931698,1.0561112553442246e-08,12.0,838.4667236328125,46.766669226558776,857.7423716776499,693.8674754552621,0.0
2458166.839588701,0.0,0.0,0.0,0.0,0.0,0.0,0.0,0.0,0.0,0.0,12.0,0.0,0.0,0.0,0.0,5.0
2458173.882463368,0.8309665900688867,0.001674230633114044,0.7756450688886326,0.0017414788358928472,0.7756450688886326,0.0017414788358928472,19.32983294552881,0.0433993540682407,1.022409823232152,1.2574813976755434e-08,12.0,718.5498168945312,34.09003770102189,857.7423716776499,693.8674754552621,0.0
2458174.8575385977,0.8328449759309315,0.0015188374475865096,0.7775989031810486,0.0015798440297402248,0.7775989031810486,0.0015798440297402248,19.37852440505134,0.0393712567767955,1.011188135433016,1.6452103049842652e-08,12.0,638.3030517578125,27.13873473411165,857.7423716776499,693.8674754552621,0.0
2458175.832851104,0.8353002823643896,0.0016362436996866304,0.7801528310001483,0.0017019660953564591,0.7801528310001483,0.0017019660953564591,19.442170781568468,0.0424146579689246,0.9910727470095696,1.3366545552106533e-08,12.0,608.1721313476562,27.32166998686503,857.7423716776499,693.8674754552621,0.0
2458178.860311557,0.0,0.0,0.0,0.0,0.0,0.0,0.0,0.0,0.0,0.0,12.0,0.0,0.0,0.0,0.0,5.0
2458180.889368589,0.0,0.0,0.0,0.0,0.0,0.0,0.0,0.0,0.0,0.0,12.0,0.0,0.0,0.0,0.0,5.0
2458186.8762674425,0.0,0.0,0.0,0.0,0.0,0.0,0.0,0.0,0.0,0.0,12.0,0.0,0.0,0.0,0.0,5.0
2458195.845944459,0.833046546691729,0.0013871254101758949,0.7778085703600625,0.0014428415636246195,0.7778085703600625,0.0014428415636246195,19.38374951600358,0.0359570214656182,1.0866140590736877,1.008139702430152e-08,12.0,601.9107666015625,24.91720193665204,857.7423716776499,693.8674754552621,0.0
2458203.8249883573,0.0,0.0,0.0,0.0,0.0,0.0,0.0,0.0,0.0,0.0,12.0,0.0,0.0,0.0,0.0,5.0
2458208.8123318357,0.0,0.0,0.0,0.0,0.0,0.0,0.0,0.0,0.0,0.0,12.0,0.0,0.0,0.0,0.0,5.0
2458208.826434181,0.0,0.0,0.0,0.0,0.0,0.0,0.0,0.0,0.0,0.0,12.0,0.0,0.0,0.0,0.0,5.0
2458209.8090363373,0.0,0.0,0.0,0.0,0.0,0.0,0.0,0.0,0.0,0.0,12.0,0.0,0.0,0.0,0.0,5.0
2458213.798826636,0.0,0.0,0.0,0.0,0.0,0.0,0.0,0.0,0.0,0.0,12.0,0.0,0.0,0.0,0.0,5.0
2458221.8954156586,0.8333515193841748,0.0014522782262844575,0.7781257927778791,0.001510611348806988,0.7781257927778791,0.001510611348806988,19.391655008591528,0.0376459107255042,1.066485292791254,1.531687640890623e-08,12.0,581.53203125,26.15796124658737,857.7423716776499,693.8674754552621,0.0
2458223.772262026,0.8335990967761299,0.001365953319380544,0.7783833145193932,0.0014208190612868593,0.7783833145193932,0.0014208190612868593,19.39807270199663,0.0354081991907066,0.9925961928323318,1.6201218349345306e-08,12.0,546.8106689453125,21.156932487442788,857.7423716776499,693.8674754552621,0.0
2458224.8470144807,0.8334846042698912,0.0015124712090630935,0.7782642232349912,0.0015732220808680117,0.7782642232349912,0.0015732220808680117,19.395104830833525,0.0392062313410545,1.0745290354574788,1.2622391739171581e-08,12.0,560.5136108398438,28.186889760081066,857.7423716776499,693.8674754552621,0.0
2458225.913556989,0.8325781211994749,0.001337442212438488,0.7773213297942648,0.0013911627592544961,0.7773213297942648,0.0013911627592544961,19.371607005055058,0.034669135168951,1.0283347011031867,1.6280189608583503e-08,12.0,595.81240234375,22.162585306070035,857.7423716776499,693.8674754552621,0.0
2458226.858986996,0.8328509919850173,0.0015879231096608982,0.7776051608797545,0.0016517046300581265,0.7776051608797545,0.0016517046300581265,19.378680353017057,0.0411620931467098,1.040854146353132,1.408961806733912e-08,12.0,542.3841430664063,30.13989043318926,857.7423716776499,693.8674754552621,0.0
2458229.844929598,0.8325242418854051,0.0014164311612470078,0.7772652863297097,0.0014733244279629494,0.7772652863297097,0.0014733244279629494,19.37021034716217,0.036716684227615,1.04596143423353,1.545130481059951e-08,12.0,544.7234619140625,25.3086380313977,857.7423716776499,693.8674754552621,0.0
2458230.7956569446,0.8333063398472572,0.0014516644935779334,0.7780787985312082,0.0015099729645257777,0.7780787985312082,0.0015099729645257777,19.390483866049674,0.0376300015654956,1.0010191427381536,1.6294464224553506e-08,12.0,549.0033447265625,24.344579859486547,857.7423716776499,693.8674754552621,0.0
2458231.821257727,0.0,0.0,0.0,0.0,0.0,0.0,0.0,0.0,0.0,0.0,12.0,0.0,0.0,0.0,0.0,5.0
2458249.7181413434,0.8332071957395181,0.0014457152767844688,0.7779756721387528,0.0015037847877411444,0.7779756721387528,0.0015037847877411444,19.387913855592064,0.0374757861539856,1.0232740973665229,1.6395310802445452e-08,12.0,540.8982543945312,24.905923221096774,857.7423716776499,693.8674754552621,0.0
2458250.7011056184,0.0,0.0,0.0,0.0,0.0,0.0,0.0,0.0,0.0,0.0,12.0,0.0,0.0,0.0,0.0,5.0
2458251.6981181465,0.8327412732760808,0.0013891010001651396,0.7774910351400048,0.0014448965064064736,0.7774910351400048,0.0014448965064064736,19.375836228078185,0.0360082326474836,1.0022509111015727,1.0129905733709051e-08,12.0,539.6776977539063,23.042058343737903,857.7423716776499,693.8674754552621,0.0
2458254.690923407,0.8323826082955161,0.0017419612028034713,0.777117963795786,0.0018119299143310194,0.777117963795786,0.0018119299143310194,19.3665389256782,0.0451550637757664,1.0210782150582138,1.6388564551815388e-08,12.0,518.9845458984375,34.34256801035019,857.7423716776499,693.8674754552621,0.0
2458256.744556564,0.832911385449258,0.0013897517539161342,0.7776679801459421,0.0014455733987427616,0.7776679801459421,0.0014455733987427616,19.380245870506787,0.0360251014658483,1.017950236961759,1.2917872888541356e-08,12.0,552.68818359375,23.35288204692316,857.7423716776499,693.8674754552621,0.0
2458257.8195387283,0.0,0.0,0.0,0.0,0.0,0.0,0.0,0.0,0.0,0.0,12.0,0.0,0.0,0.0,0.0,5.0
2458258.7878457583,0.0,0.0,0.0,0.0,0.0,0.0,0.0,0.0,0.0,0.0,12.0,0.0,0.0,0.0,0.0,5.0
2458259.86824281,0.8327312759367738,0.0013819263074047402,0.7774806362412673,0.0014374336304148697,0.7774806362412673,0.0014374336304148697,19.375577077361594,0.035822250486316,0.9909905213854446,1.4409485096535544e-08,12.0,558.2939086914063,22.56365004703858,857.7423716776499,693.8674754552621,0.0
2458264.663624965,0.8338875870678721,0.0021049902727281874,0.7786833924940124,0.002189540638674211,0.7786833924940124,0.002189540638674211,19.40555093830945,0.0545654919635617,1.0222382992485333,1.15232048909866e-08,12.0,3454.696875,42.26142515602656,857.7423716776499,693.8674754552621,0.0
2458274.802803138,0.8316544263727592,0.0018555835165517485,0.7763605332589896,0.001930116053542772,0.7763605332589896,0.001930116053542772,19.34766301666855,0.048100377836376,1.072908281372381,1.4089549793215398e-08,12.0,1387.0612548828126,40.396430725040446,857.7423716776499,693.8674754552621,0.0
2458277.80143037,0.831945245307844,0.0016673486997573702,0.7766630334107071,0.0017343204784636913,0.7766630334107071,0.0017343204784636913,19.3552016160012,0.0432209608071732,1.0403700439720454,1.2925572800902608e-08,12.0,720.1248168945312,33.41423002943143,857.7423716776499,693.8674754552621,0.0
2458278.7493462823,0.8329433927770572,0.002081647745264078,0.7777012731002418,0.0021652605205405556,0.7777012731002418,0.0021652605205405556,19.381075563456168,0.0539604076972571,0.5766089558051901,1.586854517364462e-08,12.0,544.5848754882812,22.802721149492143,857.7423716776499,693.8674754552621,4.0
2458282.7807068955,0.8321627061062311,0.001350150072232929,0.7768892288765745,0.0014043810509544582,0.7768892288765745,0.0014043810509544582,19.36083862801047,0.0349985479127871,1.0346783631566685,1.4429593042280252e-08,12.0,551.82646484375,23.229578738200736,857.7423716776499,693.8674754552621,0.0
2458285.60837576,0.8342044334478338,0.0014938369774301272,0.7790129655253609,0.0015538393749432134,0.7790129655253609,0.0015538393749432134,19.41376422025353,0.0387231953719153,0.9930285694968924,1.2140747635049181e-08,12.0,548.753857421875,24.510131096226047,857.7423716776499,693.8674754552621,0.0
2458286.728118793,0.8308117420356811,0.0016152012301070516,0.7754840011317334,0.0016800784206819164,0.7754840011317334,0.0016800784206819164,19.325818979658788,0.0418691957311111,1.042936846411466,1.3738221316907351e-08,12.0,533.2988525390625,33.18954418966356,857.7423716776499,693.8674754552621,0.0
2458286.753856549,0.8333564571982565,0.0016153108377833386,0.7781309289273136,0.0016801924309292088,0.7781309289273136,0.0016801924309292088,19.391783006453608,0.0418720369778651,1.0374612556784295,8.798351394443528e-09,12.0,533.3097290039062,30.227498710998823,857.7423716776499,693.8674754552621,0.0
2458287.718929631,0.8343017451220172,0.0015402686579072226,0.7791141858815793,0.0016021360595615142,0.7791141858815793,0.0016021360595615142,19.41628673042586,0.0399267959399332,1.0173718563589191,1.578646257224282e-08,12.0,543.8826538085938,26.439500163302466,857.7423716776499,693.8674754552621,0.0
2458288.635127142,0.8328005210562424,0.0015683402405842583,0.7775526627038453,0.0016313351831202256,0.7775526627038453,0.0016313351831202256,19.377372047181083,0.0406544666274481,1.033844436364984,1.495685183532829e-08,12.0,617.661767578125,29.397800633951253,857.7423716776499,693.8674754552621,0.0
2458288.681447073,0.8330659590497773,0.0014559596937199723,0.7778287624471184,0.0015144406883837319,0.7778287624471184,0.0015144406883837319,19.3842527225413,0.0377413416091379,1.0420947438132808,8.866480328951579e-09,12.0,532.0876342773438,25.875879620440983,857.7423716776499,693.8674754552621,0.0
2458289.7751929364,0.8316688399715557,0.0013787101176984584,0.7763755258034791,0.0014340882572058716,0.7763755258034791,0.0014340882572058716,19.348036645525404,0.0357388805174164,1.0315143627013688,8.730298280195693e-09,12.0,536.0805541992187,24.60349331530163,857.7423716776499,693.8674754552621,0.0
2458303.565839518,0.8321446614879229,0.0015976256356083035,0.7768704594667551,0.0016617968737776692,0.7768704594667551,0.0016617968737776692,19.360370875979488,0.0414136017206299,0.9272915736158934,1.6232143019160003e-08,12.0,538.6213256835938,27.323049938040377,857.7423716776499,693.8674754552621,0.0
2458303.75102337,0.0,0.0,0.0,0.0,0.0,0.0,0.0,0.0,0.0,0.0,12.0,0.0,0.0,0.0,0.0,5.0
2458308.543967887,0.8337024109441512,0.0015240553241037589,0.778490778469401,0.0015852714907741883,0.778490778469401,0.0015852714907741883,19.40075080862636,0.0395065144085564,0.978781706127498,1.5272896923670778e-08,12.0,514.56357421875,25.42859398307752,857.7423716776499,693.8674754552621,0.0
2458310.5383696994,0.8338834555207832,0.0009687547426830999,0.7786790949965986,0.0010076663562268737,0.7786790949965986,0.0010076663562268737,19.40544384047511,0.0251120301178526,0.999991469613788,1.6046803729495676e-08,12.0,506.8136047363281,0.0504936469062342,857.7423716776499,693.8674754552621,0.0
2458310.573454238,0.8338806518908675,0.0015333533443359468,0.7786761787543169,0.0015949429811470156,0.7786761787543169,0.0015949429811470156,19.405371164868196,0.0397475373979875,1.0121571320131433,1.5579698214970448e-08,12.0,514.5424682617188,26.55764102679908,857.7423716776499,693.8674754552621,0.0
2458311.702150837,0.8333785027961804,0.0013832086220207885,0.7781538600226177,0.001438767451287957,0.7781538600226177,0.001438767451287957,19.39235447175296,0.0358554906056569,0.9934118790612976,7.990869459146906e-09,12.0,534.7792602539063,21.98315000561337,857.7423716776499,693.8674754552621,0.0
2458312.711798861,0.8335097465961728,0.0015266197500824073,0.7782903754437962,0.0015879389211028976,0.7782903754437962,0.0015879389211028976,19.395756569428443,0.0395729893785084,1.0062874111894446,1.1543167144134172e-08,12.0,520.7984130859375,26.54890151576784,857.7423716776499,693.8674754552621,0.0
2458329.4961920567,0.8347780424731925,0.001497698477544198,0.7796096144923443,0.0015578559785045442,0.7796096144923443,0.0015578559785045442,19.428633295454944,0.0388232930570075,1.1763804608380568,1.5942683128083102e-08,12.0,679.6138549804687,29.23545659526314,857.7423716776499,693.8674754552621,0.0
2458330.4818714405,0.8340016908219814,0.0013842340670313191,0.7788020794114213,0.001439834084969055,0.7788020794114213,0.001439834084969055,19.408508732252013,0.0358820721591234,0.9155040989321256,1.3368541609822196e-08,12.0,560.7360961914062,19.42202971798729,857.7423716776499,693.8674754552621,0.0
2458330.5171005665,0.833433416043615,0.0014098613510909663,0.778210978950157,0.0014664907306716133,0.778210978950157,0.0014664907306716133,19.39377793123417,0.0365463818143848,0.9405602868980222,1.4461459601815662e-08,12.0,545.5274658203125,21.34618484085214,857.7423716776499,693.8674754552621,0.0
2458331.5922895693,0.8336132408727791,0.001448131830746928,0.7783980267367427,0.0015062984065330703,0.7783980267367427,0.0015062984065330703,19.39843934482726,0.0375384279901624,1.276147808655308,7.906355609674467e-09,12.0,1024.598388671875,31.495676920669048,857.7423716776499,693.8674754552621,0.0
2458331.64932692,0.8334600852894706,0.0015024730288651384,0.77823871940975,0.0015628223074629578,0.77823871940975,0.0015628223074629578,19.3944692505905,0.0389470588269056,1.265597237634631,1.430098558907281e-08,12.0,1697.3322998046874,33.39615756684539,857.7423716776499,693.8674754552621,0.0
2458333.5787552414,0.8386943698163911,0.003149484596961518,0.7836832475078407,0.0032759887802180686,0.7836832475078407,0.0032759887802180686,19.53015221026447,0.081640841143714,0.313788006940528,1.3390138137915462e-08,12.0,459.2121948242187,16.012840455682714,857.7423716776499,693.8674754552621,4.0
2458335.5151353283,0.0,0.0,0.0,0.0,0.0,0.0,0.0,0.0,0.0,0.0,12.0,0.0,0.0,0.0,0.0,5.0
2458339.501819744,0.8324365248263353,0.00129332741004881,0.7771740459719624,0.00134527601390907,0.7771740459719624,0.00134527601390907,19.367936548302502,0.0335255926421971,1.2477072644149558,1.4305912028592442e-08,12.0,519.2769897460937,26.21957331520716,857.7423716776499,693.8674754552621,0.0
2458340.589167612,0.8367056409417113,0.0014760590930871468,0.7816146380958013,0.0015353474128933608,0.7816146380958013,0.0015353474128933608,19.478600442622135,0.0382623576104236,1.2522444657870468,1.637627192671974e-08,12.0,497.0857116699219,28.097212056959727,857.7423716776499,693.8674754552621,0.0
2458366.5626248294,0.8326944897576474,0.001594211942101497,0.7774423724852857,0.001658246063706014,0.7774423724852857,0.001658246063706014,19.37462350717768,0.0413251120643948,1.291642867306651,1.2811170297355017e-08,12.0,526.9901977539063,38.48424283034092,857.7423716776499,693.8674754552621,0.0
2458670.552940308,0.8348803562610262,0.00127446825954187,0.7797160378802628,0.001325659354877052,0.7797160378802628,0.001325659354877052,19.431285470260757,0.0330367263330467,2.3388483507430755,1.6359465663271052e-08,12.0,576.9392456054687,45.01643552909476,857.7423716776499,693.8674754552621,0.0
2458671.548511097,0.0,0.0,0.0,0.0,0.0,0.0,0.0,0.0,0.0,0.0,12.0,0.0,0.0,0.0,0.0,5.0
2458671.6275488595,0.8329384247253678,0.0012233729444079927,0.7776961054986576,0.0012725117131131326,0.7776961054986576,0.0012725117131131326,19.380946781775783,0.0317122351734273,2.264231365407303,9.258743289694228e-09,12.0,563.8167358398438,43.92850256831536,857.7423716776499,693.8674754552621,0.0
2458672.7370745023,0.0,0.0,0.0,0.0,0.0,0.0,0.0,0.0,0.0,0.0,12.0,0.0,0.0,0.0,0.0,5.0
2458685.62081297,0.0,0.0,0.0,0.0,0.0,0.0,0.0,0.0,0.0,0.0,12.0,0.0,0.0,0.0,0.0,5.0
2458690.6214458174,0.8333374244754963,0.0012192448002167622,0.7781111317242159,0.0012682177552805927,0.7781111317242159,0.0012682177552805927,19.391289640809937,0.031605225548913,2.3530496766397224,1.4721526013526974e-08,12.0,565.4313842773438,44.43559182374646,857.7423716776499,693.8674754552621,0.0
2458691.565042328,0.8324728968263785,0.0012890405016450818,0.7772118789126822,0.0013408169148406068,0.7772118789126822,0.0013408169148406068,19.36887938214917,0.0334144675367356,2.3635984209997964,1.6479428868502472e-08,12.0,564.3170654296875,51.81119471467645,857.7423716776499,693.8674754552621,0.0
2458692.489750894,0.8326593513066135,0.0016551577106335496,0.7774058226410817,0.001721639818387463,0.7774058226410817,0.001721639818387463,19.37371264934981,0.042904946368683,1.0614556335687555,1.3944036503599156e-08,12.0,703.7467163085937,32.974411386681574,857.7423716776499,693.8674754552621,0.0
2458692.578948617,0.8343393802595866,0.0013570065807911908,0.779153332695804,0.0014115129623567268,0.779153332695804,0.0014115129623567268,19.417262307283966,0.035176282113026,2.03021926440902,9.974361005065675e-09,12.0,601.2379516601563,44.8305589073411,857.7423716776499,693.8674754552621,0.0
2458696.503214508,0.0,0.0,0.0,0.0,0.0,0.0,0.0,0.0,0.0,0.0,12.0,0.0,0.0,0.0,0.0,5.0
2458698.6001349757,0.8346525394614092,0.0013312683177870619,0.7794790704474925,0.0013847408800594597,0.7794790704474925,0.0013847408800594597,19.42538001031173,0.0345090956650394,2.4021573653408828,1.4607892337480384e-08,12.0,557.314794921875,51.12800356962278,857.7423716776499,693.8674754552621,0.0
2458699.647006623,0.8314136643116067,0.0012265863095376934,0.7761101005971502,0.0012758541482918273,0.7761101005971502,0.0012758541482918273,19.34142199005519,0.0317955319237412,2.2986313822154534,1.3773856117802146e-08,12.0,595.013232421875,47.90993699593604,857.7423716776499,693.8674754552621,0.0
2458715.583164916,0.8345727116612228,0.0012969653739972836,0.779396036233573,0.0013490601026102914,0.779396036233573,0.0013490601026102914,19.423310716573905,0.0336198958298013,2.3365170663859205,1.3798658037253862e-08,12.0,596.5795654296875,47.3777243967568,857.7423716776499,693.8674754552621,0.0
2458718.517323599,0.8347356030300607,0.0033073029768392517,0.7795654703997923,0.0034401461926056144,0.7795654703997923,0.0034401461926056144,19.427533181538426,0.0857318042471965,0.1826164405587603,9.19488280087724e-09,12.0,49.21742172241211,8.355595237663572,857.7423716776499,693.8674754552621,0.0
2458718.519570709,0.8340197206079961,0.0012765825897648742,0.7788208333931849,0.0013278586106203285,0.7788208333931849,0.0013278586106203285,19.40897609980076,0.0330915339349089,2.301510658037949,1.3268092209211758e-08,12.0,595.6950561523438,46.10616604415908,857.7423716776499,693.8674754552621,0.0
2458724.5687172613,0.8345914324273068,0.0012937641370182348,0.779415508949746,0.0013457302827291921,0.779415508949746,0.0013457302827291921,19.423795995686373,0.033536913465029,2.398072187603977,1.0863181988673897e-08,12.0,576.4073974609375,48.35581728327637,857.7423716776499,693.8674754552621,0.0
2457925.545794676,0.7314687619398644,0.000161239365158007,0.6067390054450492,0.0005930442808426353,0.6067390054450492,0.0005930442808426353,15.052087718556583,0.0238218734590312,1.5177888561129016,4.1094053551288796e-09,12.0,1698.8660888671875,37.81139823607924,850.4768933265673,594.6723271980836,0.0
2457872.8842171347,0.7309183275881433,0.00015210996681083854,0.6061211385478821,0.000593575371632336,0.6061211385478821,0.000593575371632336,15.036497767345336,0.0238307260022995,1.9630412346287072,4.094521511885591e-09,12.0,1899.7064208984373,43.34166753398267,850.4768933265673,594.6723271980836,0.0
2457925.508507837,0.7279825854720626,0.0010552279015364975,0.6028257448892683,0.0013233348700771067,0.6028257448892683,0.0013233348700771067,14.953348748365327,0.0381917991712918,0.0888326769996092,3.823942493808185e-09,12.0,1124.386474609375,23.89102175699008,850.4768933265673,594.6723271980836,4.0
2457873.724371676,0.7314469018389158,0.00015770970003554642,0.6067144673094794,0.0005919868808963634,0.6067144673094794,0.0005919868808963634,15.051468574954455,0.0238051405669322,1.9414117309593453,5.093698659353832e-09,12.0,1915.0836181640625,46.43202548464309,850.4768933265673,594.6723271980836,0.0
2457925.643029889,0.7313738253839027,0.0003068779569160228,0.6066324384128932,0.0006620612243340761,0.6066324384128932,0.0006620612243340761,15.049398830642929,0.0249526339777613,0.3985491742787649,4.633023012752004e-09,12.0,1223.465576171875,26.8148371295935,850.4768933265673,594.6723271980836,4.0
2457874.91860366,0.7319126705235844,0.00016098536616426868,0.607237296328224,0.0005901584658406341,0.607237296328224,0.0005901584658406341,15.064660540621222,0.0237758556575786,1.94412019639332,5.105106334099135e-09,12.0,2328.964111328125,47.88836561270176,850.4768933265673,594.6723271980836,0.0
2457925.670795958,0.7163867202291252,0.0027168064128797556,0.5898092947799748,0.003128387066195923,0.5898092947799748,0.003128387066195923,14.624919076735376,0.0810861068507131,0.0266996165432607,2.7643818500006333e-09,12.0,790.1036987304688,24.26461393192576,850.4768933265673,594.6723271980836,4.0
2457889.8991530123,0.7315740281720488,0.00023312328523268953,0.606857167620162,0.000621793752160596,0.606857167620162,0.000621793752160596,15.055069173872402,0.0242840128854756,1.7298736740655347,5.106663459663277e-09,12.0,9929.919921875,89.19852269080249,850.4768933265673,594.6723271980836,0.0
2457925.715946326,0.7300456950687645,0.0004059768017528941,0.6051416016686346,0.0007333874727734435,0.6051416016686346,0.0007333874727734435,15.011782197977388,0.0261925766152458,0.1994031576654336,3.825898273085547e-09,12.0,1021.599609375,17.241531837247248,850.4768933265673,594.6723271980836,4.0
2457890.7727167187,0.731070347100009,0.0001743520452564706,0.6062917816478478,0.0006002476153049682,0.6062917816478478,0.0006002476153049682,15.040803415722356,0.0239367707726892,1.8902044749186384,5.056346846733925e-09,12.0,7159.919921875,59.70426511900878,850.4768933265673,594.6723271980836,0.0
2457925.7680382943,0.7316070152582269,0.00027102507850105504,0.6068941958843314,0.0006406688246114958,0.6068941958843314,0.0006406688246114958,15.056003467058336,0.02459436509628,0.6352289677588162,4.891979998178479e-09,12.0,1482.596435546875,38.313624146822725,850.4768933265673,594.6723271980836,4.0
2457893.683691638,0.731692525129087,0.00017165099165306064,0.60699018138818,0.0005953048846565281,0.60699018138818,0.0005953048846565281,15.058425362985837,0.0238575691290193,1.8451813728222248,4.941574973991772e-09,12.0,1986.5640869140625,54.484149292100255,850.4768933265673,594.6723271980836,0.0
2457957.6724166176,0.7314495782151835,0.00021688425377385548,0.6067174715629294,0.0006151084699064147,0.6067174715629294,0.0006151084699064147,15.05154437795495,0.0241754720887035,0.5848717216175584,4.097851390814802e-09,12.0,544.61474609375,24.223239328977694,850.4768933265673,594.6723271980836,0.0
2457894.846685908,0.7310858642894028,0.0001758586150426221,0.6063091998152161,0.0006007010788184893,0.6063091998152161,0.0006007010788184893,15.041242909051272,0.0239439997174543,1.912834734941868,2.4451592840072342e-09,12.0,1850.0087890625,61.09751795900678,850.4768933265673,594.6723271980836,0.0
2457957.7820219686,0.7320003345388142,0.00023172135706896378,0.6073356998761018,0.0006185835519174771,0.6073356998761018,0.0006185835519174771,15.067143448376047,0.0242314343833856,0.5261008660336027,4.547079240028412e-09,12.0,546.2763061523438,23.502939297541307,850.4768933265673,594.6723271980836,0.0
2457895.723393817,0.7318962834305672,0.0001898910608420301,0.6072189016871841,0.0006009885047348472,0.6072189016871841,0.0006009885047348472,15.06419640901346,0.023947960055302,1.3579228632463338,2.4761668364350035e-09,12.0,1735.6016845703125,48.41158105214424,850.4768933265673,594.6723271980836,0.0
2457958.790465685,0.7314737052976646,0.0002154366883278671,0.6067445544031331,0.000614318575797858,0.6067445544031331,0.000614318575797858,15.052227729271188,0.0241626631429757,0.5994803419663552,4.612479773124341e-09,12.0,660.0516357421875,24.64926312256522,850.4768933265673,594.6723271980836,0.0
2457917.5718970187,0.7313752041280719,0.00022486318880336563,0.6066339860640875,0.0006191640663427882,0.6066339860640875,0.0006191640663427882,15.0494378808117,0.0242413511677001,1.680158242765677,3.974991130939162e-09,12.0,11143.005859375,82.44047176243375,850.4768933265673,594.6723271980836,0.0
2457959.4884785367,0.7313802204862391,0.00019380938500682997,0.6066396169656577,0.0006057589764237625,0.6066396169656577,0.0006057589764237625,15.049579959115556,0.0240247585333404,0.6267458911106233,4.41836858041591e-09,12.0,652.7443237304688,21.02595063390085,850.4768933265673,594.6723271980836,0.0
2457917.616974608,0.7306531559074965,0.000273268271946981,0.6058234812468337,0.0006475815949975503,0.6058234812468337,0.0006475815949975503,15.028987310283636,0.0247100824572257,1.7045338501646328,4.844718485429797e-09,12.0,11439.2275390625,112.26856402560394,850.4768933265673,594.6723271980836,0.0
2457959.654937097,0.7318816684843731,0.00018924693810435777,0.6072024962949167,0.0006008220445481124,0.6072024962949167,0.0006008220445481124,15.06378246991716,0.023945312038703,0.6412898796662403,3.2168739154250435e-09,12.0,567.7725830078125,19.80720304668886,850.4768933265673,594.6723271980836,0.0
2457917.6290966566,0.7310328213337125,0.00021030769784704053,0.6062496586794816,0.0006148295791646987,0.6062496586794816,0.0006148295791646987,15.03974057350712,0.0241712779113489,1.7081788227327983,3.442495524933347e-09,12.0,11432.138671875,76.50426593817369,850.4768933265673,594.6723271980836,0.0
2457959.727932119,0.7317792248761467,0.0002093832838834514,0.6070875025374385,0.0006098022141572719,0.6070875025374385,0.0006098022141572719,15.060880959774922,0.0240894824088911,0.6172276515220869,4.027937717581639e-09,12.0,587.0850830078125,23.846396473835068,850.4768933265673,594.6723271980836,0.0
2457917.684207624,0.7309125046743091,0.00024236542006674498,0.6061146022812194,0.000630268683489955,0.6061146022812194,0.000630268683489955,15.036332844966669,0.0244232189102351,1.7109352225808985,5.0326457098211624e-09,12.0,11249.8408203125,95.18534415411024,850.4768933265673,594.6723271980836,0.0
2457960.4675069824,0.7312647992035984,0.0002493350640175144,0.6065100556663877,0.0006315290513686123,0.6065100556663877,0.0006315290513686123,15.046310882322883,0.0244436674237457,0.6073559644446255,3.1777881997997142e-09,12.0,1638.890625,32.67258137362073,850.4768933265673,594.6723271980836,0.0
2457917.709011806,0.7308100958395065,0.00022663612003275818,0.6059996475571836,0.000623495963152947,0.6059996475571836,0.000623495963152947,15.033432319712068,0.0243123722798783,1.72113507826224,5.1098770220708385e-09,12.0,11190.390625,87.19017097905284,850.4768933265673,594.6723271980836,0.0
2457960.4746388923,0.7312241184230716,0.0002416594162796693,0.6064643911696866,0.000628006601181717,0.6064643911696866,0.000628006601181717,15.045158680644947,0.0243858527294509,0.4910673704746162,4.944435031049633e-09,12.0,874.6326904296875,24.03477355527591,850.4768933265673,594.6723271980836,0.0
2457917.7645391044,0.7316288779560346,0.00018089253558901925,0.6069187369348964,0.0005991400528721864,0.6069187369348964,0.0005991400528721864,15.056622684211312,0.0239186620274393,1.7033051786269795,3.3700879906314104e-09,12.0,5652.2109375,56.49994149777409,850.4768933265673,594.6723271980836,0.0
2457960.595935764,0.7316676672696012,0.00019195908729766216,0.6069622782450302,0.0006032228143946869,0.6069622782450302,0.0006032228143946869,15.057721313873737,0.0239838744188252,0.6698479626649668,2.8910849410192234e-09,12.0,566.1697387695312,22.0076971610004,850.4768933265673,594.6723271980836,0.0
2457917.806207211,0.7305590116581587,0.00023370162972488617,0.6057178035851061,0.0006283607957187664,0.6057178035851061,0.0006283607957187664,15.026320862869143,0.0243921743261043,1.70720595328821,5.105089250974496e-09,12.0,11331.0517578125,91.191729875552,850.4768933265673,594.6723271980836,0.0
2457960.602890779,0.7310741261910255,0.00018361543016439562,0.6062960237072931,0.0006036937445446275,0.6062960237072931,0.0006036937445446275,15.04091045091082,0.0239918792006104,0.6849843945077757,4.865806597618043e-09,12.0,582.4730224609375,21.09542591971425,850.4768933265673,594.6723271980836,0.0
2457917.8513232307,0.7308166785969962,0.00023050249446599972,0.6060070367543371,0.0006252379132108768,0.6060070367543371,0.0006252379132108768,15.033618763141291,0.0243408310392277,1.6859810333076473,4.9873450325354225e-09,12.0,11633.087890625,87.64814160676843,850.4768933265673,594.6723271980836,0.0
2457960.7587699327,0.7311194911059518,0.00019378639069934347,0.606346946181768,0.0006073974902121529,0.606346946181768,0.0006073974902121529,15.04219532131942,0.024051284752406,0.6768030077624637,3.7933374010062524e-09,12.0,588.8181762695312,23.45842627493683,850.4768933265673,594.6723271980836,0.0
2457918.52859258,0.7312480943317147,0.00017368259634823803,0.6064913043160656,0.0005988599709815174,0.6064913043160656,0.0005988599709815174,15.045837750264818,0.0239144932689349,1.3945950156862277,4.902125543443873e-09,12.0,2006.56298828125,42.47475858093033,850.4768933265673,594.6723271980836,0.0
2457960.786915736,0.7316542953216513,0.00020744268597696583,0.6069472681280864,0.0006097293751514621,0.6069472681280864,0.0006097293751514621,15.057342580214597,0.0240884049371444,0.6461739676891061,5.068386421062105e-09,12.0,665.0150146484375,24.91357102006476,850.4768933265673,594.6723271980836,0.0
2457918.69531597,0.7306135281292593,0.00024391553521655834,0.6057789987535004,0.0006328894988736289,0.6057789987535004,0.0006328894988736289,15.027864932787766,0.0244665594560371,1.3275936990433774,4.3191636974139056e-09,12.0,6427.0283203125,74.84495142207554,850.4768933265673,594.6723271980836,0.0
2457961.470934918,0.7319184102389078,0.000308854461887653,0.6072437392039028,0.0006601399133106737,0.6072437392039028,0.0006601399133106737,15.064823106568602,0.0249197986489028,0.5925772461554085,5.0624097332620235e-09,12.0,1003.7421264648438,41.96031583252932,850.4768933265673,594.6723271980836,0.0
2457918.8202344025,0.7300287530584456,0.0005836563174927568,0.6051225841285505,0.0008715252402953891,0.6051225841285505,0.0008715252402953891,15.011302349447826,0.0287610164827668,0.5555656399220357,4.926362157518502e-09,12.0,10683.1318359375,86.61657611574965,850.4768933265673,594.6723271980836,4.0
2457961.56121768,0.7314385115065772,0.00020252724628058903,0.6067050490953144,0.0006089786862564658,0.6067050490953144,0.0006089786862564658,15.051230935585844,0.0240764790382636,0.6858027347770966,4.416901797403897e-09,12.0,670.0009155273438,25.972731602284668,850.4768933265673,594.6723271980836,0.0
2457918.8374368995,0.7294138503181528,0.0005920029889722671,0.6044323509572085,0.0008815198336601757,0.6044323509572085,0.0008815198336601757,14.993886460176288,0.0289546949133993,0.5885284073923169,4.6547467682358655e-09,12.0,10872.1201171875,94.69958148818688,850.4768933265673,594.6723271980836,4.0
2457961.599624541,0.7322124870071304,0.00021814403945259042,0.6075738426935241,0.0006110714688779071,0.6075738426935241,0.0006110714688779071,15.07315224237674,0.024109618080272,0.5436705679143515,4.6451429951491396e-09,12.0,634.75048828125,21.5816593956489,850.4768933265673,594.6723271980836,0.0
2457918.8791044634,-401.2679754808633,-401.2679754808633,-401.2679754808633,-401.2679754808633,-401.2679754808633,-401.2679754808633,0.0,0.0,-9999.99,-9999.99,12.0,-9999.99,-9999.99,-9999.99,-9999.99,5.0
2457961.644529401,0.7313304195901941,0.0002645212529758165,0.6065837150674223,0.0006388739533718324,0.6065837150674223,0.0006388739533718324,15.048169448421254,0.024564832159074,0.4312422231777321,2.6221466769723736e-09,12.0,613.7062377929688,23.691641273330752,850.4768933265673,594.6723271980836,0.0
2457919.657867042,0.7350620330138637,0.0006451561198847715,0.6107724805401799,0.0009051274497187623,0.6107724805401799,0.0009051274497187623,15.153859929097733,0.0294112067652141,0.2187754467917732,4.551305470678139e-09,12.0,3936.74755859375,31.416966949032776,850.4768933265673,594.6723271980836,4.0
2457919.6739402525,0.7320329567628372,0.0007501314768218008,0.6073723185796271,0.0010118115092157486,0.6073723185796271,0.0010118115092157486,15.068067407571784,0.0315488077518627,0.1961861114542629,4.273361052339755e-09,12.0,4802.50634765625,36.08138296343618,850.4768933265673,594.6723271980836,4.0
2457919.722388083,0.7368802078369222,0.0017463902681749488,0.6128133961060737,0.002031703442085867,0.6128133961060737,0.002031703442085867,15.205356091530868,0.0545100690912216,0.1271585561787446,4.844861151139059e-09,12.0,6960.09033203125,50.65759477342386,850.4768933265673,594.6723271980836,4.0
2457919.754151633,0.7402261954984313,0.001564770233714871,0.6165692936221187,0.0018319157998711894,0.6165692936221187,0.0018319157998711894,15.300124494398991,0.0497976502419774,0.1331977131828755,4.599191980716821e-09,12.0,7815.8798828125,43.474940577813385,850.4768933265673,594.6723271980836,4.0
2457920.8393583377,0.0,0.0,0.0,0.0,0.0,0.0,0.0,0.0,0.0,0.0,12.0,0.0,0.0,0.0,0.0,5.0
2457920.878733733,0.7397715368221534,0.004100829664858354,0.6160589356753383,0.0046327022127561155,0.6160589356753383,0.0046327022127561155,15.287247197481063,0.1183511121263091,0.0480036916595873,5.1114629345982524e-09,12.0,7323.77294921875,41.61754821604282,850.4768933265673,594.6723271980836,6.0
2457923.5475267908,0.7315714379474246,0.00017321081617149175,0.6068542600726107,0.0005966341502901537,0.6068542600726107,0.0005966341502901537,15.054995810944757,0.0238787943365598,1.662184086902731,3.437366832483168e-09,12.0,2121.656005859375,50.15505826396705,850.4768933265673,594.6723271980836,0.0
2457923.7423015493,0.7319067108132206,0.0001647621330184505,0.6072306065063786,0.0005915074222594642,0.6072306065063786,0.0005915074222594642,15.064491743754676,0.0237971922850489,1.653830638188594,5.057540882704163e-09,12.0,1807.8851318359373,42.97097598442341,850.4768933265673,594.6723271980836,0.0
2457923.8251690078,0.7319523495609757,0.00016421142673551267,0.607281836360362,0.0005910308241134603,0.607281836360362,0.0005910308241134603,15.065784369930029,0.023789616604462,1.6668761138294264,3.7304196250581875e-09,12.0,1809.306884765625,42.780544980611786,850.4768933265673,594.6723271980836,0.0
2457923.834044492,0.7317554041983404,0.0001606398071823641,0.6070607636388968,0.0005910241246336408,0.6070607636388968,0.0005910241246336408,15.060206286757772,0.0237896641304431,1.6582454829841309,4.900486094789436e-09,12.0,1837.482421875,40.49825390548512,850.4768933265673,594.6723271980836,0.0
2457923.876467616,0.7317896912155392,0.00017641170180470112,0.6070992510858808,0.0005964505689664352,0.6070992510858808,0.0005964505689664352,15.061177397887818,0.0238757043724468,1.5887950584218364,4.481693815418481e-09,12.0,2057.81298828125,49.19322079957208,850.4768933265673,594.6723271980836,0.0
2457924.6777271274,0.7316211915556751,0.00013549801094814756,0.6069101088899247,0.0005838916097658145,0.6069101088899247,0.0005838916097658145,15.056404982306946,0.0236773716813487,0.9999928028127868,2.7438658808593888e-09,12.0,1436.125,0.0417241331403386,850.4768933265673,594.6723271980836,0.0
2457924.785151554,0.7317358187198443,0.0001785674010642701,0.6070387787849536,0.0005975931128323578,0.6070387787849536,0.0005975931128323578,15.059651567283508,0.0238939282192039,1.2364494612682726,2.804302256024766e-09,12.0,1671.23291015625,38.64734438823385,850.4768933265673,594.6723271980836,0.0
2457924.879134137,0.7316959525215425,0.0002046764974686957,0.6069940286632187,0.0006082946926587668,0.6069940286632187,0.0006082946926587668,15.058522437016547,0.0240652690465878,1.401796662849121,2.2285361405838998e-09,12.0,2248.580078125,57.9294508531209,850.4768933265673,594.6723271980836,0.0
2457925.827111456,0.7314196744005903,0.0003332075934393046,0.6066839042954099,0.0006776519537310978,0.6066839042954099,0.0006776519537310978,15.050697412264892,0.025217651996237,0.2896706617852271,4.442423591076452e-09,12.0,1370.8792724609375,20.301338455542307,850.4768933265673,594.6723271980836,4.0
2457957.623866266,0.7330215441151197,0.0003056469456157612,0.6084820156725197,0.0006522856672837419,0.6084820156725197,0.0006522856672837419,15.096067165475612,0.0247869567213782,0.5092180218490311,4.974953666263314e-09,12.0,593.8106689453125,33.714084515211205,850.4768933265673,594.6723271980836,0.0
2457957.661142568,0.7318643661566867,0.00019548518995891225,0.6071830742957487,0.0006034391781858986,0.6071830742957487,0.0006034391781858986,15.06329241611942,0.0239871870546869,0.5776929569877509,5.044096181020093e-09,12.0,552.6755981445312,18.63148055070761,850.4768933265673,594.6723271980836,0.0
2458667.064288003,0.8190699500833606,0.001107643952785954,0.8030219445239613,0.002043235161010168,0.8030219445239613,0.002043235161010168,19.806004400286948,0.0462431656198812,0.9973151281118016,2.274281093372881e-08,12.0,534.8974609375,25.815939990330712,849.893554313582,601.7593982497738,0.0
2458667.076156004,0.8207033441471431,0.0011270356087212483,0.8048276983604139,0.0020794055093399212,0.8048276983604139,0.0020794055093399212,19.84682633411822,0.0470620701350475,1.0011364786110502,3.4663647374417304e-08,12.0,523.3265991210938,25.50418616658671,849.893554313582,601.7593982497738,0.0
2458667.088008404,0.8180978347622672,0.0003418184256804522,0.8019472491950995,0.0016618882120737971,0.8019472491950995,0.0016618882120737971,19.78170920527312,0.0376327249336597,0.999993686409675,2.440615009728682e-08,12.0,518.91259765625,0.1470711110346998,849.893554313582,601.7593982497738,0.0
2458667.0998631534,0.8180777040349715,0.000981753485470176,0.8019249942237793,0.0019483072339178634,0.8019249942237793,0.0019483072339178634,19.781206096295406,0.0440983907946421,0.9965493487891371,3.474782119844025e-08,12.0,524.5584716796875,23.30796796597789,849.893554313582,601.7593982497738,0.0
2458667.1117123645,0.8187309234845366,0.0011318763703077532,0.8026471430017444,0.0020546118476220806,0.8026471430017444,0.0020546118476220806,19.797531416521977,0.046499625947623,0.9921560066511124,3.290114672989797e-08,12.0,534.1363525390625,26.718624526253105,849.893554313582,601.7593982497738,0.0
2458667.060334397,0.0,0.0,0.0,0.0,0.0,0.0,0.0,0.0,0.0,0.0,0.0,0.0,0.0,0.0,0.0,0.0
2458667.072207451,0.0,0.0,0.0,0.0,0.0,0.0,0.0,0.0,0.0,0.0,0.0,0.0,0.0,0.0,0.0,0.0
2458667.0840552254,0.0,0.0,0.0,0.0,0.0,0.0,0.0,0.0,0.0,0.0,0.0,0.0,0.0,0.0,0.0,0.0
2458667.095901708,0.0,0.0,0.0,0.0,0.0,0.0,0.0,0.0,0.0,0.0,0.0,0.0,0.0,0.0,0.0,0.0
2458667.1077680383,0.0,0.0,0.0,0.0,0.0,0.0,0.0,0.0,0.0,0.0,0.0,0.0,0.0,0.0,0.0,0.0
2457961.102907989,0.7716360388896095,0.0016161440803156178,0.6989678074988072,0.0019136562756710358,0.6989678074988072,0.0019136562756710358,14.99583673036548,0.0861704224953524,0.1628053396775018,5.1425592760906185e-09,12.0,645.9915771484375,19.921816780378663,841.3650610807916,601.4327635151085,4.0
2458667.056375964,0.7741514495414914,0.0007425072601198631,0.7016488276114586,0.0011688546009190643,0.7016488276114586,0.0011688546009190643,15.063214437068066,0.0773017375837808,0.981093534858236,3.935075577779963e-09,12.0,2302.160888671875,56.399359102920926,841.3650610807916,601.4327635151085,0.0
2457961.092487512,0.7708704198494339,0.001559838610613173,0.6981517816766204,0.0018562226982789722,0.6981517816766204,0.0018562226982789722,14.97532888402386,0.0853728386600665,0.1645093335011056,5.232787736302661e-09,12.0,620.2557373046875,19.763982136596816,841.3650610807916,601.4327635151085,4.0
2458667.068244759,0.7747899702833295,0.00082469801638836,0.7023293872449052,0.0012346009869599638,0.7023293872449052,0.0012346009869599638,15.080317832585166,0.0779450325784417,0.9758134809862394,5.236538579448683e-09,12.0,2346.12646484375,61.45574071620451,841.3650610807916,601.4327635151085,0.0
2457961.154997666,0.7637857894090339,0.001450145521999074,0.690600713747729,0.0017187343940697755,0.690600713747729,0.0017187343940697755,14.78556020686873,0.0835317056585841,0.1528293788313585,5.3825466131533335e-09,12.0,628.0337524414062,20.19746544140756,841.3650610807916,601.4327635151085,4.0
2458667.080103366,-401.2679754808633,-401.2679754808633,-401.2679754808633,-401.2679754808633,-401.2679754808633,-401.2679754808633,0.0,0.0,-9999.99,-9999.99,12.0,-9999.99,-9999.99,-9999.99,-9999.99,5.0
2457961.859800487,0.8488107001557549,0.07970591140529452,0.7812234896423218,0.08497024465103596,0.7812234896423218,0.08497024465103596,17.063034659964732,2.136619825234777,0.0158012203038937,5.3782300918103e-09,12.0,704.2391357421875,15.506321526026689,841.3650610807916,601.4327635151085,4.0
2458667.0919504,-401.2679754808633,-401.2679754808633,-401.2679754808633,-401.2679754808633,-401.2679754808633,-401.2679754808633,0.0,0.0,-9999.99,-9999.99,12.0,-9999.99,-9999.99,-9999.99,-9999.99,5.0
2457961.932771697,-401.2679754808633,-401.2679754808633,-401.2679754808633,-401.2679754808633,-401.2679754808633,-401.2679754808633,0.0,0.0,-9999.99,-9999.99,12.0,-9999.99,-9999.99,-9999.99,-9999.99,5.0
2458667.10381651,0.7753077467549763,0.0007951422183842391,0.7028812530538956,0.0012163098307097229,0.7028812530538956,0.0012163098307097229,15.094186976065991,0.0777635508624427,0.9923574747784668,5.164048979666938e-09,12.0,2404.887451171875,59.66981442794787,841.3650610807916,601.4327635151085,0.0
2457918.0544062774,0.7735221129727645,0.002810545826759606,0.70097805681818,0.003114809841436538,0.70097805681818,0.003114809841436538,15.046357048508796,0.1060201794106134,0.3775177187433697,5.237519194338407e-09,12.0,7911.2451171875,84.33819473342894,841.3650610807916,601.4327635151085,4.0
2457918.1950666616,0.7832508080864371,0.00345483569146015,0.7113472691971202,0.0038047187552674743,0.7113472691971202,0.0038047187552674743,15.30694955473738,0.119400788549935,0.4291520764008933,5.260673756347253e-09,12.0,7619.43115234375,94.45778684072566,841.3650610807916,601.4327635151085,4.0
2457918.2437122758,0.7890009998627155,0.0032183148961677246,0.717476041766431,0.0035785065524806983,0.717476041766431,0.0035785065524806983,15.460974001877194,0.1149024138955505,0.4409652952714776,4.798842298399344e-09,12.0,7579.79052734375,79.12501219988661,841.3650610807916,601.4327635151085,4.0
2457918.281545358,0.7840171663758986,0.002904453596608381,0.7121640829392442,0.0032427879827407725,0.7121640829392442,0.0032427879827407725,15.327477202585955,0.1084225281779542,0.3941064896719186,5.351040424397267e-09,12.0,7247.826171875,71.2833542777678,841.3650610807916,601.4327635151085,4.0
2457919.188215997,0.7766341266402355,0.0019598388305026387,0.704294959061197,0.002269217763679597,0.704294959061197,0.002269217763679597,15.129715343896637,0.0914614619132177,0.3853103859368479,5.373605424674234e-09,12.0,2558.092529296875,55.43908097284679,841.3650610807916,601.4327635151085,4.0
2457919.2159212544,0.7750776146364213,0.001572954380554615,0.7026359695102518,0.0018888117592445908,0.7026359695102518,0.0018888117592445908,15.088022664733668,0.0858255347661969,0.3808005587815775,5.106469741406565e-09,12.0,3689.3974609375,45.15234306706344,841.3650610807916,601.4327635151085,4.0
2457919.257568409,0.7764986352311786,0.001704107393951473,0.7041505471766005,0.002020487122060443,0.7041505471766005,0.002020487122060443,15.12608607548541,0.087700020555005,0.4202104475329641,4.5231344636593576e-09,12.0,4141.1650390625,52.760296614695946,841.3650610807916,601.4327635151085,4.0
2457920.058972657,0.7773293805927467,0.002625021477109636,0.7050359871031548,0.002937193379642686,0.7050359871031548,0.002937193379642686,15.148338393322426,0.1027705215765458,0.190783678895287,5.326569757358961e-09,12.0,3047.8466796875,35.46136576980609,841.3650610807916,601.4327635151085,4.0
2457920.129116964,-401.2679754808633,-401.2679754808633,-401.2679754808633,-401.2679754808633,-401.2679754808633,-401.2679754808633,0.0,0.0,-9999.99,-9999.99,12.0,-9999.99,-9999.99,-9999.99,-9999.99,5.0
2457920.1917839805,0.760771067197199,0.00788860550911648,0.6873875084295673,0.008438814811570524,0.6873875084295673,0.008438814811570524,14.704807957200533,0.223806015132242,0.0502977415739137,3.405488610409274e-09,12.0,5332.6376953125,41.5136242575852,841.3650610807916,601.4327635151085,4.0
2457920.209164163,0.807047873838385,0.0671511292089211,0.736711084785375,0.07158256833030073,0.736711084785375,0.07158256833030073,15.944376972569708,1.8003899607908456,0.0210385553139012,3.335594550138529e-09,12.0,7110.609375,51.47836543681312,841.3650610807916,601.4327635151085,6.0
2457921.077040384,0.7713812628571413,0.001223030821214348,0.6986962575366731,0.0015458631992715296,0.6986962575366731,0.0015458631992715296,14.989012307968409,0.0813738057745564,0.3590599421476938,5.2239562843080615e-09,12.0,1611.1114501953125,35.6166017334582,841.3650610807916,601.4327635151085,4.0
2457921.090470438,0.7759638595609919,0.0057178303930380545,0.703580562976822,0.006157404736877533,0.703580562976822,0.006157404736877533,15.111761592033549,0.1704657663242281,0.0679593801008913,5.072888092142035e-09,12.0,2221.460693359375,27.8333969208998,841.3650610807916,601.4327635151085,4.0
2457925.043812232,0.0,0.0,0.0,0.0,0.0,0.0,0.0,0.0,0.0,0.0,12.0,0.0,0.0,0.0,0.0,5.0
2457927.931231646,0.7841123232742938,0.0037152030430209876,0.7122655047720039,0.004076087670440681,0.7122655047720039,0.004076087670440681,15.330026072125824,0.1249295159151862,0.1075417515144497,5.381403103089974e-09,12.0,1009.25830078125,23.19457147260619,841.3650610807916,601.4327635151085,4.0
2457927.966925558,0.0,0.0,0.0,0.0,0.0,0.0,0.0,0.0,0.0,0.0,12.0,0.0,0.0,0.0,0.0,5.0
2457928.028538984,0.0,0.0,0.0,0.0,0.0,0.0,0.0,0.0,0.0,0.0,12.0,0.0,0.0,0.0,0.0,5.0
2457957.8564394726,0.7728033715054354,0.0023524433476150726,0.7002119948917647,0.0026461786942203447,0.7002119948917647,0.0026461786942203447,15.027104863286286,0.0976476568422917,0.1312384089270403,5.2363158896839265e-09,12.0,736.7362670898438,23.22780939327625,841.3650610807916,601.4327635151085,4.0
2457958.09252814,0.7716090191843621,0.0019008135954309794,0.6989390088717705,0.0021906497308346044,0.6989390088717705,0.0021906497308346044,14.995112981432474,0.0902406086743239,0.1452395828400571,5.3420208238404834e-09,12.0,439.57330322265625,21.179467480607247,841.3650610807916,601.4327635151085,4.0
2457958.8951746845,0.7620926041653796,0.0017732218052984136,0.6887960526720969,0.002027610143443415,0.6887960526720969,0.002027610143443415,14.740206602814167,0.0877968611460604,0.1438650412664722,4.776696750017731e-09,12.0,572.961181640625,24.79128484733064,841.3650610807916,601.4327635151085,4.0
2457958.9154650806,0.76823021016694,0.0020568582009380383,0.6953377460220094,0.002332957681914966,0.6953377460220094,0.002332957681914966,14.904608314606165,0.0924643391603386,0.1452007116211086,5.248830661028307e-09,12.0,554.0399169921875,25.2388852370286,841.3650610807916,601.4327635151085,4.0
2457959.0302013746,0.7715441098422557,0.001831030930077221,0.6988698260321593,0.002121784520148936,0.6988698260321593,0.002121784520148936,14.99337432193708,0.0891952640917261,0.1485575481953593,5.389805373274762e-09,12.0,497.1363220214844,20.664832017148733,841.3650610807916,601.4327635151085,4.0
2457959.075158868,0.7639553487186072,0.0016200498975330166,0.6907814364933031,0.0018839503728012292,0.6907814364933031,0.0018839503728012292,14.790102016938832,0.0857524903642256,0.147308465220235,5.387377575488165e-09,12.0,498.2604064941406,21.841205426282823,841.3650610807916,601.4327635151085,4.0
2457960.0429078573,0.7686186438748509,0.001267096452639645,0.6957517534058779,0.0015706715395445432,0.6957517534058779,0.0015706715395445432,14.91501288708638,0.0816718242917895,0.162800014519052,5.282142151008262e-09,12.0,538.4373168945312,16.10352586409229,841.3650610807916,601.4327635151085,4.0
2457960.0578549034,0.7724780279741044,0.0014187757413871844,0.6998652314118666,0.001731038636611123,0.6998652314118666,0.001731038636611123,15.018390222193704,0.083696163733028,0.1620689156390934,5.304944347283749e-09,12.0,533.3461303710938,16.481510047663445,841.3650610807916,601.4327635151085,4.0
2457960.0994971413,0.7731853100904335,0.0017724911684988739,0.7006190795271948,0.002071585867857985,0.7006190795271948,0.002071585867857985,15.03733545761854,0.0884477486346562,0.1590855516269957,5.3777641811517885e-09,12.0,558.8052368164062,20.75541006756284,841.3650610807916,601.4327635151085,4.0
2457960.15809082,0.0,0.0,0.0,0.0,0.0,0.0,0.0,0.0,0.0,0.0,12.0,0.0,0.0,0.0,0.0,5.0
2457960.8534526937,0.7813241087173052,0.003380283745515444,0.7092937199065454,0.0037226048851808414,0.7092937199065454,0.0037226048851808414,15.255341049024672,0.117753569302865,0.1630803165070622,5.293150612606461e-09,12.0,1417.423828125,35.6351362260704,841.3650610807916,601.4327635151085,4.0
2457960.9082133346,0.7711015161382574,0.0014799733173573573,0.6983980928695185,0.0017815124924528828,0.6983980928695185,0.0017815124924528828,14.98151902158916,0.0843616788598283,0.1639910867719984,5.136761137718151e-09,12.0,612.7752685546875,18.37672889074036,841.3650610807916,601.4327635151085,4.0
2457961.016264793,0.7818494033253574,0.002033965897383776,0.70985359883057,0.0023638233475622153,0.70985359883057,0.0023638233475622153,15.26941157305911,0.0929660138246728,0.1717815964079914,4.018153176243036e-09,12.0,631.698974609375,21.070113405189417,841.3650610807916,601.4327635151085,4.0
2457936.9625569247,0.8137205466813368,0.0017444502001479334,0.8001915555255057,0.0023481039699933598,0.8001915555255057,0.0023481039699933598,19.331313428172503,0.0622823943076864,0.4304282537564655,6.308133758354139e-09,12.0,1597.42568359375,23.76900782003465,831.5838562520881,569.8068520492061,4.0
2458580.2239173013,0.0,0.0,0.0,0.0,0.0,0.0,0.0,0.0,0.0,0.0,12.0,0.0,0.0,0.0,0.0,5.0
2457934.122537027,0.8121509551381497,0.00148929123289133,0.7984001223609372,0.0020930820434104957,0.7984001223609372,0.0020930820434104957,19.292913803381623,0.0579536918977623,0.4079030459262468,1.2889966573164133e-08,12.0,493.5815734863281,18.760615428536507,831.5838562520881,569.8068520492061,4.0
2458585.170564867,0.8152326497295832,0.0012043631074609461,0.8019173749341473,0.001869719865151743,0.8019173749341473,0.001869719865151743,19.36830661276872,0.054333155010347,0.925133212401539,9.310233022761671e-09,12.0,605.0444702148437,32.02694296856375,831.5838562520881,569.8068520492061,0.0
2457937.0563059305,0.8183601230601357,0.0023910017580411652,0.8054868764837524,0.003029023718238581,0.8054868764837524,0.003029023718238581,19.444819386399505,0.074576305915892,0.4478463342023264,1.1251141413675314e-08,12.0,1234.284130859375,32.32612598326527,831.5838562520881,569.8068520492061,4.0
2458586.1679184963,0.8183697248292979,0.0014418028594957565,0.8054978353397619,0.0021062290385674243,0.8054978353397619,0.0021062290385674243,19.445054291037444,0.0581749005210162,0.6548098772863927,1.3018773026848105e-08,12.0,582.3724609374999,25.527357843507577,831.5838562520881,569.8068520492061,4.0
2457938.938438536,0.0,0.0,0.0,0.0,0.0,0.0,0.0,0.0,0.0,0.0,12.0,0.0,0.0,0.0,0.0,5.0
2458587.165161679,0.8166955164250991,0.0010819635311436558,0.8035869990634714,0.0017853566236906942,0.8035869990634714,0.0017853566236906942,19.40409524355657,0.0530140649442095,0.8608136754009245,1.2571383277617284e-08,12.0,585.6156616210938,23.34805661977328,831.5838562520881,569.8068520492061,0.0
2457939.078512546,0.0,0.0,0.0,0.0,0.0,0.0,0.0,0.0,0.0,0.0,12.0,0.0,0.0,0.0,0.0,5.0
2458591.154711792,0.8165292258671768,0.0015569833755470813,0.8033972054692662,0.0021940816644930015,0.8033972054692662,0.0021940816644930015,19.40002699085849,0.0596473023257942,0.974582896777314,1.4055464822396445e-08,12.0,5384.203417968751,46.34976039871421,831.5838562520881,569.8068520492061,0.0
2457939.923857785,0.7706316253053261,0.0016550652720958552,0.7510125680918066,0.0020019019644611715,0.7510125680918066,0.0020019019644611715,18.27715483470663,0.0564482614099413,0.4591849090281936,9.792158289459244e-09,12.0,8367.41640625,73.5091163279409,831.5838562520881,569.8068520492061,4.0
2458603.191183506,0.8024934908855833,0.002295989435015385,0.7873776994746966,0.002834108539052006,0.7873776994746966,0.002834108539052006,19.056646600401685,0.0709636148220482,0.7754361086847886,1.2992976710916326e-08,12.0,752.7485473632812,82.51213969138345,831.5838562520881,569.8068520492061,2.0
2457941.974876046,0.0,0.0,0.0,0.0,0.0,0.0,0.0,0.0,0.0,0.0,12.0,0.0,0.0,0.0,0.0,5.0
2458610.1682757377,0.8190480741649394,0.0011718228405744166,0.8062720606484453,0.0018825673728706028,0.8062720606484453,0.0018825673728706028,19.46164992069589,0.0545385178353019,0.993037952088604,1.0710044078440224e-08,12.0,565.5408813476563,28.810287657142297,831.5838562520881,569.8068520492061,0.0
2457942.215405522,0.0,0.0,0.0,0.0,0.0,0.0,0.0,0.0,0.0,0.0,12.0,0.0,0.0,0.0,0.0,5.0
2458611.155641441,0.8163140188459223,0.001009194773815037,0.8031515816974022,0.0017246768447235182,0.8031515816974022,0.0017246768447235182,19.394762010358047,0.0520827223867713,0.9892476897059076,1.2856197374080818e-08,12.0,572.23564453125,24.46541031634201,831.5838562520881,569.8068520492061,0.0
2457942.8828340285,0.0,0.0,0.0,0.0,0.0,0.0,0.0,0.0,0.0,0.0,12.0,0.0,0.0,0.0,0.0,5.0
2458616.2558833933,0.8152089620130673,0.0011024282399392925,0.8018903392628965,0.0017856773105647222,0.8018903392628965,0.0017856773105647222,19.36772709930848,0.0530182861114788,0.9520711155692512,1.017422954353174e-08,12.0,583.9696899414063,28.72437431312688,831.5838562520881,569.8068520492061,0.0
2457943.1793097504,0.0,0.0,0.0,0.0,0.0,0.0,0.0,0.0,0.0,0.0,12.0,0.0,0.0,0.0,0.0,5.0
2458618.082963518,0.8168496036739978,0.00165767284169687,0.8037628645675338,0.002290866143846693,0.8037628645675338,0.002290866143846693,19.40786494566057,0.0612964894084606,0.9434287578217552,1.3855194086576926e-08,12.0,2662.3666015625,48.00393520797218,831.5838562520881,569.8068520492061,0.0
2457944.9861494647,0.0,0.0,0.0,0.0,0.0,0.0,0.0,0.0,0.0,0.0,12.0,0.0,0.0,0.0,0.0,5.0
2458619.0802510246,0.8200326860078004,0.0017184616401066577,0.8073958347393436,0.0023752601984970865,0.8073958347393436,0.0023752601984970865,19.485738178239465,0.0627564668720459,0.9507124756248742,7.247692298228291e-09,12.0,3976.489013671875,46.191068869894266,831.5838562520881,569.8068520492061,0.0
2457946.1463383017,0.0,0.0,0.0,0.0,0.0,0.0,0.0,0.0,0.0,0.0,12.0,0.0,0.0,0.0,0.0,5.0
2458630.1831860854,0.8183824043988679,0.0011541945630656083,0.805512307003768,0.001861210773673195,0.805512307003768,0.001861210773673195,19.445364493214623,0.0542003295303643,0.99186742907691,1.4164916195489888e-08,12.0,1075.0643798828123,28.82048988391677,831.5838562520881,569.8068520492061,0.0
2457947.989530697,0.8041409239634149,0.0018748001191513748,0.7892579760758569,0.002407491712227469,0.7892579760758569,0.002407491712227469,19.096950596897717,0.0633123601226969,0.3435288703943853,8.53175996717965e-09,12.0,1484.7953125,26.586539894611946,831.5838562520881,569.8068520492061,4.0
2458631.087592088,0.8181101572677936,0.0010751087512517676,0.8052015812345819,0.0017954534812393446,0.8052015812345819,0.0017954534812393446,19.43870404213803,0.0531712410998039,0.9675678295592142,1.3084040176133609e-08,12.0,553.5442260742187,24.87702806482691,831.5838562520881,569.8068520492061,0.0
2457948.1289136466,0.0,0.0,0.0,0.0,0.0,0.0,0.0,0.0,0.0,0.0,12.0,0.0,0.0,0.0,0.0,5.0
2458639.0266503035,0.8142628138052121,0.0013141513336993361,0.8008104651481917,0.0019543327389672095,0.8008104651481917,0.0019543327389672095,19.344579844001267,0.0556840074319241,0.8936180114058964,1.3040403344172733e-08,12.0,572.9298828125,36.06989258621301,831.5838562520881,569.8068520492061,0.0
2457948.172270147,0.0,0.0,0.0,0.0,0.0,0.0,0.0,0.0,0.0,0.0,12.0,0.0,0.0,0.0,0.0,5.0
2458641.173491283,0.8153973065471882,0.0010872897537302386,0.8021053038798083,0.0017755646301566897,0.8021053038798083,0.0017755646301566897,19.372334896459936,0.052862097854439,0.9613192683993912,8.865648853464414e-09,12.0,567.706396484375,28.188304404319656,831.5838562520881,569.8068520492061,0.0
2457956.0104826195,0.817795867174595,0.0015404885159934132,0.8048428702701306,0.0021901816558441882,0.8048428702701306,0.0021901816558441882,19.431015021572964,0.0595819913344208,0.478614944904388,7.779044778381751e-09,12.0,478.5422729492188,19.79554650589666,831.5838562520881,569.8068520492061,4.0
2458642.0284965187,0.0,0.0,0.0,0.0,0.0,0.0,0.0,0.0,0.0,0.0,12.0,0.0,0.0,0.0,0.0,5.0
2457957.1453660387,0.815909693587942,0.0017185181396628148,0.802690110253088,0.0023408026118669134,0.802690110253088,0.0023408026118669134,19.38487030428502,0.0621568876191138,0.4431563101589242,1.4221657357199925e-08,12.0,476.5154724121094,22.49626508934004,831.5838562520881,569.8068520492061,4.0
2458647.005110478,0.0,0.0,0.0,0.0,0.0,0.0,0.0,0.0,0.0,0.0,12.0,0.0,0.0,0.0,0.0,5.0
2457957.8710208223,0.0,0.0,0.0,0.0,0.0,0.0,0.0,0.0,0.0,0.0,12.0,0.0,0.0,0.0,0.0,5.0
2458667.9473700933,0.8181938480976199,0.0021531472995710496,0.8052971006891635,0.002785754675977765,0.8052971006891635,0.002785754675977765,19.44075151523873,0.0700833560799613,0.2080139280562881,1.3949798318243258e-08,12.0,135.53460388183595,10.057297173368609,831.5838562520881,569.8068520492061,0.0
2457958.9230573303,0.0,0.0,0.0,0.0,0.0,0.0,0.0,0.0,0.0,0.0,12.0,0.0,0.0,0.0,0.0,5.0
2457845.1135790427,0.8175958657726352,0.0019744173270544348,0.8046146012367085,0.0026030476420300865,0.8046146012367085,0.0026030476420300865,19.426122042360483,0.0667777411385277,0.3006273024509705,5.645072636879054e-09,12.0,476.1008911132813,15.892174345121989,831.5838562520881,569.8068520492061,4.0
2457959.044572547,0.0,0.0,0.0,0.0,0.0,0.0,0.0,0.0,0.0,0.0,12.0,0.0,0.0,0.0,0.0,5.0
2457845.1271590097,0.8241873239472318,0.0189513485497595,0.8121376774332438,0.02167532649439702,0.8121376774332438,0.02167532649439702,19.58738025111413,0.4660603929925337,0.0271379306496238,1.4244180820378484e-08,12.0,274.240771484375,11.12355359602372,831.5838562520881,569.8068520492061,4.0
2457960.037595801,0.0,0.0,0.0,0.0,0.0,0.0,0.0,0.0,0.0,0.0,12.0,0.0,0.0,0.0,0.0,5.0
2457852.129122042,0.0,0.0,0.0,0.0,0.0,0.0,0.0,0.0,0.0,0.0,12.0,0.0,0.0,0.0,0.0,5.0
2457960.1612487924,0.0,0.0,0.0,0.0,0.0,0.0,0.0,0.0,0.0,0.0,12.0,0.0,0.0,0.0,0.0,5.0
2457871.26996304,0.8116131769973255,0.0017955554628210258,0.7977863361814481,0.002381598384090686,0.7977863361814481,0.002381598384090686,19.27975720928681,0.0628632122061239,0.414184511180418,7.592265946448979e-09,12.0,548.8388671875,25.194960310790663,831.5838562520881,569.8068520492061,4.0
2457960.967109791,0.0,0.0,0.0,0.0,0.0,0.0,0.0,0.0,0.0,0.0,12.0,0.0,0.0,0.0,0.0,5.0
2457888.996774582,0.0,0.0,0.0,0.0,0.0,0.0,0.0,0.0,0.0,0.0,12.0,0.0,0.0,0.0,0.0,5.0
2457961.065827573,0.8134250363579723,0.0014172438475487839,0.7998542786103453,0.002038379601712015,0.7998542786103453,0.002038379601712015,19.324083849503904,0.0570513110044779,0.444816853028484,8.224914381788651e-09,12.0,480.2364990234376,18.523796337685635,831.5838562520881,569.8068520492061,4.0
2457890.190124734,0.0,0.0,0.0,0.0,0.0,0.0,0.0,0.0,0.0,0.0,12.0,0.0,0.0,0.0,0.0,5.0
2457967.0059994785,0.0,0.0,0.0,0.0,0.0,0.0,0.0,0.0,0.0,0.0,12.0,0.0,0.0,0.0,0.0,5.0
2457895.1470477087,0.8156909821064785,0.0014026863743597743,0.802440486710539,0.0020461804622412434,0.802440486710539,0.0020461804622412434,19.379519588130808,0.0571804786386679,0.4271310831072591,1.0735075746070522e-08,12.0,493.1066223144531,15.871677262218858,831.5838562520881,569.8068520492061,4.0
2457967.88324862,0.0,0.0,0.0,0.0,0.0,0.0,0.0,0.0,0.0,0.0,12.0,0.0,0.0,0.0,0.0,5.0
2457896.0265440303,0.8173567563038227,0.00182045772019378,0.804341696713075,0.0024505912881862815,0.804341696713075,0.0024505912881862815,19.420272295064,0.0640722573513077,0.415295602402175,8.644255703379268e-09,12.0,498.88764648437495,21.53725106748537,831.5838562520881,569.8068520492061,4.0
2457968.120086344,0.0,0.0,0.0,0.0,0.0,0.0,0.0,0.0,0.0,0.0,12.0,0.0,0.0,0.0,0.0,5.0
2457900.107550699,0.8132669254275741,0.0015417822694196674,0.7996738207290414,0.0021515532859671723,0.7996738207290414,0.0021515532859671723,19.320215709140268,0.0589297740764489,0.4504175772407716,7.296219351495685e-09,12.0,492.76906127929686,21.243790056013392,831.5838562520881,569.8068520492061,4.0
2457971.915781674,0.0,0.0,0.0,0.0,0.0,0.0,0.0,0.0,0.0,0.0,12.0,0.0,0.0,0.0,0.0,5.0
2457900.981291658,0.8157658666647538,0.0014158051891234524,0.8025259552401001,0.002058612923475736,0.8025259552401001,0.002058612923475736,19.38135161822353,0.0573851794484859,0.4158735214781777,1.0486616346642412e-08,12.0,463.7436950683594,15.46929612458529,831.5838562520881,569.8068520492061,4.0
2457973.943420429,0.773070231412477,0.0015112513369257613,0.753795839876514,0.0018576647843638772,0.753795839876514,0.0018576647843638772,18.336814661451857,0.0541349518675392,0.4727298743808066,7.23949049597186e-09,12.0,8575.18515625,64.86657945132089,831.5838562520881,569.8068520492061,4.0
2457902.1478920267,0.8114908034764061,0.001722515280348086,0.7976466667338195,0.002309300303638627,0.7976466667338195,0.002309300303638627,19.276763374802904,0.0616113086203506,0.4272611726609786,1.1065444757173885e-08,12.0,501.5720947265625,24.845176060271672,831.5838562520881,569.8068520492061,4.0
2457976.0876485566,0.8097422374588562,0.002454915188976213,0.795650963349794,0.0030424007288585753,0.795650963349794,0.0030424007288585753,19.23398518879175,0.0748231978914573,0.436140188030237,7.235053416580285e-09,12.0,3399.088427734375,40.65466384536953,831.5838562520881,569.8068520492061,4.0
2457902.1636012094,0.8169044784148379,0.0018986621332385317,0.8038254951487604,0.002523216959697288,0.8038254951487604,0.002523216959697288,19.409207441081055,0.0653544210434022,0.435925051494581,1.2393036963599842e-08,12.0,496.9152709960938,24.517239917830107,831.5838562520881,569.8068520492061,4.0
2457977.914858011,0.8141276724796821,0.0016549352264248387,0.8006562233306251,0.0022654793564490746,0.8006562233306251,0.0022654793564490746,19.3412736486942,0.0608602562957115,0.4565888486976575,8.385919570078507e-09,12.0,507.3659301757813,23.470369560058973,831.5838562520881,569.8068520492061,4.0
2457903.0525816567,0.8134853527157515,0.0016818666284745363,0.799923119911231,0.002285940751225927,0.799923119911231,0.002285940751225927,19.325559472584025,0.0612105233864824,0.4403312935717469,6.6245241287267695e-09,12.0,495.1512145996094,23.381644752215024,831.5838562520881,569.8068520492061,4.0
2457978.0988751333,0.8109869458798398,0.0019973816048306802,0.7970715953322012,0.0025781209715684977,0.7970715953322012,0.0025781209715684977,19.264436637480596,0.0663294363105447,0.4442678131120928,9.798863705168425e-09,12.0,1935.529760742188,31.598850046734725,831.5838562520881,569.8068520492061,4.0
2457918.053941553,0.7834683832949556,0.001714835850291567,0.7656636370835886,0.0021207335020772353,0.7656636370835886,0.0021207335020772353,18.591202583289707,0.0584074396351322,0.4212851212169377,8.829517717307264e-09,12.0,6171.456835937501,51.07041989826926,831.5838562520881,569.8068520492061,4.0
2457979.9292340865,0.8165084608391768,0.0012943388688175304,0.8033735055710445,0.001958993714011359,0.8033735055710445,0.001958993714011359,19.39951898016778,0.0557602556701555,0.4915843962537401,1.1754250403345316e-08,12.0,492.618408203125,16.103474601505663,831.5838562520881,569.8068520492061,4.0
2457920.158336769,0.8124549878618494,0.004448097686368265,0.7987471262083485,0.005222691037007902,0.7987471262083485,0.005222691037007902,19.30035188022709,0.1178063555525189,0.1969662281064058,1.1805421417376281e-08,12.0,2963.555126953125,31.227162925596243,831.5838562520881,569.8068520492061,4.0
2457980.940957155,0.8147809004561991,0.0014599785402703654,0.8014017766984649,0.002089472952216369,0.8014017766984649,0.002089472952216369,19.357254691220863,0.0578949386949357,0.4799975371364685,1.4146836243408096e-08,12.0,483.3288024902344,20.39233525448165,831.5838562520881,569.8068520492061,4.0
2457927.986949532,0.8162645220050171,0.01838483890689216,0.8030950891132494,0.021022482283492475,0.8030950891132494,0.021022482283492475,19.393551083778235,0.4521108453554521,0.0272212675275713,1.4013336258353757e-08,12.0,298.6546203613281,14.185230206610823,831.5838562520881,569.8068520492061,4.0
2457984.970118601,0.821513024211991,0.0017346108508613253,0.8090853997508748,0.0024031529568721904,0.8090853997508748,0.0024031529568721904,19.521954244674863,0.0632431976849593,0.459042451465658,1.0382583976187228e-08,12.0,521.75283203125,19.75277818823811,831.5838562520881,569.8068520492061,4.0
2457931.042491137,0.8070303643497333,0.0018447207075137926,0.7925558017793404,0.002396938446996696,0.7925558017793404,0.002396938446996696,19.16763996010932,0.0631289700546265,0.4318813936868389,7.517214446433014e-09,12.0,500.0609130859375,31.105611331361136,831.5838562520881,569.8068520492061,6.0
2457940.090572787,0.0,0.0,0.0,0.0,0.0,0.0,0.0,0.0,0.0,0.0,12.0,0.0,0.0,0.0,0.0,5.0
2457985.9171786644,0.8125876911969975,0.0012619408319556452,0.7988985854568803,0.0018926522768028507,0.7988985854568803,0.0018926522768028507,19.30359843077096,0.054695546201516,0.4875159680585079,7.0387285813984035e-09,12.0,498.1213928222657,17.84397734605332,831.5838562520881,569.8068520492061,4.0
2457940.916385328,0.0,0.0,0.0,0.0,0.0,0.0,0.0,0.0,0.0,0.0,12.0,0.0,0.0,0.0,0.0,5.0
2457987.958689592,0.8127109812579484,0.0014824847761994368,0.7990393009857123,0.002091674321847518,0.7990393009857123,0.002091674321847518,19.3066146881543,0.0579305650166529,0.4671768399673629,1.035965440034235e-08,12.0,499.8369689941407,21.608147507690077,831.5838562520881,569.8068520492061,4.0
2457940.986776967,0.0,0.0,0.0,0.0,0.0,0.0,0.0,0.0,0.0,0.0,12.0,0.0,0.0,0.0,0.0,5.0
2458673.93125104,0.0,0.0,0.0,0.0,0.0,0.0,0.0,0.0,0.0,0.0,12.0,0.0,0.0,0.0,0.0,5.0
2457989.025557646,0.8146849894845527,0.001326899319635191,0.8012923099418433,0.0019695570482843256,0.8012923099418433,0.0019695570482843256,19.354908255716325,0.0559301157159086,0.4523908139695308,8.516026681428141e-09,12.0,488.3657653808594,16.21720680360852,831.5838562520881,569.8068520492061,4.0
2457989.0701884767,0.8164916524801186,0.0018120567727900293,0.8033543215661427,0.0024355648843287095,0.8033543215661427,0.0024355648843287095,19.399107768292957,0.0638080919592148,0.417573951291883,1.2373520844229442e-08,12.0,489.05451660156245,22.116261367557783,831.5838562520881,569.8068520492061,4.0
2457990.962404484,0.8108274720647911,0.0014038545143589673,0.7968895819399923,0.0020028272609230137,0.7968895819399923,0.0020028272609230137,19.26053515451937,0.0564687191858314,0.4518793973067026,8.335875796951807e-09,12.0,511.7742980957031,20.457269922352708,831.5838562520881,569.8068520492061,4.0
2457991.9398426902,0.0,0.0,0.0,0.0,0.0,0.0,0.0,0.0,0.0,0.0,12.0,0.0,0.0,0.0,0.0,5.0
2457991.983090832,0.0,0.0,0.0,0.0,0.0,0.0,0.0,0.0,0.0,0.0,12.0,0.0,0.0,0.0,0.0,5.0
2457996.0179780326,0.0,0.0,0.0,0.0,0.0,0.0,0.0,0.0,0.0,0.0,12.0,0.0,0.0,0.0,0.0,5.0
2457997.000529866,0.8089061318060824,0.00508944007457533,0.7946966848931075,0.0059260653083815186,0.7946966848931075,0.0059260653083815186,19.213530094285545,0.1322164485062178,0.4603694380749072,1.3032811006429744e-08,12.0,14501.445703125002,95.106927370894,831.5838562520881,569.8068520492061,6.0
2457998.0093841194,0.8117680659767753,0.0035551258216030006,0.7979631167303858,0.004235791873298979,0.7979631167303858,0.004235791873298979,19.28354652550792,0.0979254528642994,0.4560517014513102,1.1598927237051294e-08,12.0,9697.465234375,60.52566615263225,831.5838562520881,569.8068520492061,4.0
2457998.878956649,0.7946097333625032,0.0021076226146639317,0.7783796740014087,0.002592642324878041,0.7783796740014087,0.002592642324878041,18.86377264402592,0.0665849111138107,0.4797411768762037,1.2542913789006211e-08,12.0,8197.4634765625,55.60995577382329,831.5838562520881,569.8068520492061,4.0
2458000.024830103,0.0,0.0,0.0,0.0,0.0,0.0,0.0,0.0,0.0,0.0,12.0,0.0,0.0,0.0,0.0,5.0
2458000.941678299,0.8120336260495117,0.0027174115688866234,0.7982662103113559,0.00333266551242718,0.7982662103113559,0.00333266551242718,19.290043379544095,0.0803046427291621,0.4715537637584871,7.967234043145777e-09,12.0,5384.49267578125,46.69294684743272,831.5838562520881,569.8068520492061,4.0
2458001.9976222483,0.8053855513085613,0.0027265675070422745,0.790678515523398,0.0033078515784414433,0.790678515523398,0.0033078515784414433,19.127400062088533,0.0798301119002172,0.446985034883667,1.4125304787426691e-08,12.0,7485.93466796875,52.16358704348778,831.5838562520881,569.8068520492061,4.0
2458003.010373791,0.8155219447048756,0.003438120094999771,0.8022475580415497,0.004124996131918304,0.8022475580415497,0.004124996131918304,19.375384134658628,0.0957285685769072,0.4241460326832303,1.0470926395748132e-08,12.0,8593.8271484375,49.41139680773541,831.5838562520881,569.8068520492061,4.0
2458003.913090908,0.8153748640509904,0.0021217082544855636,0.8020796894247869,0.002734200785116286,0.8020796894247869,0.002734200785116286,19.371785846971797,0.0691431256478756,0.4549543584740213,7.517263116052426e-09,12.0,2849.1941894531246,30.912810721716525,831.5838562520881,569.8068520492061,4.0
2458004.97894146,0.8079206841979408,0.0021071310999962144,0.7935719569122311,0.0026695224996053056,0.7935719569122311,0.0026695224996053056,19.189421389974573,0.0679694122210213,0.4159023932594943,1.075858779130314e-08,12.0,2965.888525390625,34.11492580196577,831.5838562520881,569.8068520492061,4.0
2458007.023153397,0.8128464585270859,0.0019569233963288688,0.7991939262282033,0.002550632306542639,0.7991939262282033,0.002550632306542639,19.309929102229184,0.0658399923340745,0.4208259319240718,6.923866265475417e-09,12.0,1759.43720703125,27.606764637093068,831.5838562520881,569.8068520492061,4.0
2458007.9369797097,0.8126633608792014,0.0029217384486703523,0.7989849500775619,0.0035539540401905764,0.7989849500775619,0.0035539540401905764,19.30544966870435,0.0845521051648755,0.1939808102184219,9.07279976118065e-09,12.0,536.9340942382812,18.30778188944604,831.5838562520881,569.8068520492061,4.0
2458011.9616815336,0.8130401271161414,0.0018914236545908992,0.7994149673868887,0.0024868653291610227,0.7994149673868887,0.0024868653291610227,19.31466715091821,0.0647095182310729,0.4208977500328322,7.826346604168767e-09,12.0,521.9466064453125,26.262697671961,831.5838562520881,569.8068520492061,4.0
2458013.009408121,0.7999980680820639,0.0014192750296150856,0.7845295806827431,0.00192686827614154,0.7845295806827431,0.00192686827614154,18.995596768828857,0.0552373618821125,0.39568195618509,1.4183905478209212e-08,12.0,522.6188720703126,24.628780371529714,831.5838562520881,569.8068520492061,4.0
2458013.8877972914,0.8140930578372398,0.0015798648301772046,0.8006167163526984,0.002194258105745591,0.8006167163526984,0.002194258105745591,19.34042681100077,0.0596492244107902,0.4415118544458635,7.775719527026207e-09,12.0,542.2881103515625,21.155666577138277,831.5838562520881,569.8068520492061,4.0
2458016.9634929723,0.8118625702452347,0.0017284052608508918,0.7980709779643776,0.0023179251892478654,0.7980709779643776,0.0023179251892478654,19.28585854640643,0.061760080638514,0.3769218629774871,9.113972791538876e-09,12.0,488.723974609375,21.205918368389725,831.5838562520881,569.8068520492061,4.0
2458018.9011812177,0.8091484040075777,0.0025178249362619544,0.7949731991610998,0.0031053123313657077,0.7949731991610998,0.0031053123313657077,19.219457216966003,0.0760012452563391,0.1768669934817682,1.1139706836723211e-08,12.0,434.4541381835937,14.662994465904776,831.5838562520881,569.8068520492061,4.0
2458020.9560668287,0.0,0.0,0.0,0.0,0.0,0.0,0.0,0.0,0.0,0.0,12.0,0.0,0.0,0.0,0.0,5.0
2458022.8869151277,0.8046752746153146,0.0028260174767656544,0.7898678503348495,0.0034114598997231644,0.7898678503348495,0.0034114598997231644,19.11002333842004,0.0818088615422879,0.3445391845969339,1.0566600395586356e-08,12.0,3277.006396484375,42.05211853428934,831.5838562520881,569.8068520492061,4.0
2458027.941998476,0.7745283933859842,0.0013940609224410972,0.7554600943317514,0.0017408973764467665,0.7554600943317514,0.0017408973764467665,18.3724881925116,0.0523212496635039,0.4372910838843964,1.2477846074604657e-08,12.0,5787.79912109375,52.98987140621544,831.5838562520881,569.8068520492061,4.0
2458033.9240542785,0.0,0.0,0.0,0.0,0.0,0.0,0.0,0.0,0.0,0.0,12.0,0.0,0.0,0.0,0.0,5.0
2458036.933688563,0.0,0.0,0.0,0.0,0.0,0.0,0.0,0.0,0.0,0.0,12.0,0.0,0.0,0.0,0.0,5.0
2458039.921029467,0.8077676334165041,0.0020263649929693774,0.7933972743670055,0.002585777894727754,0.7933972743670055,0.002585777894727754,19.18567704476156,0.0664651989422066,0.3798310379725851,8.314505148229971e-09,12.0,617.4184692382812,29.548692031372404,831.5838562520881,569.8068520492061,4.0
2458041.9259146564,0.8146352692112658,0.01363426672032087,0.8012355623460092,0.015612099973503796,0.8012355623460092,0.015612099973503796,19.353691862924837,0.3366524080927602,0.034031119963714,1.0920933779334023e-08,12.0,404.8892639160157,13.361154580479162,831.5838562520881,569.8068520492061,4.0
2458044.895612405,0.8125090374427519,0.0015741611310647974,0.7988088150038702,0.0021754853851333245,0.7988088150038702,0.0021754853851333245,19.301674188336985,0.0593317930530783,0.4265120238266886,8.735329030346966e-09,12.0,706.7374389648437,21.17869507233629,831.5838562520881,569.8068520492061,4.0
2458178.1985063865,0.0,0.0,0.0,0.0,0.0,0.0,0.0,0.0,0.0,0.0,12.0,0.0,0.0,0.0,0.0,5.0
2458187.2788760136,0.804665049802372,0.0041751290784430226,0.7898561803758168,0.004893024511341994,0.7898561803758168,0.004893024511341994,19.109773191187625,0.1111115696886897,0.3700577695580271,1.2903704548054142e-08,12.0,6277.8505859375,68.5091521026704,831.5838562520881,569.8068520492061,4.0
2458195.272720963,0.8126948620110978,0.001836975121298436,0.799020903490184,0.002430506252337313,0.799020903490184,0.002430506252337313,19.306220335219823,0.0637178903361514,0.4024721617745685,1.1652570190829876e-08,12.0,536.0736206054687,24.25187218340942,831.5838562520881,569.8068520492061,4.0
2458202.290294262,0.0,0.0,0.0,0.0,0.0,0.0,0.0,0.0,0.0,0.0,12.0,0.0,0.0,0.0,0.0,5.0
2458207.253066556,0.0,0.0,0.0,0.0,0.0,0.0,0.0,0.0,0.0,0.0,12.0,0.0,0.0,0.0,0.0,5.0
2458208.20112667,0.8083957501981897,0.0025198376493926616,0.7941141673948878,0.0031032469540065704,0.7941141673948878,0.0031032469540065704,19.20104374882306,0.0759622659376188,0.3894978312573023,9.000343291805763e-09,12.0,4946.811816406251,38.41259573835968,831.5838562520881,569.8068520492061,4.0
2458210.270712837,0.0,0.0,0.0,0.0,0.0,0.0,0.0,0.0,0.0,0.0,12.0,0.0,0.0,0.0,0.0,5.0
2458211.294159046,0.8140925793251854,0.002698220904288831,0.8006161702091059,0.0033237301477216387,0.8006161702091059,0.0033237301477216387,19.34041510433516,0.0801349351134487,0.3904874774230769,7.694011248583234e-09,12.0,3915.4688476562505,35.96096386773613,831.5838562520881,569.8068520492061,4.0
2458214.298403596,0.7852973635984717,0.0022794628576535327,0.7677511202809093,0.0027340280870886582,0.7677511202809093,0.0027340280870886582,18.635948082658476,0.069133572637877,0.3892586454935947,1.0978100088706652e-08,12.0,10033.3240234375,61.05211855470853,831.5838562520881,569.8068520492061,4.0
2458215.229510459,0.0,0.0,0.0,0.0,0.0,0.0,0.0,0.0,0.0,0.0,12.0,0.0,0.0,0.0,0.0,5.0
2458215.2885603686,0.0,0.0,0.0,0.0,0.0,0.0,0.0,0.0,0.0,0.0,12.0,0.0,0.0,0.0,0.0,5.0
2458224.160903838,0.8145518692160072,0.0017444141383154818,0.8011403748317291,0.002354686940566133,0.8011403748317291,0.002354686940566133,19.351651505011723,0.0623968157252963,0.3633437290275976,9.136064140797541e-09,12.0,505.2662658691406,18.86721840918174,831.5838562520881,569.8068520492061,4.0
2458230.251486007,0.813791387694787,0.0019273863503190796,0.8002724090070733,0.0025280893055876193,0.8002724090070733,0.0025280893055876193,19.333046534054787,0.0654396424919933,0.3146411969319782,8.261421916543477e-09,12.0,474.2243835449219,18.53790078773323,831.5838562520881,569.8068520492061,4.0
2458231.141027427,0.815894107987814,0.0018704171153416252,0.8026723218283983,0.0024877511888092203,0.8026723218283983,0.0024877511888092203,19.38448900687063,0.0647262780334121,0.3200529073360754,1.0065300760317867e-08,12.0,465.1996276855468,16.91113053379707,831.5838562520881,569.8068520492061,4.0
2458232.2126906663,0.814941057386299,0.0017309500977675458,0.801584569755271,0.0023448438475719337,0.801584569755271,0.0023448438475719337,19.361172886403665,0.0622264298863012,0.3462878456472451,8.579237476898692e-09,12.0,459.9479248046875,17.299729821030738,831.5838562520881,569.8068520492061,4.0
2458235.1299714018,0.8143049995892068,0.0031386264511662617,0.8008586133513649,0.003795221847334477,0.8008586133513649,0.003795221847334477,19.345611907587443,0.0892402721009832,0.3434518271911924,8.258773888768625e-09,12.0,2335.537451171875,36.88565778979905,831.5838562520881,569.8068520492061,6.0
2458251.1527270377,0.8133626470692592,0.001566979197333128,0.7997830713963413,0.0021759507138134054,0.7997830713963413,0.0021759507138134054,19.322557512739447,0.0593399805285114,0.3945769808109818,1.0149839068683183e-08,12.0,482.8277587890625,18.597174094337497,831.5838562520881,569.8068520492061,4.0
2458252.2463375097,0.8153673425861916,0.0016945053394873421,0.8020711048974656,0.002313408615654679,0.8020711048974656,0.002313408615654679,19.371601836407137,0.0616836250961554,0.3925650397670465,1.3918717552107877e-08,12.0,486.2847778320313,19.35035125533745,831.5838562520881,569.8068520492061,4.0
2458254.0798993423,0.8109614196254303,0.005248787339367146,0.7970424612693202,0.006110363975695872,0.7970424612693202,0.006110363975695872,19.263812144697177,0.1360165811738087,0.1216230306934626,1.0510378778472333e-08,12.0,463.4237426757812,22.697477830232916,831.5838562520881,569.8068520492061,6.0
2458255.1770653846,0.8119396852792801,0.0014749685682710798,0.7981589922188346,0.00207798279012589,0.7981589922188346,0.00207798279012589,19.287745144474524,0.0577034085719201,0.4122061156241441,1.022336385717076e-08,12.0,484.3453857421876,18.855833014052468,831.5838562520881,569.8068520492061,4.0
2458264.0527368784,0.8140815579893829,0.0025819212528540155,0.8006035911489289,0.003201068547246719,0.8006035911489289,0.003201068547246719,19.340145470390365,0.0778066691312551,0.3956661139192036,1.0775575735509512e-08,12.0,2577.8790039062496,34.55207711961048,831.5838562520881,569.8068520492061,4.0
2458265.052733758,0.8179787770058866,0.0025013654284715505,0.8050516320587141,0.003140580087187039,0.8050516320587141,0.003140580087187039,19.435489860216588,0.0766670394489037,0.439374684941898,7.946783157496165e-09,12.0,3950.4122070312505,33.76522782522562,831.5838562520881,569.8068520492061,4.0
2458304.02368238,0.8191314451094946,0.0012552864035653458,0.8063672150060776,0.0019522513320468908,0.8063672150060776,0.0019522513320468908,19.46368956789154,0.0556528122315882,0.9702144947192094,9.135425041155344e-09,12.0,549.8119140625,31.309066395433284,831.5838562520881,569.8068520492061,0.0
2458305.9387936587,0.8165929927061935,0.0012395869986610924,0.8034699849326304,0.0019131658112829426,0.8034699849326304,0.0019131658112829426,19.401587029011708,0.0550243326157283,0.8917004376470195,8.75017321508356e-09,12.0,524.6388671875,30.53406537693652,831.5838562520881,569.8068520492061,0.0
2458309.927752703,0.8198351964420195,0.0011619743433532062,0.8071704325579088,0.0018830312083035876,0.8071704325579088,0.0018830312083035876,19.48090665040726,0.0545462937647988,0.9296713775910668,7.097258343788998e-09,12.0,519.6295654296875,25.4786061695788,831.5838562520881,569.8068520492061,0.0
2458311.0560593377,0.8188009705963597,0.0011833559681109298,0.8059900321616342,0.0018893288517597712,0.8059900321616342,0.0018893288517597712,19.45560459995042,0.0546457114748821,0.9606120488198072,1.0594062015553552e-08,12.0,509.3072937011719,28.511354646995088,831.5838562520881,569.8068520492061,0.0
2458312.0516006025,0.8176612363042984,0.0010058182138598275,0.804689211054094,0.0017372751497484787,0.804689211054094,0.0017372751497484787,19.42772131441259,0.0522754506383891,0.9647380678659592,5.8590866558944006e-09,12.0,508.1884399414063,22.091612980996207,831.5838562520881,569.8068520492061,0.0
2458312.920613721,0.8171604365469953,0.0010593536945706877,0.8041176296780769,0.0017727170685668783,0.8041176296780769,0.0017727170685668783,19.41546938628565,0.0528190595401892,0.9236185012270473,9.55331272625072e-09,12.0,508.8979187011719,23.88125405634893,831.5838562520881,569.8068520492061,0.0
2458313.097183276,0.8165246706863745,0.0012336824194852515,0.8033920064721158,0.0019074942363671876,0.8033920064721158,0.0019074942363671876,19.39991554961479,0.0549337535417378,0.9260065858438824,1.299115684523237e-08,12.0,510.88080444335935,31.836266903730337,831.5838562520881,569.8068520492061,0.0
2458313.916857118,0.8155350578279298,0.00109155297844911,0.8022625245362615,0.0017804449779100613,0.8022625245362615,0.0017804449779100613,19.3757049436024,0.0529375329252599,0.9361526305760516,1.2788440137789931e-08,12.0,517.5297607421876,27.382486488837685,831.5838562520881,569.8068520492061,0.0
2458314.9139549443,0.8155631811761517,0.0011273984247918531,0.8022946227588351,0.0018096049873962533,0.8022946227588351,0.0018096049873962533,19.376392973570614,0.0533899185150717,0.9384839710562976,9.132761022911076e-09,12.0,512.7548950195312,28.92287457425965,831.5838562520881,569.8068520492061,0.0
2458317.0208146214,0.8174963828287612,0.001066269074006721,0.804501057655426,0.0017818027274108695,0.804501057655426,0.0017818027274108695,19.42368821953923,0.0529595129063202,0.9616077226686915,1.0362595430405078e-08,12.0,511.1740051269532,24.94429484351724,831.5838562520881,569.8068520492061,0.0
2458317.906420188,0.8177914290571,0.0011794888961578324,0.8048378048816843,0.00187553572891909,0.8048378048816843,0.00187553572891909,19.430906444250844,0.0544264382674634,0.9164025661614312,7.68543504758425e-09,12.0,973.2370483398436,27.972101374720303,831.5838562520881,569.8068520492061,0.0
2458330.0366029595,0.0,0.0,0.0,0.0,0.0,0.0,0.0,0.0,0.0,0.0,12.0,0.0,0.0,0.0,0.0,5.0
2458330.871330614,0.8215090551917041,0.0012122308865168754,0.8090808697605064,0.0019415760183458348,0.8090808697605064,0.0019415760183458348,19.521857143686734,0.0554822294094784,0.9012514663660652,1.4246142841732352e-08,12.0,547.9081787109375,24.773941070634677,831.5838562520881,569.8068520492061,0.0
2458332.0131753925,0.8177543142096707,0.001419081081054345,0.8047954443268815,0.0020801921649990017,0.8047954443268815,0.0020801921649990017,19.42999843973104,0.0577425514199401,0.9604411276499624,1.029180772527462e-08,12.0,1481.3444335937502,38.91420163486268,831.5838562520881,569.8068520492061,0.0
2458332.8642773377,0.8168393135319383,0.0011824813384179085,0.8037511200459521,0.001868043942519222,0.8037511200459521,0.001868043942519222,19.4076132001693,0.0543074460148159,0.9323586501594184,1.2478469300230515e-08,12.0,776.0001586914062,29.597045863666157,831.5838562520881,569.8068520492061,0.0
2458335.9109124457,0.8179994688823464,0.0010468072197266159,0.8050752484663637,0.0017723007982563658,0.8050752484663637,0.0017723007982563658,19.435996081275007,0.0528130800752498,0.9497637760166656,9.497093809293641e-09,12.0,505.0947448730469,23.21469739027244,831.5838562520881,569.8068520492061,0.0
2458337.897892475,0.8154255523171507,0.0009848211272273791,0.8021375418268651,0.0016962073279605926,0.8021375418268651,0.0016962073279605926,19.373025921442327,0.0516508989135457,0.9479341328664348,8.248340904486863e-09,12.0,509.49269409179686,23.03987520653316,831.5838562520881,569.8068520492061,0.0
2458338.9429549626,0.8168604829494368,0.0010705949197367028,0.8037752814889378,0.0017782091651928273,0.8037752814889378,0.0017782091651928273,19.40813110413771,0.0529036598357191,0.9589492190412794,8.915403977464909e-09,12.0,500.2244812011719,25.8496863094696,831.5838562520881,569.8068520492061,0.0
2458339.939406267,0.8174084226955699,0.0009786264002822603,0.8044006654862387,0.001714033774483785,0.8044006654862387,0.001714033774483785,19.421536299107608,0.0519216102053924,0.9501883230483144,1.0052385310489628e-08,12.0,498.6502075195313,20.70645877066752,831.5838562520881,569.8068520492061,0.0
2458339.9711400988,0.8183924527049617,0.0010533229634571654,0.8055237755089739,0.0017816946004256585,0.8055237755089739,0.0017816946004256585,19.445610322255604,0.0529583139521308,0.9499586320635068,1.3484613473351303e-08,12.0,500.2064147949218,23.062155389771856,831.5838562520881,569.8068520492061,0.0
2458340.870585536,0.8189618000965364,0.0011635525968203351,0.8061735928476658,0.0018749525975037579,0.8061735928476658,0.0018749525975037579,19.459539249374902,0.054417813648578,0.9408128746582528,8.404057802983517e-09,12.0,580.0867553710937,26.86274645251513,831.5838562520881,569.8068520492061,0.0
2458341.8703006567,0.0,0.0,0.0,0.0,0.0,0.0,0.0,0.0,0.0,0.0,12.0,0.0,0.0,0.0,0.0,5.0
2458343.0294540795,0.8174550083128344,0.0010130172131431559,0.8044538353826495,0.00174039118374695,0.8044538353826495,0.00174039118374695,19.422676003402877,0.0523229428541724,0.8931093680412342,1.4234884904156931e-08,12.0,497.02015380859376,20.67462649562783,831.5838562520881,569.8068520492061,0.0
2458344.860176432,0.8180593745617334,0.0013447254658389576,0.8051436210447367,0.002017803464316757,0.8051436210447367,0.002017803464316757,19.43746165722137,0.0567163856242622,0.8781861397207894,1.4206619067562078e-08,12.0,2437.61962890625,32.366263180257576,831.5838562520881,569.8068520492061,0.0
2458390.876143351,0.0,0.0,0.0,0.0,0.0,0.0,0.0,0.0,0.0,0.0,12.0,0.0,0.0,0.0,0.0,5.0
2458398.877090202,0.8169790211752492,0.0017945740029145804,0.8039105735717162,0.002422551974380123,0.8039105735717162,0.002422551974380123,19.41103110918317,0.0635802827087934,0.8845008836414642,9.213173264303744e-09,12.0,2895.7546875,49.24866426487861,831.5838562520881,569.8068520492061,0.0
2458686.023548548,0.818708828147948,0.0013653950300625843,0.8058848665606432,0.0020421266960333343,0.8058848665606432,0.0020421266960333343,19.45335036032885,0.0571153007939439,0.9885687223420124,1.3457453596125352e-08,12.0,1835.061328125,36.84975327805976,831.5838562520881,569.8068520492061,0.0
2458687.9896472422,0.817890129896417,0.0010109588029804807,0.8049504558179674,0.0017437436655253617,0.8049504558179674,0.0017437436655253617,19.43332113309952,0.0523744332451769,1.0242772882012592,9.076259857936329e-09,12.0,567.2566772460937,23.738817054597277,831.5838562520881,569.8068520492061,0.0
2458688.8896788494,0.8183089373364107,0.001029723210007684,0.8054284563148677,0.0017626924024392301,0.8054284563148677,0.0017626924024392301,19.44356714176668,0.0526652901482443,0.9912787754402622,1.2514874815531373e-08,12.0,579.1983154296875,23.30001655162373,831.5838562520881,569.8068520492061,0.0
2458689.887335599,0.8184720707011901,0.0011372221616523506,0.8056146464871969,0.001848514463377618,0.8056146464871969,0.001848514463377618,19.447558154604117,0.0540003709113658,0.9749939010188148,1.3402357209812089e-08,12.0,549.3499389648437,27.35718416521067,831.5838562520881,569.8068520492061,0.0
2458691.9561366807,0.8176262484001695,0.0011105076051516338,0.8046492780587318,0.0018180651897938508,0.8046492780587318,0.0018180651897938508,19.426865344974814,0.0535228532857112,1.0004063249016033,1.4248283396222662e-08,12.0,536.5814086914063,27.971616958944832,831.5838562520881,569.8068520492061,0.0
2458692.878520262,0.8175996886866531,0.0011308688385835894,0.804618964470562,0.001834057507959964,0.804618964470562,0.001834057507959964,19.426215568898986,0.0537729471316973,0.966983682999029,9.665065987851951e-09,12.0,533.238720703125,27.8500681430416,831.5838562520881,569.8068520492061,0.0
2458694.069251671,0.8173983096285844,0.0015274356454427849,0.8043891230670194,0.0021746530857254007,0.8043891230670194,0.0021746530857254007,19.42128888570924,0.0593198895719695,0.5160467119746337,1.4143277426405822e-08,12.0,580.3773559570313,21.76100173972293,831.5838562520881,569.8068520492061,4.0
2458694.927836291,0.8170069134709432,0.0011226558698659349,0.8039424080854528,0.0018211171510330382,0.8039424080854528,0.0018211171510330382,19.41171348651494,0.0535701869812236,0.9629314638250558,1.181132194930019e-08,12.0,552.017236328125,27.964381813677047,831.5838562520881,569.8068520492061,0.0
2458696.867566004,0.0,0.0,0.0,0.0,0.0,0.0,0.0,0.0,0.0,0.0,12.0,0.0,0.0,0.0,0.0,5.0
2458697.864766312,0.8184934514077077,0.001224031752354991,0.8056390490821927,0.0019196020900884379,0.8056390490821927,0.0019196020900884379,19.44808122770017,0.0551281835489921,0.9431730782950524,1.0222719873969002e-08,12.0,764.27255859375,29.86577829561028,831.5838562520881,569.8068520492061,0.0
2458697.9466047864,0.8197036327712569,0.001128843161860687,0.8070202740506974,0.001855160190508531,0.8070202740506974,0.001855160190508531,19.477687981438685,0.0541056378844911,0.9464937600226848,6.971453579241215e-09,12.0,522.2716064453125,24.82854487739686,831.5838562520881,569.8068520492061,0.0
2458699.953493158,0.818077641206191,0.0007328551897081485,0.8051644694449643,0.001554448670375282,0.8051644694449643,0.001554448670375282,19.437908545646827,0.0495603990772354,1.0000222653246569,8.304580285675683e-09,12.0,567.5475830078125,0.0580575280310787,831.5838562520881,569.8068520492061,0.0
2458700.0451025297,0.8190409838468355,0.0011714689722157787,0.80626396820487,0.0018822050352480138,0.80626396820487,0.0018822050352480138,19.46147645801636,0.054532767715953,0.9696561339004324,9.137234379805434e-09,12.0,556.3962890625,27.98866813204545,831.5838562520881,569.8068520492061,0.0
2458717.9215847813,0.8182539194078542,0.0010426023797260931,0.8053656623081779,0.0017719117073751634,0.8053656623081779,0.0017719117073751634,19.442221143298145,0.0528072163199163,0.9625005440433664,7.339855079033595e-09,12.0,556.3741821289063,23.12004013425701,831.5838562520881,569.8068520492061,0.0
2458724.899117632,0.8161933991469672,0.0010283110515299945,0.8030139139519648,0.00173798631663565,0.8030139139519648,0.00173798631663565,19.39181108264544,0.0522855482803644,0.9567269395617836,7.869313655936822e-09,12.0,570.0375,24.530966066212503,831.5838562520881,569.8068520492061,0.0
2458727.8651252324,0.8177826296418803,0.0016838388905042563,0.8048277617820498,0.002323460911675507,0.8048277617820498,0.002323460911675507,19.43069116898112,0.0618580291673615,0.9465550653385888,9.505850746544444e-09,12.0,2127.575390625,47.79008101698695,831.5838562520881,569.8068520492061,0.0
2458749.871774115,0.8161780289423686,0.0014639642778352317,0.802996371366199,0.002105796823087455,0.802996371366199,0.002105796823087455,19.39143505482336,0.058166677617298,0.899668659872496,6.588081604606681e-09,12.0,2412.274951171875,39.70308872101317,831.5838562520881,569.8068520492061,0.0
2458749.8755697296,0.8168443080218536,0.001204640616958044,0.8037568204429204,0.0018864486496858793,0.8037568204429204,0.0018864486496858793,19.407735388989448,0.0545989759247421,0.90298197306079,1.3905056926422385e-08,12.0,1249.38291015625,29.4375588561727,831.5838562520881,569.8068520492061,0.0
2458751.872498225,0.8066701670741085,0.012152418939000976,0.7921446952413739,0.013916803399685183,0.7921446952413739,0.013916803399685183,19.158827832970434,0.3005553817612868,0.0552289626471808,5.5432969193848775e-09,12.0,2448.894287109375,27.060503209361496,831.5838562520881,569.8068520492061,4.0
2458751.8762789294,0.8173471383288893,0.001515199176455473,0.8043307193608166,0.002163010214771,0.8043307193608166,0.002163010214771,19.420036993956344,0.0591239560112181,0.5424887287239053,1.3405351936719718e-08,12.0,1249.2796630859375,22.8099497810605,831.5838562520881,569.8068520492061,4.0
2458753.873222834,0.8111529761891223,0.004004514418917566,0.7972610918949617,0.0047270673640115515,0.7972610918949617,0.0047270673640115515,19.2684985232674,0.1077613049734016,0.2602513690905452,1.4240581618311852e-08,12.0,2681.716015625,38.85953360117,831.5838562520881,569.8068520492061,4.0
2458753.877006993,0.8158159965305306,0.0037820997552031024,0.8025831703190659,0.004501345949682308,0.8025831703190659,0.004501345949682308,19.382578031582465,0.1032261530507127,0.2449034658522517,7.309521398300987e-09,12.0,1386.2177490234376,30.26729707150665,831.5838562520881,569.8068520492061,4.0
2457889.0008545164,0.7381636231919657,0.0005838671732844333,0.6890557915366283,0.0007917117591064482,0.6890557915366283,0.0007917117591064482,17.146386073827376,0.0291438335996116,0.4974250730998985,3.222853298581066e-09,12.0,10484.4609375,67.4188929952665,830.2839799765494,569.3029516483944,4.0
2458565.2761287848,0.7391846174864648,0.00034129101413597464,0.6901309254396916,0.0006218970922752216,0.6901309254396916,0.0006218970922752216,17.171794248840108,0.0267438641213246,0.8727989943006553,3.211319272598433e-09,12.0,5323.04736328125,67.54096997486135,830.2839799765494,569.3029516483944,0.0
2457871.274066617,0.738264503381267,0.000318038669107926,0.6891620210349223,0.0006015041103623963,0.6891620210349223,0.0006015041103623963,17.148896549663426,0.0264831036980312,0.5219503208953671,3.016312921315978e-09,12.0,1248.5625,37.47785355641994,830.2839799765494,569.3029516483944,4.0
2458573.202060757,0.738977961580231,0.0001872734448253352,0.6899133113234744,0.0005428377226655367,0.6899133113234744,0.0005428377226655367,17.166651468453097,0.0257646669328011,0.8215049832115413,2.885649976837818e-09,12.0,1755.0885009765625,33.84555848111548,830.2839799765494,569.3029516483944,0.0
2457890.194210506,0.7373245689883373,0.0006135579572760895,0.6881722453447557,0.0008119640852809241,0.6881722453447557,0.0008119640852809241,17.12550560841653,0.0294542501779119,0.3489261321933484,1.674187589789982e-09,12.0,6926.4462890625,50.28911354237229,830.2839799765494,569.3029516483944,4.0
2458580.227870861,0.7382046618736987,0.0002294595879906525,0.689099006350174,0.0005545489806565132,0.689099006350174,0.0005545489806565132,17.14740735084467,0.0259044708679898,1.0106934384843531,2.2126904642679328e-09,12.0,1280.311767578125,53.23504157799086,830.2839799765494,569.3029516483944,0.0
2457895.151137891,0.7397026577015854,0.00027549673538205085,0.6906764354405084,0.0005885320394315878,0.6906764354405084,0.0005885320394315878,17.184686050998387,0.0263182196219345,0.4715711918559855,3.228990203779858e-09,12.0,1110.9278564453125,27.6197127992212,830.2839799765494,569.3029516483944,4.0
2458585.1745243184,0.7396199492543823,0.0001678185907150543,0.6905893412656078,0.0005410127273805487,0.6905893412656078,0.0005410127273805487,17.182627791992548,0.0257424931741102,0.993454698031514,3.2290808411680954e-09,12.0,1245.4805908203125,36.2521316411178,830.2839799765494,569.3029516483944,0.0
2457896.030634552,0.7389706064513324,0.0003020220696868542,0.6899055661788803,0.000597383350008247,0.6899055661788803,0.000597383350008247,17.16646843079724,0.0264301679238669,0.5410066106584246,3.1622666369498195e-09,12.0,1292.7210693359375,36.19582703950729,830.2839799765494,569.3029516483944,4.0
2458586.171876702,0.7404840222883655,0.0002500901594304444,0.6914992329452807,0.000581986326899009,0.6914992329452807,0.000581986326899009,17.204130868933834,0.026235948003324,0.6008165254293649,3.2081670662765814e-09,12.0,1143.572509765625,31.787475869138863,830.2839799765494,569.3029516483944,4.0
2457900.1116444576,0.7395588778285055,0.00021671675935729605,0.6905250314444636,0.0005594620017337674,0.6905250314444636,0.0005594620017337674,17.181107985774904,0.0259618692077178,0.5790635418435143,2.911646929484998e-09,12.0,1069.7879638671875,26.65885903383775,830.2839799765494,569.3029516483944,4.0
2458587.1691205557,0.739823619039227,0.00017582696372676727,0.6908038109172949,0.0005455097829361643,0.6908038109172949,0.0005455097829361643,17.187696260607915,0.025795215271107,0.947116254653221,2.3076318883577278e-09,12.0,1185.98583984375,36.21084334421302,830.2839799765494,569.3029516483944,0.0
2457918.058025528,0.7343061822155592,0.0006370250576317109,0.6849938045155995,0.0008179214578954128,0.6849938045155995,0.0008179214578954128,17.050390889566422,0.0295494046306501,0.5483420048030129,1.3032767669496296e-09,12.0,9007.66796875,89.09233315286285,830.2839799765494,569.3029516483944,4.0
2458591.158676648,0.7395757000073769,0.00019871217925028506,0.6905427456422072,0.0005521362190703276,0.6905427456422072,0.0005521362190703276,17.181526617756653,0.0258741114996148,1.0468139865313977,2.562183061131236e-09,12.0,3881.6767578125,46.10619709537828,830.2839799765494,569.3029516483944,0.0
2457920.150145301,0.7373193476813722,0.0004029780510773011,0.6881667471709,0.0006495209431750195,0.6881667471709,0.0006495209431750195,17.125375672449323,0.0271101658680888,0.4167751542119052,1.2728922875220076e-09,12.0,2550.45703125,38.9812498825476,830.2839799765494,569.3029516483944,4.0
2458592.216668576,0.7399596688965719,0.0002833675863127549,0.6909470750030267,0.0005946199793172203,0.6909470750030267,0.0005946199793172203,17.19108195884786,0.0263942562328842,1.0542592647351992,2.7383056445471262e-09,12.0,4108.83837890625,66.44592568326843,830.2839799765494,569.3029516483944,0.0
2457927.9910324514,0.7384209464623505,0.0008821198385802297,0.6893267597227662,0.0010553782696804518,0.6893267597227662,0.0010553782696804518,17.15278974789687,0.0334864918215207,0.1146107092271217,2.5028989382464726e-09,12.0,777.4801635742188,21.41659708910837,830.2839799765494,569.3029516483944,4.0
2458593.149448904,0.7390280435329265,0.00029812357321784246,0.6899660489397026,0.000595629516273512,0.6899660489397026,0.000595629516273512,17.1678977937518,0.0264079880748668,1.0193223518748504,2.879045646047746e-09,12.0,9666.986328125,69.14242280059166,830.2839799765494,569.3029516483944,0.0
2457931.0465760604,0.7376405234154677,0.00036499535606381375,0.6885049536843231,0.0006262261576969556,0.6885049536843231,0.0006262261576969556,17.133368360856796,0.0268019387424397,0.5439345446190217,2.787811603636538e-09,12.0,1106.1617431640625,45.86891345173672,830.2839799765494,569.3029516483944,4.0
2458594.249424912,0.7395698936692862,0.000328303622823171,0.6905366314151564,0.0006168745854237509,0.6905366314151564,0.0006168745854237509,17.181382122870456,0.0266784003757006,0.9822234974026538,2.103175471483986e-09,12.0,5719.818359375,72.35280048000081,830.2839799765494,569.3029516483944,0.0
2457934.126702268,0.7378177833084049,0.0002984085230596577,0.6886916130237307,0.0005870625489564228,0.6886916130237307,0.0005870625489564228,17.13777960037768,0.0263019989773742,0.5132595685946758,2.7216964990844797e-09,12.0,1054.763916015625,34.76359593199432,830.2839799765494,569.3029516483944,4.0
2458595.144156329,0.7411435344571734,0.0010562739849610955,0.6921937166421905,0.001229933706693751,0.6921937166421905,0.001229933706693751,17.220543302086867,0.0366603482171812,0.5307681464324029,2.03583109110499e-09,12.0,36197.734375,122.3231431087854,830.2839799765494,569.3029516483944,6.0
2457936.9666828127,0.7382686182336703,0.00034244956456507935,0.68916635408296,0.0006162145652579235,0.68916635408296,0.0006162145652579235,17.14899895071559,0.0266713146325456,0.5619203896708965,2.88406209879997e-09,12.0,1832.8509521484373,43.925307650121766,830.2839799765494,569.3029516483944,4.0
2458600.130712778,0.7386255569733271,0.0004642438734885998,0.6895422199838659,0.000701223271069995,0.6895422199838659,0.000701223271069995,17.157881627156474,0.0278188076988458,0.9091177630414086,2.308191220268717e-09,12.0,2976.440185546875,97.14916495190474,830.2839799765494,569.3029516483944,2.0
2457937.060429991,0.7386590096603826,0.0002521359484887776,0.6895774465450678,0.0005687796357373218,0.6895774465450678,0.0005687796357373218,17.158714121257496,0.0260757080216044,0.5741278693703254,3.2305647167639193e-09,12.0,1579.8089599609375,32.086197010288785,830.2839799765494,569.3029516483944,4.0
2458602.185730501,0.7375623505782197,0.0003177274924062287,0.6884226356262526,0.000596432974785442,0.6884226356262526,0.000596432974785442,17.13142297375646,0.0264197711389341,0.9561984071479936,2.632790414647156e-09,12.0,1718.3837890625,71.3170833705072,830.2839799765494,569.3029516483944,0.0
2457938.942556409,0.7302926288838646,0.0003937095559069073,0.680767427069706,0.0006047731315719288,0.680767427069706,0.0006047731315719288,16.950510737420558,0.0265345314541874,0.6021248349159893,3.029365050182869e-09,12.0,6762.921875,66.02170054510096,830.2839799765494,569.3029516483944,4.0
2458603.195146498,0.7371543679954341,0.000443094972727071,0.6879930192131396,0.0006768897677311579,0.6879930192131396,0.0006768897677311579,17.121270034683825,0.0274817390930341,0.7827715632275539,3.231997024236206e-09,12.0,1587.1763916015625,82.41969031227248,830.2839799765494,569.3029516483944,2.0
2457939.0826386744,0.7311371170712471,0.00044719278267485343,0.681656695389699,0.0006483965699933865,0.681656695389699,0.0006483965699933865,16.971526431412975,0.0271026393381352,0.6179746829729885,1.7638835257732871e-09,12.0,7207.90087890625,75.67022353832472,830.2839799765494,569.3029516483944,4.0
2458610.172238317,0.7404858459906877,0.00017735127420213256,0.691501153351894,0.0005515873808230869,0.691501153351894,0.0005515873808230869,17.20417625307361,0.0258665676844056,1.0460206588049252,3.2320013277362767e-09,12.0,1283.9287109375,39.85438542314212,830.2839799765494,569.3029516483944,0.0
2457939.9279895755,0.7286071925779858,0.00039368409668365446,0.6789926182155658,0.000597445583385161,0.6789926182155658,0.000597445583385161,16.908567446587977,0.0264439861726418,0.5910945751059633,2.3489846223808163e-09,12.0,10008.201171875,67.39930083598186,830.2839799765494,569.3029516483944,4.0
2458611.1596000157,0.7403294772617512,0.0001718434602487881,0.6913364929588199,0.0005483319179981952,0.6913364929588199,0.0005483319179981952,17.200284905146646,0.0258280531441646,1.044695796228495,2.901937096401497e-09,12.0,1206.724365234375,38.647543740972615,830.2839799765494,569.3029516483944,0.0
2457940.094700545,0.7289008642978952,0.0004233511806095396,0.6793018622771112,0.0006207049569157352,0.6793018622771112,0.0006207049569157352,16.915875677883633,0.0267411074222028,0.6151080031817352,1.9023410058006994e-09,12.0,10646.140625,75.06783962576674,830.2839799765494,569.3029516483944,4.0
2458616.2598420302,0.7396771655369594,0.00018162638138686973,0.690649591519245,0.0005464054611300993,0.690649591519245,0.0005464054611300993,17.18405166020526,0.0258059639282339,1.0138258275861358,2.797457810073995e-09,12.0,1509.260498046875,40.26503820084289,830.2839799765494,569.3029516483944,0.0
2457940.990907581,0.7332898716682524,0.0005150523713397604,0.6839236027217824,0.0007115089644908772,0.6839236027217824,0.0007115089644908772,17.025099272960553,0.0279703236159309,0.618715953293487,3.042282373969551e-09,12.0,19615.587890625,83.13224340630732,830.2839799765494,569.3029516483944,4.0
2458618.086926837,0.7391531124576197,0.0001846819709608243,0.6900977498139208,0.0005432670847997075,0.6900977498139208,0.0005432670847997075,17.171010223610008,0.0257695216663114,1.00887025291457,3.200349997812461e-09,12.0,2394.991943359375,41.402866026551344,830.2839799765494,569.3029516483944,0.0
2457941.9789959714,0.7327702003211748,0.0009217270371173346,0.683376375096022,0.0010727348477721332,0.683376375096022,0.0010727348477721332,17.012166878914087,0.0337984420692311,0.6476424440757005,3.232300369860082e-09,12.0,60016.5078125,158.29667873134198,830.2839799765494,569.3029516483944,6.0
2458619.0842119227,0.7395706143634457,0.00019487715649955768,0.6905373903251022,0.000550577087238928,0.6905373903251022,0.000550577087238928,17.181400057861307,0.0258555550630744,1.022071489169235,2.0371676386670404e-09,12.0,3297.19970703125,44.07413519924852,830.2839799765494,569.3029516483944,0.0
2457942.219538256,0.7358288982922494,0.0013250811064633718,0.6865972646794904,0.0014755012348603392,0.6865972646794904,0.0014755012348603392,17.088284770834612,0.0414167224808213,0.5872956808433039,3.2162335462798438e-09,12.0,68681.4921875,192.534079735282,830.2839799765494,569.3029516483944,6.0
2458626.190344814,0.7000933899377257,0.0007385300784634768,0.6489668324800688,0.000894563203032399,0.6489668324800688,0.000894563203032399,16.198981025130383,0.030815494146621,1.0366577973111502,2.04582265987062e-09,12.0,23301.31640625,428.5676054480176,830.2839799765494,569.3029516483944,2.0
2457942.886956347,0.7438942063078033,0.003615299999299308,0.6950902466020028,0.003846618547714515,0.6950902466020028,0.003846618547714515,17.288995743163134,0.0936097137628359,0.2843754267969285,3.195150886465689e-09,12.0,77424.625,211.38685017728983,830.2839799765494,569.3029516483944,4.0
2458627.183064791,0.7395656305818545,0.00022619338885014714,0.6905321422717264,0.000563659817022306,0.6905321422717264,0.000563659817022306,17.181276032883336,0.0260125237237163,1.0397323188119112,1.686201632020911e-09,12.0,4259.48486328125,52.47726346843163,830.2839799765494,569.3029516483944,0.0
2457943.1834906638,0.7417744546038612,0.0011155556176461303,0.6928580921861915,0.001289026946265829,0.6928580921861915,0.001289026946265829,17.236244202270612,0.0377767240565102,0.556711578206936,2.9471019429546733e-09,12.0,45954.3125,133.72647473805378,830.2839799765494,569.3029516483944,4.0
2458628.056220164,0.7397519286549512,0.000255508648604813,0.6907283190530663,0.0005788303836946311,0.6907283190530663,0.0005788303836946311,17.18591219399733,0.0261977224015098,1.0255679534835256,1.7823368981020255e-09,12.0,3466.468017578125,58.41704625142474,830.2839799765494,569.3029516483944,0.0
2457944.9902814496,0.7281638357298978,0.0005861662025662258,0.6785257517687083,0.0007509593537650208,0.6785257517687083,0.0007509593537650208,16.897534193561977,0.0285469071152858,0.5712209453448286,3.195406041296836e-09,12.0,18221.650390625,98.49085323517818,830.2839799765494,569.3029516483944,6.0
2458629.0537230712,0.7396718154537076,0.0001859899432635762,0.6906439577405658,0.0005479868425919939,0.6906439577405658,0.0005479868425919939,17.183918519547834,0.0258246906813468,1.0056487358094794,2.791520261318248e-09,12.0,1936.7222900390625,41.03109031949584,830.2839799765494,569.3029516483944,0.0
2457946.1504629627,-401.2679754808633,-401.2679754808633,-401.2679754808633,-401.2679754808633,-401.2679754808633,-401.2679754808633,0.0,0.0,-9999.99,-9999.99,12.0,-9999.99,-9999.99,-9999.99,-9999.99,5.0
2458629.2475106274,0.7398121413119365,0.00018400314317710005,0.6907917245679329,0.0005483971659337884,0.6907917245679329,0.0005483971659337884,17.18741062913542,0.0258293984240109,1.0160322900013237,1.7671615724582072e-09,12.0,2390.40283203125,40.96253656551106,830.2839799765494,569.3029516483944,0.0
2457947.99365303,0.7377489247095724,0.00031580269076890297,0.6886191031042128,0.0005965888645218099,0.6886191031042128,0.0005965888645218099,17.13606600477808,0.0264215225132699,0.4265770740195163,2.2986464635333728e-09,12.0,2415.58203125,30.398655483568668,830.2839799765494,569.3029516483944,4.0
2458630.187146616,0.7399817756668315,0.00019153040979771261,0.690970354014791,0.0005526416954274635,0.690970354014791,0.0005526416954274635,17.191632101675044,0.0258796865864526,1.0438943627145,1.8139270704746143e-09,12.0,1548.2314453125,43.73049715964473,830.2839799765494,569.3029516483944,0.0
2457948.176398199,0.0,0.0,0.0,0.0,0.0,0.0,0.0,0.0,0.0,0.0,12.0,0.0,0.0,0.0,0.0,5.0
2458631.0915452675,0.7402226409414245,0.0001802517175621975,0.6912239914975673,0.000550423943910605,0.6912239914975673,0.000550423943910605,17.197626206719825,0.0258530109026795,1.0221398727880775,3.1574068261246244e-09,12.0,1226.9073486328125,39.88562130652142,830.2839799765494,569.3029516483944,0.0
2457956.014613976,0.7392971945520322,0.00023431060988413026,0.6902494720569948,0.0005652152234394499,0.6902494720569948,0.0005652152234394499,17.174595809828023,0.0260316655970631,0.6001525843706584,3.162383082612883e-09,12.0,1068.2802734375,30.521047816278408,830.2839799765494,569.3029516483944,4.0
2458639.0306101707,0.7383270108161456,0.0003477465662930771,0.6892278430113951,0.0006198948414557372,0.6892278430113951,0.0006198948414557372,17.150452091994612,0.0267188373606423,0.914891884794835,2.993296252896341e-09,12.0,1361.69140625,73.35129126354079,830.2839799765494,569.3029516483944,0.0
2457957.1494937656,0.7390824589950633,0.0002479564476513996,0.6900233498555934,0.0005699768620381721,0.6900233498555934,0.0005699768620381721,17.169251961539825,0.026089826485781,0.5721416440035324,3.226238619870968e-09,12.0,1074.57177734375,30.98184553990588,830.2839799765494,569.3029516483944,4.0
2458641.1774530974,0.7398343756411754,0.00019934550840584102,0.6908151379026649,0.0005544928445240538,0.6908151379026649,0.0005544928445240538,17.18796394635926,0.0259019546169693,1.0247026491018878,3.146192238431076e-09,12.0,1220.2591552734375,44.86083151877045,830.2839799765494,569.3029516483944,0.0
2457957.8751489324,0.7391067597832648,0.000272175225996208,0.6900489392260797,0.000582284460728009,0.6900489392260797,0.000582284460728009,17.16985670407648,0.0262411509985739,0.5751780593443364,2.993912509605245e-09,12.0,1128.4263916015625,34.422189363322666,830.2839799765494,569.3029516483944,4.0
2458647.009073411,-401.2679754808633,-401.2679754808633,-401.2679754808633,-401.2679754808633,-401.2679754808633,-401.2679754808633,0.0,0.0,-9999.99,-9999.99,12.0,-9999.99,-9999.99,-9999.99,-9999.99,5.0
2457958.927188262,0.7387079034787908,0.00019655597543461538,0.6896289330245755,0.0005443149316975571,0.6896289330245755,0.0005443149316975571,17.159930878982646,0.0257823756580906,0.5972680685185481,2.78073785270279e-09,12.0,1064.1727294921875,25.318738502430712,830.2839799765494,569.3029516483944,4.0
2458653.986029724,0.7335705001913246,0.0006505378291303523,0.6842191119532706,0.0008265791391261518,0.6842191119532706,0.0008265791391261518,17.032082914951687,0.029684469356144,0.917142305176297,3.0368804534235323e-09,12.0,12088.65625,155.53310180817346,830.2839799765494,569.3029516483944,2.0
2457959.0487226937,0.7381033686269018,0.00020367394958068928,0.6889923418914506,0.000542481663684343,0.6889923418914506,0.000542481663684343,17.144886595776708,0.0257614860307966,0.5978989587772261,2.924238736820204e-09,12.0,1026.04345703125,26.887992684598142,830.2839799765494,569.3029516483944,4.0
2458655.0028235484,0.7364139772551755,0.0003516845321104534,0.6872133682487267,0.0006097162187036953,0.6872133682487267,0.0006097162187036953,17.102844880294953,0.0265899074924035,0.9673908431576094,3.141433919206956e-09,12.0,6325.97265625,82.57984819184546,830.2839799765494,569.3029516483944,0.0
2457960.0417241952,0.7391492647366164,0.0002660037327010259,0.6900936980622876,0.0005794357418716876,0.6900936980622876,0.0005794357418716876,17.17091447031424,0.0262058622731998,0.6026993820633033,2.0487914078154207e-09,12.0,1031.6595458984375,35.398409800355026,830.2839799765494,569.3029516483944,4.0
2458656.036420499,0.7384777090866278,0.00026953921597011544,0.689386532262257,0.000576213241786258,0.689386532262257,0.000576213241786258,17.154202326497547,0.0261669050882836,0.9914466571734192,2.921047139043941e-09,12.0,4165.33984375,61.46572573805354,830.2839799765494,569.3029516483944,0.0
2457960.165368032,0.7378973251761426,0.00037954520503900277,0.6887753727069909,0.0006374161457808757,0.6887753727069909,0.0006374161457808757,17.13975905678327,0.0269485736501946,0.343589044836244,3.2060652736708113e-09,12.0,1040.618896484375,29.06962166398973,830.2839799765494,569.3029516483944,4.0
2457845.1176809967,0.7443885157164961,0.0050356744698191735,0.6956107674381639,0.0053317016851509936,0.6956107674381639,0.0053317016851509936,17.30129698718983,0.1279664106992692,0.0181023454609325,2.839243139766238e-09,12.0,457.0220336914063,15.766533319456352,830.2839799765494,569.3029516483944,4.0
2457960.971258143,0.7387781367122956,0.00024299364474463344,0.6897028904706354,0.0005652607644947469,0.6897028904706354,0.0005652607644947469,17.1616786833516,0.0260328023283632,0.5954152374656911,3.2260139698209053e-09,12.0,1090.76171875,31.9718207378584,830.2839799765494,569.3029516483944,4.0
2457845.131237089,0.0,0.0,0.0,0.0,0.0,0.0,0.0,0.0,0.0,0.0,12.0,0.0,0.0,0.0,0.0,5.0
2457961.0699617467,0.7389064450027094,0.00025917182042994587,0.6898380024823391,0.0005741448529909837,0.6898380024823391,0.0005741448529909837,17.1648717271482,0.0261410153000312,0.562050081607482,2.8949995627079157e-09,12.0,1159.9327392578125,31.974330161263435,830.2839799765494,569.3029516483944,4.0
2457852.1332072737,0.7389560233215282,0.0004004833606919754,0.6898902097588208,0.0006583610734082895,0.6898902097588208,0.0006583610734082895,17.166105519156805,0.0272271960724991,0.5417429902236329,1.0328828606783536e-09,12.0,3981.330078125,48.94069979356412,830.2839799765494,569.3029516483944,4.0
2457902.151984747,0.7385677667390829,0.0002463835800782239,0.6894813653439951,0.0005652839287913069,0.6894813653439951,0.0005652839287913069,17.15644347574503,0.0260333223246459,0.5493720566298578,2.4579770335941887e-09,12.0,1180.753662109375,29.7649278513007,830.2839799765494,569.3029516483944,4.0
2457967.010659812,0.7317230248068793,0.00042693437837470414,0.6822736716784392,0.0006358183869233636,0.6822736716784392,0.0006358183869233636,16.986107165476295,0.0269349318754823,0.557099663269243,3.1957591123643867e-09,12.0,5797.74951171875,64.08426571320197,830.2839799765494,569.3029516483944,4.0
2457902.1676869127,0.7387221014105785,0.0002813598410110505,0.6896438838209712,0.0005842453598283555,0.6896438838209712,0.0005842453598283555,17.160284204694282,0.0262659125669772,0.5544322781203593,3.215206532366582e-09,12.0,1133.8731689453125,34.70635107031181,830.2839799765494,569.3029516483944,4.0
2457967.887399615,0.7334995790310803,0.000458416616985327,0.6841444301022225,0.0006682130372452909,0.6841444301022225,0.0006682130372452909,17.030317991032632,0.027367175426002,0.5860100814162276,3.188778671079562e-09,12.0,8616.2138671875,69.53391777268757,830.2839799765494,569.3029516483944,4.0
2457903.05667311,0.739123415760819,0.00020906325128354708,0.6900664784094563,0.0005527414877895593,0.6900664784094563,0.0005527414877895593,17.1702712000193,0.0258818361878266,0.5692359649589981,2.5052219792189714e-09,12.0,1135.2862548828125,25.44783173649628,830.2839799765494,569.3029516483944,4.0
2458673.935192556,0.736989280639042,0.00023365476202653407,0.6878191778755526,0.0005474353227473376,0.6878191778755526,0.0005474353227473376,17.117161717461876,0.0258212575686756,0.9646542838091304,3.0118991215919787e-09,12.0,1713.1351318359375,52.99258646999855,830.2839799765494,569.3029516483944,0.0
2457968.1242179917,-401.2679754808633,-401.2679754808633,-401.2679754808633,-401.2679754808633,-401.2679754808633,-401.2679754808633,0.0,0.0,-9999.99,-9999.99,12.0,-9999.99,-9999.99,-9999.99,-9999.99,5.0
2457971.9199035265,0.7287830342639666,0.0007481064123284544,0.6791777841456675,0.0008980756412006363,0.6791777841456675,0.0008980756412006363,16.912943393011968,0.030828094766784,0.6206753978889835,2.050115471400544e-09,12.0,26477.998046875,134.92607880788375,830.2839799765494,569.3029516483944,6.0
2457973.947545953,0.7287806624019,0.0004344340257389823,0.6791752865123949,0.0006286625899853081,0.6791752865123949,0.0006286625899853081,16.91288436752395,0.0268448934602417,0.6101216290841903,1.0902947756207823e-09,12.0,10208.359375,76.63012075903124,830.2839799765494,569.3029516483944,4.0
2457976.09177685,0.7381870691003883,0.0003897617749802837,0.6890804806961753,0.0006460996285807469,0.6890804806961753,0.0006460996285807469,17.14696954206784,0.0270634972317924,0.5606392522045569,2.3173099255581154e-09,12.0,3150.025146484375,50.211989826704325,830.2839799765494,569.3029516483944,4.0
2457977.918987385,0.7388215907179069,0.00023865987665572241,0.689748648683887,0.0005635438959516806,0.689748648683887,0.0005635438959516806,17.162760067435254,0.026011956083127,0.5767869446156619,2.6812136313744987e-09,12.0,1093.3800048828125,30.151693729800503,830.2839799765494,569.3029516483944,4.0
2457978.10301369,0.7383160406169522,0.0002505936295318206,0.6892162911024959,0.0005654357786725087,0.6892162911024959,0.0005654357786725087,17.150179090722673,0.0260354517461662,0.5633997183577935,3.2084093340483483e-09,12.0,1970.5682373046875,31.472875773094195,830.2839799765494,569.3029516483944,4.0
2457979.9333540234,0.7388614075696428,0.00020375807667971679,0.6897905768782413,0.0005484571444163686,0.6897905768782413,0.0005484571444163686,17.163750938337092,0.025831180312873,0.6134100235943672,2.731697193777719e-09,12.0,1027.5374755859375,27.119924438571104,830.2839799765494,569.3029516483944,4.0
2457980.945103949,0.7388751987991324,0.00023710644992533972,0.6898050994063978,0.0005632297637441614,0.6898050994063978,0.0005632297637441614,17.164094142970455,0.0260080952300824,0.5932873738012927,3.225359454884308e-09,12.0,1059.300048828125,30.87027734561238,830.2839799765494,569.3029516483944,4.0
2457984.974239867,0.7384094194270605,0.0002469921624450905,0.6893146214507813,0.0005643799337850117,0.6893146214507813,0.0005643799337850117,17.152502889359457,0.0260225467722035,0.5718678163185965,3.0744683775727992e-09,12.0,1087.49755859375,31.35702830800407,830.2839799765494,569.3029516483944,4.0
2457985.921308683,0.7395386085253169,0.0002333424448623595,0.6905036873339561,0.0005666688465551002,0.6905036873339561,0.0005666688465551002,17.18060356963314,0.0260490405552443,0.6099210776051239,3.0359882124369114e-09,12.0,1135.8795166015625,30.756185969529074,830.2839799765494,569.3029516483944,4.0
2457987.9628133527,0.7393447398103865,0.0002409767942015646,0.6902995384672207,0.0005686850961234367,0.6902995384672207,0.0005686850961234367,17.175779007669384,0.0260737847709702,0.5909635967065983,1.4441148327877824e-09,12.0,1041.73046875,30.926262767965284,830.2839799765494,569.3029516483944,4.0
2457989.0296905986,0.7385018810417137,0.0002200094077469941,0.689411985968077,0.0005525771535315163,0.689411985968077,0.0005525771535315163,17.154803862929754,0.0258805843324523,0.5817157054330802,2.871546017897288e-09,12.0,1068.356201171875,28.160672556931925,830.2839799765494,569.3029516483944,4.0
2457989.074309016,0.7385328802628548,0.00023632369166563382,0.6894446289650036,0.0005602340194514324,0.6894446289650036,0.0005602340194514324,17.15557530077251,0.0259723231510578,0.5455044497820362,3.0420102982003747e-09,12.0,1097.69677734375,28.20983226730168,830.2839799765494,569.3029516483944,4.0
2457990.9665426854,0.7386718602642982,0.00020621395144868762,0.6895909785697024,0.0005479792415332405,0.6895909785697024,0.0005479792415332405,17.15903391774909,0.0258257317056049,0.5822429564726904,2.98477790760762e-09,12.0,1068.315673828125,25.99706080420028,830.2839799765494,569.3029516483944,4.0
2457991.9439655044,0.0,0.0,0.0,0.0,0.0,0.0,0.0,0.0,0.0,0.0,12.0,0.0,0.0,0.0,0.0,5.0
2457996.0221062684,0.7355262895091661,0.0005436087906911942,0.6862786096548636,0.0007453339765896116,0.6862786096548636,0.0007453339765896116,17.080754134314514,0.0284554722087806,0.5342574922776425,3.219976058762803e-09,12.0,8393.2412109375,71.76015845311572,830.2839799765494,569.3029516483944,4.0
2457997.0046556992,0.7421974162903695,0.000973615365616092,0.6933034819903384,0.001156258635834241,0.6933034819903384,0.001156258635834241,17.24676990707855,0.0352950123475495,0.5964544899270148,3.226112464678845e-09,12.0,19761.26171875,123.84107439806654,830.2839799765494,569.3029516483944,4.0
2457997.865732924,0.7371226472595148,0.0006384936056069061,0.6879596164421338,0.0008320293028361391,0.6879596164421338,0.0008320293028361391,17.12048064142853,0.0297655584565741,0.6023922410073119,3.1290576507950653e-09,12.0,11764.4072265625,91.92792594759084,830.2839799765494,569.3029516483944,4.0
2457998.013515408,0.7378941093301624,0.0004987882381265273,0.6887719863364119,0.0007227791015568481,0.6887719863364119,0.0007227791015568481,17.139679028150475,0.0281260237114169,0.5885209090918928,2.019802529563723e-09,12.0,11328.9794921875,68.60189893471028,830.2839799765494,569.3029516483944,4.0
2457998.883092405,0.735066780586485,0.0004746545269840929,0.6857947346477294,0.0006886780540562832,0.6857947346477294,0.0006886780540562832,17.069318925332148,0.02764720726293,0.5994712441026635,1.5731817965369475e-09,12.0,8581.9365234375,71.03766747452734,830.2839799765494,569.3029516483944,4.0
2458000.0289634718,-401.2679754808633,-401.2679754808633,-401.2679754808633,-401.2679754808633,-401.2679754808633,-401.2679754808633,0.0,0.0,-9999.99,-9999.99,12.0,-9999.99,-9999.99,-9999.99,-9999.99,5.0
2458000.9458059305,0.7401825108787803,0.0003355737199245356,0.691181733483871,0.0006256509323735502,0.691181733483871,0.0006256509323735502,17.196627541339982,0.0267916448362069,0.5914589523667257,1.7377987857232423e-09,12.0,5299.24609375,43.23124509682542,830.2839799765494,569.3029516483944,4.0
2458002.001748652,0.7381871620091178,0.00038975830359483225,0.6890805785315164,0.0006460979133555753,0.6890805785315164,0.0006460979133555753,17.146971854168186,0.0270634742593951,0.5682110535113364,3.2219185053810302e-09,12.0,7110.12890625,50.970034725475394,830.2839799765494,569.3029516483944,4.0
2458003.014511082,0.738384561531348,0.00040076572495476536,0.689288445431401,0.0006548013352036827,0.689288445431401,0.0006548013352036827,17.151884282802964,0.0271798328691686,0.550909394853874,3.2316417261916876e-09,12.0,7247.25830078125,50.58503072906858,830.2839799765494,569.3029516483944,4.0
2458003.9172199904,0.7394410313262438,0.0002839942845439414,0.6904009359714314,0.0005910158924418311,0.6904009359714314,0.0005910158924418311,17.178175291076965,0.0263495752156535,0.5785136545371536,1.8825526285879723e-09,12.0,2536.718994140625,36.05578270308253,830.2839799765494,569.3029516483944,4.0
2458004.9830842526,0.7379691628289876,0.0003638899140959015,0.6888510196489045,0.0006276887902720592,0.6888510196489045,0.0006276887902720592,17.141546788277783,0.0268206700432203,0.5287878237616127,1.6107549293457379e-09,12.0,2610.0498046875,44.17449115515104,830.2839799765494,569.3029516483944,4.0
2458013.013538368,0.7370305802207487,0.00041963897683388544,0.6878626674236474,0.0006593524692090377,0.6878626674236474,0.0006593524692090377,17.11818948716207,0.0272427184607116,0.4896728548385828,2.334081871723144e-09,12.0,1157.1837158203125,48.32474432126631,830.2839799765494,569.3029516483944,4.0
2458013.891921784,0.739112177846571,0.00024337413706413712,0.6900546445895483,0.000568012257730795,0.6900546445895483,0.000568012257730795,17.169991536466295,0.0260658526195911,0.5681795619155734,2.978983163582161e-09,12.0,1135.498779296875,30.061952727348675,830.2839799765494,569.3029516483944,4.0
2458016.967626299,0.7390687142237609,0.00025284765554705837,0.6900088762491329,0.000572249338354377,0.6900088762491329,0.000572249338354377,17.16890991305175,0.026117609671766,0.5129867818092911,1.3860293380679164e-09,12.0,1134.2933349609375,28.124161080395165,830.2839799765494,569.3029516483944,4.0
2458018.90529948,0.7388272687793611,0.00029244697263319276,0.6897546278322584,0.0005910224860740067,0.6897546278322584,0.0005910224860740067,17.16290137006538,0.0263503389048936,0.5169858246697355,1.6502500594806772e-09,12.0,1068.2333984375,33.551059093507305,830.2839799765494,569.3029516483944,4.0
2458020.960186848,-401.2679754808633,-401.2679754808633,-401.2679754808633,-401.2679754808633,-401.2679754808633,-401.2679754808633,0.0,0.0,-9999.99,-9999.99,12.0,-9999.99,-9999.99,-9999.99,-9999.99,5.0
2458022.8910403405,0.7372313154528084,0.0005005555213931362,0.6880740469139041,0.0007203655838482932,0.6880740469139041,0.0007203655838482932,17.12318492732747,0.0280921386085909,0.43812457314138,2.11034813926626e-09,12.0,4214.1015625,51.66054051471086,830.2839799765494,569.3029516483944,4.0
2458027.9461280163,0.7307027080557191,0.0003851065687964489,0.6811992512463703,0.0006005144794086902,0.6811992512463703,0.0006005144794086902,16.960715851615305,0.0264799046947035,0.5566238565567919,3.231976827862827e-09,12.0,7464.6396484375,59.01201249035509,830.2839799765494,569.3029516483944,4.0
2458033.9288587384,0.7374905475841155,0.00042117652820078947,0.6883470251809074,0.0006632527083385019,0.6883470251809074,0.0006632527083385019,17.129636104769578,0.0272950273517124,0.5018588707324335,2.1953256710290628e-09,12.0,2860.241455078125,49.08252189215863,830.2839799765494,569.3029516483944,4.0
2458036.937830227,0.0,0.0,0.0,0.0,0.0,0.0,0.0,0.0,0.0,0.0,12.0,0.0,0.0,0.0,0.0,5.0
2458039.925183801,0.7383461058026343,0.00036555392111478326,0.6892479505354655,0.000631281736217542,0.6892479505354655,0.000631281736217542,17.15092728442339,0.0268673047428563,0.5288749843357166,2.361396884655781e-09,12.0,1305.358642578125,43.993501002844816,830.2839799765494,569.3029516483944,4.0
2458041.9300438664,0.7394792678329106,0.0014041211814923066,0.6904412000207745,0.0015640960081377124,0.6904412000207745,0.0015640960081377124,17.179126833958755,0.0431916968856735,0.0596302189214196,2.3908566864318382e-09,12.0,868.9822998046875,16.329093832584412,830.2839799765494,569.3029516483944,4.0
2458044.8997350736,0.7393473278787959,0.00025931435519351324,0.6903022637714711,0.0005775799047125444,0.6903022637714711,0.0005775799047125444,17.17584341360725,0.026182750862565,0.5665381966159407,2.022294129951727e-09,12.0,1331.35693359375,32.043337585234866,830.2839799765494,569.3029516483944,4.0
2458178.202639773,0.7397815954833215,0.0007489790602156324,0.6907595590052865,0.0009407230128834138,0.6907595590052865,0.0009407230128834138,17.186650474290733,0.0315189724477077,0.3354262930642219,2.525523487208295e-09,12.0,5461.25146484375,55.8269238191992,830.2839799765494,569.3029516483944,4.0
2458187.2830096544,0.7380000948309676,0.0006052403960599017,0.6888835918622829,0.0008084648839725337,0.6888835918622829,0.0008084648839725337,17.142316553323518,0.0293997458637474,0.4796013582426018,3.133300343712215e-09,12.0,8926.201171875,67.692202748328,830.2839799765494,569.3029516483944,4.0
2458195.276851372,0.7392237197969801,0.0002466729196473947,0.6901721012033069,0.0005704492467618302,0.6901721012033069,0.0005704492467618302,17.172767337871388,0.0260954337597092,0.5029781168101256,2.509285444786911e-09,12.0,1127.9205322265625,26.630710657747205,830.2839799765494,569.3029516483944,4.0
2458202.29443824,0.0,0.0,0.0,0.0,0.0,0.0,0.0,0.0,0.0,0.0,12.0,0.0,0.0,0.0,0.0,5.0
2458207.25718994,0.7396023708158986,0.0003059583689548152,0.6905708307065591,0.0006042429176711625,0.6905708307065591,0.0006042429176711625,17.182190339948157,0.0265164189292673,0.5006828750903576,1.9830298902534213e-09,12.0,1998.0560302734373,33.29185951413125,830.2839799765494,569.3029516483944,4.0
2458208.2052563047,0.738785785086633,0.00036568449111373726,0.689710944410405,0.0006343462163105332,0.689710944410405,0.0006343462163105332,17.161869018630423,0.0269071014351029,0.4919512249217175,1.3518392246630663e-09,12.0,3897.31640625,40.389151911016896,830.2839799765494,569.3029516483944,4.0
2458210.2748407377,0.7415808167638909,0.002161115283599804,0.6926541864368747,0.002336370321481244,0.6926541864368747,0.002336370321481244,17.231425385795767,0.0595628188450347,0.1585038987958371,2.9340687668186382e-09,12.0,16544.98828125,73.53684643776415,830.2839799765494,569.3029516483944,4.0
2458211.298277393,0.7389072097976412,0.00046009347470166357,0.6898388078315602,0.0006999268563593291,0.6898388078315602,0.0006999268563593291,17.164890759618388,0.0278002686841075,0.4849215093932579,2.0252114203829515e-09,12.0,3394.552001953125,50.48098464077162,830.2839799765494,569.3029516483944,4.0
2458214.302530721,0.7389581986304182,0.0007298868411364245,0.6898925004164173,0.0009199682767370609,0.6898925004164173,0.0009199682767370609,17.166159653278097,0.0311757167139242,0.4866714125420984,2.7127557415282427e-09,12.0,12766.470703125,81.23658187087685,830.2839799765494,569.3029516483944,4.0
2458215.233639596,0.7434177634386394,0.0009815177137596318,0.6945885397028844,0.0011689520828008432,0.6945885397028844,0.0011689520828008432,17.277139120781886,0.0355268531040375,0.4867230130005562,2.995937113800259e-09,12.0,19805.3203125,98.66760575937036,830.2839799765494,569.3029516483944,6.0
2458215.2926964154,0.7427963425362899,0.0009376058370959282,0.6939341671135485,0.0011254457437329158,0.6939341671135485,0.0011254457437329158,17.261674616103903,0.0347338474743045,0.4709781372617148,2.3511673809578435e-09,12.0,20149.533203125,92.54546630513444,830.2839799765494,569.3029516483944,6.0
2458224.165028906,0.7392288618295086,0.00029579226183854164,0.6901775158990914,0.0005958221241299833,0.6901775158990914,0.0005958221241299833,17.172895301037403,0.0264101922411685,0.4619301562622335,1.998649415353457e-09,12.0,1051.715087890625,29.70716694348985,830.2839799765494,569.3029516483944,4.0
2458230.255612092,0.7389049419167979,0.00025542653942848734,0.6898364196932564,0.0005722692502939005,0.6898364196932564,0.0005722692502939005,17.164834321777665,0.0261180373812657,0.4103922027663303,3.0321707932673517e-09,12.0,984.9202880859376,22.0722734769212,830.2839799765494,569.3029516483944,4.0
2458231.1451516147,0.7389219181698234,0.0002863523229271226,0.6898542961351456,0.0005884036795153054,0.6898542961351456,0.0005884036795153054,17.165256788005202,0.0263174801404058,0.4168142976761206,1.6753176020497567e-09,12.0,945.4917602539062,25.693229524051784,830.2839799765494,569.3029516483944,4.0
2458232.2168134046,0.739155940850191,0.00026457196174423504,0.690100728185848,0.0005787591432943517,0.690100728185848,0.0005787591432943517,17.171080610186934,0.0261975031169232,0.4447431790266748,1.641613948663213e-09,12.0,1037.344482421875,25.16696848466104,830.2839799765494,569.3029516483944,4.0
2458235.1341198534,0.7387513906187333,0.0004936369235436193,0.6896747261291516,0.0007238919772537579,0.6896747261291516,0.0007238919772537579,17.161013087637894,0.0281410944198694,0.4113434033547991,3.0848443588875916e-09,12.0,2148.587890625,45.79078382577248,830.2839799765494,569.3029516483944,6.0
2458245.1035190504,0.7370031197678238,0.0005153047357564694,0.6878337508429262,0.0007305511196521421,0.6878337508429262,0.0007305511196521421,17.11750611410347,0.0282389089262757,0.5050106603428446,2.8401189501680244e-09,12.0,6611.9365234375,61.89594406472876,830.2839799765494,569.3029516483944,4.0
2458246.122200826,0.7366509191658668,0.00034630425863079996,0.6874628743259038,0.0006078196870289975,0.6874628743259038,0.0006078196870289975,17.108741349616214,0.0265653679442098,0.5413202566744646,1.5110402456636939e-09,12.0,2706.19091796875,44.5384042438586,830.2839799765494,569.3029516483944,4.0
2458248.0960896336,0.7393493707713031,0.0002512039636210634,0.6903044149911269,0.0005736073640745881,0.6903044149911269,0.0005736073640745881,17.17589425245193,0.026133928792862,0.5071569188602204,3.1867275927613452e-09,12.0,1185.01708984375,27.305373395880583,830.2839799765494,569.3029516483944,4.0
2458248.2599620274,0.7380804812295979,0.0002972763021434568,0.688968240858833,0.0005882931002483875,0.688968240858833,0.0005882931002483875,17.14431702648586,0.0263170495410973,0.4718648691901432,2.045123243927103e-09,12.0,1550.5430908203125,31.488684045886703,830.2839799765494,569.3029516483944,4.0
2458251.1568436925,0.7393457022056137,0.0002872598650648084,0.6903005518947611,0.0005920483533351337,0.6903005518947611,0.0005920483533351337,17.175802957564596,0.0263626220143138,0.4920380502868446,3.2226004403202044e-09,12.0,1103.73046875,30.61324894067562,830.2839799765494,569.3029516483944,4.0
2458252.2504740097,0.7394671478536047,0.00024915405878645565,0.690428437363111,0.0005735287909251844,0.690428437363111,0.0005735287909251844,17.17882521958438,0.0261328348075692,0.4957645852152709,1.7058893626653335e-09,12.0,1219.84228515625,26.273734802695497,830.2839799765494,569.3029516483944,4.0
2458254.0840251334,0.7394838460381015,0.0004920337115688706,0.6904460209915103,0.0007271185016610741,0.6904460209915103,0.0007271185016610741,17.179240765877225,0.0281867535407666,0.2531536692484749,3.186422386029688e-09,12.0,983.7113037109376,26.43693825664075,830.2839799765494,569.3029516483944,4.0
2458255.181194779,0.738293197804158,0.0002700802765606751,0.6891922370185423,0.0005751300485478367,0.6891922370185423,0.0005751300485478367,17.149610630949315,0.0261538028011969,0.5208927872040477,2.856084341057187e-09,12.0,1073.669189453125,31.411836201096254,830.2839799765494,569.3029516483944,4.0
2458264.056864737,0.7390643871680365,0.0003388220245301616,0.6900043197454043,0.0006195462623525905,0.6900043197454043,0.0006195462623525905,17.168802231167803,0.0267135053359953,0.5093375893091563,2.80203105468257e-09,12.0,2530.13037109375,38.31783790648535,830.2839799765494,569.3029516483944,4.0
2458265.0568644474,0.7400767176397602,0.000383755577936648,0.6910703304147273,0.0006549060702231932,0.6910703304147273,0.0006549060702231932,17.1939948007393,0.0271794262443452,0.5543566412122644,2.856219061215296e-09,12.0,3690.481689453125,46.61939776254954,830.2839799765494,569.3029516483944,4.0
2458293.1534498623,0.0,0.0,0.0,0.0,0.0,0.0,0.0,0.0,0.0,0.0,12.0,0.0,0.0,0.0,0.0,5.0
2458294.1460067546,0.7293798551669342,0.0003084599764440647,0.6798062522872574,0.0005426649715236874,0.6798062522872574,0.0005426649715236874,16.927795709068548,0.025774908955318,1.02112378750552,1.6455368048138515e-09,12.0,7380.76708984375,90.02461717830471,830.2839799765494,569.3029516483944,0.0
2458295.112056775,0.7294981228873966,0.0005671103925185576,0.679930791314157,0.000739068472849107,0.679930791314157,0.000739068472849107,16.930738886083397,0.0283713224797895,0.8676041965767984,3.209373123799507e-09,12.0,9050.1396484375,140.65243576798966,830.2839799765494,569.3029516483944,2.0
2458295.975132976,-401.2679754808633,-401.2679754808633,-401.2679754808633,-401.2679754808633,-401.2679754808633,-401.2679754808633,0.0,0.0,-9999.99,-9999.99,12.0,-9999.99,-9999.99,-9999.99,-9999.99,5.0
2458296.1356969327,-401.2679754808633,-401.2679754808633,-401.2679754808633,-401.2679754808633,-401.2679754808633,-401.2679754808633,0.0,0.0,-9999.99,-9999.99,12.0,-9999.99,-9999.99,-9999.99,-9999.99,5.0
2458300.011133071,0.7346180181651413,0.0003973099446382998,0.6853221759897558,0.000629492110935232,0.6853221759897558,0.000629492110935232,17.05815115074019,0.02684817983652,0.8714630922518031,1.5980446526239203e-09,12.0,11791.3017578125,87.64465323452445,830.2839799765494,569.3029516483944,0.0
2458300.9526173025,0.7369019705858529,0.0003550548957010859,0.6877272380882617,0.0006150109296760843,0.6877272380882617,0.0006150109296760843,17.114988944191992,0.0266573527457447,0.7629163094971824,2.957449162194824e-09,12.0,5394.11962890625,64.6814602678594,830.2839799765494,569.3029516483944,0.0
2458302.961952505,0.7396125293023095,0.00019624181011408467,0.6905815278605026,0.0005514548941250384,0.6905815278605026,0.0005514548941250384,17.18244314116553,0.0258659540768306,0.9591965442137452,2.591116629084254e-09,12.0,1261.1644287109375,41.30185313292219,830.2839799765494,569.3029516483944,0.0
2458304.0278223148,0.7400006173018437,0.00017264811802656006,0.6909901947530793,0.0005458564787772927,0.6909901947530793,0.0005458564787772927,17.1921009892707,0.0257991144506599,1.016776995483703,2.051512262846047e-09,12.0,1200.628173828125,38.12658147064257,830.2839799765494,569.3029516483944,0.0
2458305.9429226187,0.7392211792468845,0.0002206091631777727,0.6901694259370937,0.0005584665855549384,0.6901694259370937,0.0005584665855549384,17.17270411446083,0.0259502750076342,0.9312122223964135,2.5726134386338954e-09,12.0,1251.1197509765625,45.56330955092911,830.2839799765494,569.3029516483944,0.0
2458309.9318791083,0.7410894124868057,0.00015409044644082909,0.6921367247808682,0.0005489752399385963,0.6921367247808682,0.0005489752399385963,17.219196438051927,0.025834858969563,0.9917255348585642,2.3720973837482275e-09,12.0,1127.3292236328125,31.634939403307477,830.2839799765494,569.3029516483944,0.0
2458311.0601815665,0.7401877922400583,0.00016738701976126412,0.691187294896501,0.0005456072446453558,0.691187294896501,0.0005456072446453558,17.19675897180182,0.0257959628881926,1.0110507354990732,1.4740219259059311e-09,12.0,1073.9368896484375,36.44306895533983,830.2839799765494,569.3029516483944,0.0
2458312.0557241347,0.7401628938864766,0.00015210425610512562,0.6911610762739184,0.0005404114772137711,0.6911610762739184,0.0005404114772137711,17.196139358422247,0.0257348339800778,1.0128511792916588,2.5594751157044822e-09,12.0,1072.2523193359375,32.935337518318484,830.2839799765494,569.3029516483944,0.0
2458312.924730061,0.7400385960807259,0.00017561444534700484,0.6910301874082715,0.0005472212375270837,0.6910301874082715,0.0005472212375270837,17.193046118411775,0.0258152144379035,0.9841643824867377,1.7461823040407671e-09,12.0,1143.4674072265625,37.26539561796961,830.2839799765494,569.3029516483944,0.0
2458313.1013006475,0.7401163672924916,0.00015477427439663111,0.6911120825441228,0.0005408575396833858,0.6911120825441228,0.0005408575396833858,17.19498151077404,0.0257401185321697,0.9940201523131768,2.879097569875973e-09,12.0,1073.55615234375,32.82862752249845,830.2839799765494,569.3029516483944,0.0
2458313.9209882887,0.7397576465446706,0.00018977066194637537,0.6907343401416511,0.0005501252254256429,0.6907343401416511,0.0005501252254256429,17.186054487782403,0.0258499740945285,0.9910587223861176,1.668984943811304e-09,12.0,1104.2403564453125,41.11005836069818,830.2839799765494,569.3029516483944,0.0
2458314.918063685,0.7399601410899243,0.00020478948519586873,0.6909475722350723,0.0005577121876946117,0.6909475722350723,0.0005577121876946117,17.191093709717965,0.025940389046984,0.9813074968870992,3.126858659646752e-09,12.0,1121.5576171875,43.744887732400464,830.2839799765494,569.3029516483944,0.0
2458317.0249600224,0.7395041313172923,0.00015951162505710523,0.6904673819251694,0.0005372553053889263,0.6904673819251694,0.0005372553053889263,17.17974557959327,0.0256986360236347,0.9949966812262332,3.170259253614789e-09,12.0,1077.7342529296875,34.48762275255902,830.2839799765494,569.3029516483944,0.0
2458317.9105333406,0.7407128798414695,0.0001915354260001171,0.6917402259808338,0.0005587209889733343,0.6917402259808338,0.0005587209889733343,17.209826153220508,0.0259516884512361,0.9771246920963156,3.0742845854936758e-09,12.0,1471.5499267578125,39.98649237252161,830.2839799765494,569.3029516483944,0.0
2458327.944227847,0.7315998835814778,0.0005542279970327679,0.6821440007223848,0.0007362165835111466,0.6821440007223848,0.0007362165835111466,16.983042707797008,0.0283272339114656,0.7480452010000321,2.911499169911249e-09,12.0,20829.7578125,112.79099426704474,830.2839799765494,569.3029516483944,0.0
2458328.0589822344,0.7372448090013991,0.0004404827648152445,0.688088255976228,0.0006755374000380589,0.688088255976228,0.0006755374000380589,17.123520723958254,0.0274630470037653,0.8710375359720003,3.2046338561789274e-09,12.0,12180.0283203125,91.40088782391696,830.2839799765494,569.3029516483944,0.0
2458330.0407216707,0.7402267707051092,0.0004262158526508271,0.691228340247578,0.0006844070382603094,0.691228340247578,0.0006844070382603094,17.197728978849927,0.0275822317479147,0.6456342041497761,1.965799433441052e-09,12.0,6204.580078125,60.601494163942974,830.2839799765494,569.3029516483944,4.0
2458330.87544986,0.7404088617306545,0.00020760554967018483,0.6914200868969589,0.0005625380698605925,0.6914200868969589,0.0005625380698605925,17.202260444569397,0.025998030689121,0.8227865191169428,1.895998289444665e-09,12.0,1185.4705810546875,36.59284909709648,830.2839799765494,569.3029516483944,0.0
2458332.017301899,0.7405044706665573,0.0002040721805101342,0.6915207656264863,0.0005618925533410167,0.6915207656264863,0.0005618925533410167,17.204639741485444,0.0259901292488756,1.0090979841122822,1.5811733848664963e-09,12.0,1654.6513671875,44.52695720483708,830.2839799765494,569.3029516483944,0.0
2458332.868409696,0.7398318477609033,0.00017041566557387738,0.6908124759781096,0.00054367064535028,0.6908124759781096,0.00054367064535028,17.187901038246345,0.0257735116140875,0.9839103091211772,2.8797138157547034e-09,12.0,1243.8548583984375,36.21734315028738,830.2839799765494,569.3029516483944,0.0
2458335.9150463515,0.7404547948059056,0.0001614643206003541,0.6914684556358839,0.0005458860959872922,0.6914684556358839,0.0005458860959872922,17.203403522078393,0.0257989641043722,0.9951081797885796,2.5126380414753363e-09,12.0,1096.1209716796875,34.10307487608065,830.2839799765494,569.3029516483944,0.0
2458337.9020184106,0.7402074417164944,0.0001508384950050772,0.6912079863131011,0.0005403963785059379,0.6912079863131011,0.0005403963785059379,17.197247963110474,0.0257346076507866,0.9980734671089044,3.158058452961133e-09,12.0,1111.3067626953125,31.989383218743328,830.2839799765494,569.3029516483944,0.0
2458338.9470829046,0.7400010663128065,0.0001947910361912415,0.6909906675734581,0.0005540625433164521,0.6909906675734581,0.0005540625433164521,17.192112163230423,0.0258966269955621,1.0095422925967272,1.7345427779232399e-09,12.0,1067.5836181640625,43.02015268912028,830.2839799765494,569.3029516483944,0.0
2458339.943551521,0.7403691548799237,0.00016571722846249956,0.6913782745365624,0.000546572384579181,0.6913782745365624,0.000546572384579181,17.20127231112144,0.0258071719222323,1.0044368400935462,1.4520289102756436e-09,12.0,1057.888671875,35.61989108667704,830.2839799765494,569.3029516483944,0.0
2458339.9752682745,0.739495560567853,0.00017883647536472852,0.6904583567001052,0.0005438907118478898,0.6904583567001052,0.0005438907118478898,17.179532290348735,0.0257764809281513,1.0003737390392204,3.190263488201192e-09,12.0,1065.941162109375,39.40362012140521,830.2839799765494,569.3029516483944,0.0
2458340.874712359,0.7405400652716021,0.0001771550530802186,0.6915582476837869,0.0005519743795202058,0.6915582476837869,0.0005519743795202058,17.205525538751267,0.0258711187770788,1.0011480089917415,2.498814005805681e-09,12.0,1183.81787109375,37.93727463844722,830.2839799765494,569.3029516483944,0.0
2458341.8744127885,0.8364000420898507,0.4795255086921016,0.792501329911987,0.5049558309476305,0.792501329911987,0.5049558309476305,19.59106978795731,11.933423959720727,0.0012038594482168,3.229239817019656e-09,12.0,466.0481262207031,10.365599433794063,830.2839799765494,569.3029516483944,6.0
2458343.033569966,0.7406705584986888,0.00016483244821205076,0.6916956604913969,0.0005488358000805939,0.6916956604913969,0.0005488358000805939,17.208772956263445,0.0258336571688019,0.9565454399203868,3.219693144906126e-09,12.0,1060.20458984375,33.31092269381339,830.2839799765494,569.3029516483944,0.0
2458344.864310277,0.73970533679813,0.00021877520758410878,0.6906792565997841,0.0005615212420979218,0.6906792565997841,0.0005615212420979218,17.184752722236652,0.0259865238124973,0.9523762324935882,1.896280287631298e-09,12.0,1477.388427734375,46.05512158146679,830.2839799765494,569.3029516483944,0.0
2458346.0284890654,0.7397438064088303,0.0001628099381557241,0.6907197661138187,0.0005403445921275657,0.6907197661138187,0.0005403445921275657,17.185710066079437,0.0257345157746918,0.9742182219387916,3.2240021810514022e-09,12.0,1042.1329345703125,34.345772377215,830.2839799765494,569.3029516483944,0.0
2458347.899656635,0.740319274033272,0.00016671413801716423,0.691325748690299,0.0005464870503506471,0.691325748690299,0.0005464870503506471,17.20003099049082,0.0258062173727459,0.9874422797524082,3.0478551549271153e-09,12.0,1535.4580078125,35.26200502618739,830.2839799765494,569.3029516483944,0.0
2458347.973900866,0.7382656362363812,0.0001637562235369079,0.6891632139612166,0.0005285755616563633,0.6891632139612166,0.0005285755616563633,17.148924741575133,0.0255993367044776,0.9894838764928428,1.9074349152067252e-09,12.0,2274.943603515625,36.62181758666208,830.2839799765494,569.3029516483944,0.0
2458353.0118637346,0.7384863206964906,0.000341785744206712,0.6893956005144237,0.0006173083115521733,0.6893956005144237,0.0006173083115521733,17.154416632583004,0.0266851934592784,0.9222469514126836,2.9318419435048383e-09,12.0,7892.7548828125,72.70573429553946,830.2839799765494,569.3029516483944,0.0
2458353.977022094,0.7364665043445991,0.0003273170285923994,0.6872686806583778,0.0005948247918707679,0.6872686806583778,0.0005948247918707679,17.104152054574165,0.0264007940478857,0.9629070217118042,1.9506204941999123e-09,12.0,8501.0400390625,76.32941634712805,830.2839799765494,569.3029516483944,0.0
2458381.880057115,0.7388600197838817,0.0003337142779975501,0.6897891155032564,0.0006150162596235196,0.6897891155032564,0.0006150162596235196,17.163716402293467,0.0266552045589307,0.856934176100514,1.947320811214757e-09,12.0,4832.5927734375,64.99389710210025,830.2839799765494,569.3029516483944,0.0
2458390.8802764467,0.7394960916886801,0.00021226253887828662,0.6904589159843356,0.0005570618650182487,0.6904589159843356,0.0005570618650182487,17.179545507671303,0.0259330988957405,0.9325267871215964,3.226668796577411e-09,12.0,1446.383544921875,43.68846769252272,830.2839799765494,569.3029516483944,0.0
2458398.88121171,0.7398199985565076,0.00017368619373562747,0.6907999984535644,0.0005447187312328408,0.6907999984535644,0.0005447187312328408,17.187606162299762,0.0257858813079196,0.9438353708680286,3.0467653406134406e-09,12.0,1631.3359375,35.54124242685155,830.2839799765494,569.3029516483944,0.0
2458683.95987839,0.7388895195867644,0.00030810929672706023,0.6898201795732355,0.0006002320694237681,0.6898201795732355,0.0006002320694237681,17.164450526037857,0.0264662795890171,1.0153642520713078,1.8605413502233215e-09,12.0,5361.23193359375,71.32988878278626,830.2839799765494,569.3029516483944,0.0
2458684.001649403,0.7386190247554915,0.00024044038194036854,0.6895353413863116,0.0005628303346387556,0.6895353413863116,0.0005628303346387556,17.15771906823241,0.0260035563996936,1.0708518468313155,3.229393696021097e-09,12.0,5595.7236328125,58.92575671250962,830.2839799765494,569.3029516483944,0.0
2458685.014103376,0.7382412342730803,0.00018845311657206168,0.6891375180506839,0.0005374299901089872,0.6891375180506839,0.0005374299901089872,17.148317481223586,0.0257021223142513,1.0234038632006828,3.230249102278757e-09,12.0,2170.946533203125,43.823664614411584,830.2839799765494,569.3029516483944,0.0
2458686.027501211,0.7408770152102411,0.0002349626905577959,0.691913064850364,0.000578144107411786,0.691913064850364,0.000578144107411786,17.213910779548,0.0261880393206977,0.7183277289882753,2.986742128888724e-09,12.0,2492.401123046875,35.620101959077246,830.2839799765494,569.3029516483944,0.0
2458687.9936070875,0.7399550729062047,0.00018124866438660079,0.6909422353040308,0.0005485615866349711,0.6909422353040308,0.0005485615866349711,17.19096758433251,0.025831189616498,1.0768825714080212,1.88247065044025e-09,12.0,1182.0675048828125,42.7318667833717,830.2839799765494,569.3029516483944,0.0
2458688.893640899,0.7403904109113795,0.0001624458183427479,0.691400657697943,0.0005456625039333008,0.691400657697943,0.0005456625039333008,17.201801282703567,0.0257963928053651,1.0521117533591895,2.531500169318815e-09,12.0,1312.5809326171875,36.45474597638754,830.2839799765494,569.3029516483944,0.0
2458689.89128779,0.7405546480779286,0.00017872344496623475,0.6915736037632162,0.000552657610050358,0.6915736037632162,0.000552657610050358,17.20588844234173,0.0258792479356543,1.033368925459605,2.887860723386881e-09,12.0,1204.46533203125,39.47747144107845,830.2839799765494,569.3029516483944,0.0
2458691.960091004,0.7398069902341342,0.0001496238940001865,0.690786300347237,0.0005366324450568392,0.690786300347237,0.0005366324450568392,17.187282440871286,0.0256910266280275,1.0537772659049718,3.209148133426782e-09,12.0,1123.4959716796875,33.98231365290331,830.2839799765494,569.3029516483944,0.0
2458692.882470164,0.7393836807861294,0.00021171205936828765,0.6903405443410685,0.0005559301318435268,0.6903405443410685,0.0005559301318435268,17.176748081769187,0.0259196576123227,1.0169424123110085,2.420549406576598e-09,12.0,1190.4971923828125,47.87093661054706,830.2839799765494,569.3029516483944,0.0
2458694.0731958835,0.7421617308594035,0.0010219928496017546,0.6932659042909489,0.0012015126998966717,0.6932659042909489,0.0012015126998966717,17.24588184954456,0.0361293631181506,0.0969191228074073,1.932825765856054e-09,12.0,858.6243286132812,18.74479804855696,830.2839799765494,569.3029516483944,4.0
2458694.931796272,0.7402470288032675,0.00016255501569806345,0.6912496725588936,0.0005444849190684945,0.6912496725588936,0.0005444849190684945,17.198233116146486,0.0257826500794899,1.0299965092493542,2.426325653706469e-09,12.0,1175.433837890625,35.74543979136539,830.2839799765494,569.3029516483944,0.0
2458696.8715228806,0.0,0.0,0.0,0.0,0.0,0.0,0.0,0.0,0.0,0.0,12.0,0.0,0.0,0.0,0.0,5.0
2458697.8687286936,0.7402992132512833,0.00015639770419352962,0.6913046241581108,0.0005429243076471274,0.6913046241581108,0.0005429243076471274,17.1995317635486,0.025764205748782,1.0206989657224084,2.9340552215981877e-09,12.0,1284.4512939453125,33.9809816366636,830.2839799765494,569.3029516483944,0.0
2458697.950557228,0.7404019905476138,0.00018851559707909,0.691412851360109,0.0005549777421866754,0.691412851360109,0.0005549777421866754,17.202089450253187,0.0259071294485601,1.0306512880398917,2.817519879592355e-09,12.0,1123.0062255859375,41.98888021936981,830.2839799765494,569.3029516483944,0.0
2458699.9574479107,0.7403392010157359,4.3221828589797196e-05,0.6913467323280604,0.0005196962699834634,0.6913467323280604,0.0005196962699834634,17.200526887735926,0.0254952318320871,0.999790098013801,1.953265537796858e-09,12.0,1127.966064453125,0.1749789534481212,830.2839799765494,569.3029516483944,0.0
2458700.049072216,0.7400840084694206,0.00019441571412697872,0.6910780078505284,0.0005545991617512461,0.6910780078505284,0.0005545991617512461,17.194176238262507,0.0259029499975105,0.9732361100385498,2.051413950444325e-09,12.0,1160.0091552734375,41.2030858225112,830.2839799765494,569.3029516483944,0.0
2458701.87067415,0.7401416550137878,0.00015042495528169787,0.6911387111811714,0.0005397096798980016,0.6911387111811714,0.0005397096798980016,17.19561081384834,0.0257266308202178,1.0503241156164729,2.9111575166043833e-09,12.0,1538.6578369140625,33.76797328523145,830.2839799765494,569.3029516483944,0.0
2458701.94519847,0.739296978303872,0.00016865330063639534,0.6902492443419823,0.0005386357983118046,0.6902492443419823,0.0005386357983118046,17.174590428337517,0.0257150041889862,1.0679802826876574,2.9745228789865203e-09,12.0,1355.2723388671875,39.823124458324365,830.2839799765494,569.3029516483944,0.0
2458702.953737819,0.7410907896589213,0.0003339695652397691,0.692138174979405,0.0006314555655239937,0.692138174979405,0.0006314555655239937,17.219230709967377,0.0268666437603296,0.6779957796969612,3.100755935548394e-09,12.0,3699.88525390625,48.46703589387946,830.2839799765494,569.3029516483944,4.0
2458703.9509309726,0.7399960490220463,0.0002205693561107067,0.6909853842340433,0.0005646348680150557,0.6909853842340433,0.0005646348680150557,17.191987304352736,0.0260238556981312,1.0071722114510602,2.750137330865953e-09,12.0,2396.91162109375,48.64867716999219,830.2839799765494,569.3029516483944,0.0
2458704.03026897,0.7393075814941342,0.00020957050522084944,0.690260409780803,0.0005544213371997651,0.690260409780803,0.0005544213371997651,17.174854296329073,0.0259016877655864,1.0100568807457564,2.5998727742809907e-09,12.0,3676.94775390625,47.07681401758165,830.2839799765494,569.3029516483944,0.0
2458704.052236747,0.7396080431316365,0.00024325513082436648,0.6905768038045393,0.0005718162894408317,0.6905768038045393,0.0005718162894408317,17.182331499592006,0.0261117111505238,1.0153196256517332,3.121629489015611e-09,12.0,3651.509765625,55.00024966495548,830.2839799765494,569.3029516483944,0.0
2458709.945232063,0.7395035824215065,0.0004990656505711183,0.6904668039234391,0.0007325336096486463,0.6904668039234391,0.0007325336096486463,17.17973191992811,0.0282649323186816,0.2564536419603425,2.3360705628641503e-09,12.0,1345.3065185546875,27.33194767882332,830.2839799765494,569.3029516483944,0.0
2458709.947752894,0.7392396320989332,0.0002459796096191157,0.6901888572766738,0.0005702403392783656,0.6901888572766738,0.0005702403392783656,17.17316332691369,0.0260928657972959,1.0436864098696592,1.5182012352317806e-09,12.0,5457.41650390625,57.82411228253627,830.2839799765494,569.3029516483944,0.0
2458710.0229370915,0.738711791883767,0.00042333795480404657,0.6896330276175043,0.0006724562029926469,0.6896330276175043,0.0006724562029926469,17.16002764472824,0.0274191708980099,1.0317749422545377,1.932179788071335e-09,12.0,12484.126953125,100.67448516554664,830.2839799765494,569.3029516483944,0.0
2458711.9638633817,0.739730200738501,0.00026234328180167846,0.6907054389843488,0.0005820424247041711,0.6907054389843488,0.0005820424247041711,17.18537147921881,0.0262374621888595,0.9687280075165904,1.9681932730460606e-09,12.0,4492.27490234375,56.61411670697436,830.2839799765494,569.3029516483944,0.0
2458714.9634998217,0.0,0.0,0.0,0.0,0.0,0.0,0.0,0.0,0.0,0.0,12.0,0.0,0.0,0.0,0.0,5.0
2458717.925540876,0.739452673900097,0.00022366689167541533,0.6904131959085689,0.0005616435922506459,0.6904131959085689,0.0005616435922506459,17.17846502487436,0.0259882815101395,0.9802551115364272,1.236324369553355e-09,12.0,1154.9066162109375,48.887563556871214,830.2839799765494,569.3029516483944,0.0
2458724.903081949,0.740059898651219,0.00017843302730772702,0.6910526195764856,0.000548408685560565,0.6910526195764856,0.000548408685560565,17.193576248151217,0.0258292603098743,0.9974212571160852,2.5572071731752073e-09,12.0,1268.300048828125,38.51408759732935,830.2839799765494,569.3029516483944,0.0
2458727.8690695893,0.7405030369636757,0.00018800158324463776,0.6915192558995633,0.0005556285756976251,0.6915192558995633,0.0005556285756976251,17.204604062761355,0.0259148092847696,0.9990024151354536,3.067987754817602e-09,12.0,1500.0504150390625,40.32149464579216,830.2839799765494,569.3029516483944,0.0
2458728.93854045,0.7404127944382292,0.00016624108685220736,0.6914242281416917,0.000547117959458248,0.6914242281416917,0.000547117959458248,17.202358312816916,0.0258135798189867,1.0060391870044054,1.8153605803447994e-09,12.0,1256.947021484375,35.73808094960044,830.2839799765494,569.3029516483944,0.0
2458734.884355881,0.0,0.0,0.0,0.0,0.0,0.0,0.0,0.0,0.0,0.0,12.0,0.0,0.0,0.0,0.0,5.0
2458734.8881464624,0.0,0.0,0.0,0.0,0.0,0.0,0.0,0.0,0.0,0.0,12.0,0.0,0.0,0.0,0.0,5.0
2458736.8701765398,0.7406244436137636,0.00025239024636822136,0.691647100302093,0.0005842068469760454,0.691647100302093,0.0005842068469760454,17.20762535429036,0.0262633454979063,0.983707382816989,1.7005659084950324e-09,12.0,4978.0673828125,54.04587669374016,830.2839799765494,569.3029516483944,0.0
2458736.873974359,-401.2679754808633,-401.2679754808633,-401.2679754808633,-401.2679754808633,-401.2679754808633,-401.2679754808633,0.0,0.0,-9999.99,-9999.99,12.0,-9999.99,-9999.99,-9999.99,-9999.99,5.0
2458739.8952823174,0.7398664343111606,0.00024715277077504535,0.690848896527149,0.000575692857294648,0.690848896527149,0.000575692857294648,17.188761749346067,0.0261589564752737,1.0162752690225472,1.4115432602169363e-09,12.0,3938.18017578125,55.777465411187016,830.2839799765494,569.3029516483944,0.0
2458739.899066556,0.7398339759235332,0.0002458615730023727,0.6908147169894521,0.0005748238728414714,0.6908147169894521,0.0005748238728414714,17.18795399909916,0.0261483171771062,1.0161208219951647,2.0412782039109704e-09,12.0,3978.403564453125,55.53961561771149,830.2839799765494,569.3029516483944,0.0
2458749.879510217,0.7391156566542675,0.00019405958565172802,0.6900583078657457,0.0005465786513109068,0.6900583078657457,0.0005465786513109068,17.170078109089925,0.0258086441250478,0.9447441812682528,2.831219865859062e-09,12.0,1436.61083984375,40.73506674601142,830.2839799765494,569.3029516483944,0.0
2458749.883298716,0.7395214718446927,0.0001694871266384633,0.6904856419575762,0.0005407747486072381,0.6904856419575762,0.0005407747486072381,17.18017711104978,0.0257398109602566,0.9574919758938324,2.1818633324997103e-09,12.0,1362.858154296875,35.4012741083838,830.2839799765494,569.3029516483944,0.0
2458751.880238783,0.7392540352893444,0.0006499101220846892,0.6902040242158098,0.0008523931216395196,0.6902040242158098,0.0008523931216395196,17.173521760633328,0.0300835171525442,0.1509378567989326,3.114809609877289e-09,12.0,1398.8939208984375,20.169627882493977,830.2839799765494,569.3029516483944,4.0
2458751.884020771,0.7348184598801053,0.0009861537770309548,0.6855332463987749,0.0011406249381047302,0.6855332463987749,0.0011406249381047302,17.06313928652224,0.0350160157449337,0.0857511900667431,1.835448333540289e-09,12.0,1259.0181884765625,19.10040632750816,830.2839799765494,569.3029516483944,4.0
2458753.8809705013,0.7384485313071606,0.0007312943380173852,0.6893558072914218,0.0009188161502443053,0.6893558072914218,0.0009188161502443053,17.153476216536713,0.0311572184603118,0.194149317288124,1.9880733134463428e-09,12.0,1368.8502197265625,31.595989070063567,830.2839799765494,569.3029516483944,4.0
2458753.8847568664,0.7363832955726517,0.0010485151019985729,0.6871810596283338,0.0012055854946805451,0.6871810596283338,0.0012055854946805451,17.102081344628353,0.0362097074383082,0.1089331013936202,1.9876084178517118e-09,12.0,1180.431396484375,26.14587909638616,830.2839799765494,569.3029516483944,4.0
2458591.162630231,0.0,0.0,0.0,0.0,0.0,0.0,0.0,0.0,0.0,0.0,0.0,0.0,0.0,0.0,0.0,0.0
2458565.280096771,0.0,0.0,0.0,0.0,0.0,0.0,0.0,0.0,0.0,0.0,0.0,0.0,0.0,0.0,0.0,0.0
2458587.1731587616,0.0,0.0,0.0,0.0,0.0,0.0,0.0,0.0,0.0,0.0,0.0,0.0,0.0,0.0,0.0,0.0
2458573.2060149047,0.0,0.0,0.0,0.0,0.0,0.0,0.0,0.0,0.0,0.0,0.0,0.0,0.0,0.0,0.0,0.0
2458592.2206372973,0.0,0.0,0.0,0.0,0.0,0.0,0.0,0.0,0.0,0.0,0.0,0.0,0.0,0.0,0.0,0.0
2458580.231848519,0.0,0.0,0.0,0.0,0.0,0.0,0.0,0.0,0.0,0.0,0.0,0.0,0.0,0.0,0.0,0.0
2458593.1534094466,0.0,0.0,0.0,0.0,0.0,0.0,0.0,0.0,0.0,0.0,0.0,0.0,0.0,0.0,0.0,0.0
2458585.178480116,0.0,0.0,0.0,0.0,0.0,0.0,0.0,0.0,0.0,0.0,0.0,0.0,0.0,0.0,0.0,0.0
2458586.175836738,0.0,0.0,0.0,0.0,0.0,0.0,0.0,0.0,0.0,0.0,0.0,0.0,0.0,0.0,0.0,0.0
2458594.253389277,0.0,0.0,0.0,0.0,0.0,0.0,0.0,0.0,0.0,0.0,0.0,0.0,0.0,0.0,0.0,0.0
2458595.148103528,0.0,0.0,0.0,0.0,0.0,0.0,0.0,0.0,0.0,0.0,0.0,0.0,0.0,0.0,0.0,0.0
2458600.134669745,0.0,0.0,0.0,0.0,0.0,0.0,0.0,0.0,0.0,0.0,0.0,0.0,0.0,0.0,0.0,0.0
2458602.1896979986,0.0,0.0,0.0,0.0,0.0,0.0,0.0,0.0,0.0,0.0,0.0,0.0,0.0,0.0,0.0,0.0
2458603.199102357,0.0,0.0,0.0,0.0,0.0,0.0,0.0,0.0,0.0,0.0,0.0,0.0,0.0,0.0,0.0,0.0
2458610.1762066293,0.0,0.0,0.0,0.0,0.0,0.0,0.0,0.0,0.0,0.0,0.0,0.0,0.0,0.0,0.0,0.0
2458611.1635579737,0.0,0.0,0.0,0.0,0.0,0.0,0.0,0.0,0.0,0.0,0.0,0.0,0.0,0.0,0.0,0.0
2458616.2637964017,0.0,0.0,0.0,0.0,0.0,0.0,0.0,0.0,0.0,0.0,0.0,0.0,0.0,0.0,0.0,0.0
2458618.0908732787,0.0,0.0,0.0,0.0,0.0,0.0,0.0,0.0,0.0,0.0,0.0,0.0,0.0,0.0,0.0,0.0
2458619.088185861,0.0,0.0,0.0,0.0,0.0,0.0,0.0,0.0,0.0,0.0,0.0,0.0,0.0,0.0,0.0,0.0
2458626.1943083266,0.0,0.0,0.0,0.0,0.0,0.0,0.0,0.0,0.0,0.0,0.0,0.0,0.0,0.0,0.0,0.0
2458627.1870316765,0.0,0.0,0.0,0.0,0.0,0.0,0.0,0.0,0.0,0.0,0.0,0.0,0.0,0.0,0.0,0.0
2458628.0601830976,0.0,0.0,0.0,0.0,0.0,0.0,0.0,0.0,0.0,0.0,0.0,0.0,0.0,0.0,0.0,0.0
2458629.0576769784,0.0,0.0,0.0,0.0,0.0,0.0,0.0,0.0,0.0,0.0,0.0,0.0,0.0,0.0,0.0,0.0
2458629.251473928,0.0,0.0,0.0,0.0,0.0,0.0,0.0,0.0,0.0,0.0,0.0,0.0,0.0,0.0,0.0,0.0
2458630.1911054133,0.0,0.0,0.0,0.0,0.0,0.0,0.0,0.0,0.0,0.0,0.0,0.0,0.0,0.0,0.0,0.0
2458631.0955069764,0.0,0.0,0.0,0.0,0.0,0.0,0.0,0.0,0.0,0.0,0.0,0.0,0.0,0.0,0.0,0.0
2458639.0345747788,0.0,0.0,0.0,0.0,0.0,0.0,0.0,0.0,0.0,0.0,0.0,0.0,0.0,0.0,0.0,0.0
2458641.181412755,0.0,0.0,0.0,0.0,0.0,0.0,0.0,0.0,0.0,0.0,0.0,0.0,0.0,0.0,0.0,0.0
2458647.013042252,0.0,0.0,0.0,0.0,0.0,0.0,0.0,0.0,0.0,0.0,0.0,0.0,0.0,0.0,0.0,0.0
2458653.989989757,0.0,0.0,0.0,0.0,0.0,0.0,0.0,0.0,0.0,0.0,0.0,0.0,0.0,0.0,0.0,0.0
2458655.006783694,0.0,0.0,0.0,0.0,0.0,0.0,0.0,0.0,0.0,0.0,0.0,0.0,0.0,0.0,0.0,0.0
2458656.040377924,0.0,0.0,0.0,0.0,0.0,0.0,0.0,0.0,0.0,0.0,0.0,0.0,0.0,0.0,0.0,0.0
2458661.927114698,0.0,0.0,0.0,0.0,0.0,0.0,0.0,0.0,0.0,0.0,0.0,0.0,0.0,0.0,0.0,0.0
2458673.9391435347,0.0,0.0,0.0,0.0,0.0,0.0,0.0,0.0,0.0,0.0,0.0,0.0,0.0,0.0,0.0,0.0
2458684.005597111,0.0,0.0,0.0,0.0,0.0,0.0,0.0,0.0,0.0,0.0,0.0,0.0,0.0,0.0,0.0,0.0
2458685.0180539647,0.0,0.0,0.0,0.0,0.0,0.0,0.0,0.0,0.0,0.0,0.0,0.0,0.0,0.0,0.0,0.0
2458686.031455878,0.0,0.0,0.0,0.0,0.0,0.0,0.0,0.0,0.0,0.0,0.0,0.0,0.0,0.0,0.0,0.0
2458687.997552845,0.0,0.0,0.0,0.0,0.0,0.0,0.0,0.0,0.0,0.0,0.0,0.0,0.0,0.0,0.0,0.0
2458688.897596721,0.0,0.0,0.0,0.0,0.0,0.0,0.0,0.0,0.0,0.0,0.0,0.0,0.0,0.0,0.0,0.0
2458689.895243366,0.0,0.0,0.0,0.0,0.0,0.0,0.0,0.0,0.0,0.0,0.0,0.0,0.0,0.0,0.0,0.0
2458691.9640365057,0.0,0.0,0.0,0.0,0.0,0.0,0.0,0.0,0.0,0.0,0.0,0.0,0.0,0.0,0.0,0.0
2458692.886415625,0.0,0.0,0.0,0.0,0.0,0.0,0.0,0.0,0.0,0.0,0.0,0.0,0.0,0.0,0.0,0.0
2458694.077161752,0.0,0.0,0.0,0.0,0.0,0.0,0.0,0.0,0.0,0.0,0.0,0.0,0.0,0.0,0.0,0.0
2458694.9357694057,0.0,0.0,0.0,0.0,0.0,0.0,0.0,0.0,0.0,0.0,0.0,0.0,0.0,0.0,0.0,0.0
2458696.875474429,0.0,0.0,0.0,0.0,0.0,0.0,0.0,0.0,0.0,0.0,0.0,0.0,0.0,0.0,0.0,0.0
2458697.872682757,0.0,0.0,0.0,0.0,0.0,0.0,0.0,0.0,0.0,0.0,0.0,0.0,0.0,0.0,0.0,0.0
2458697.9545110115,0.0,0.0,0.0,0.0,0.0,0.0,0.0,0.0,0.0,0.0,0.0,0.0,0.0,0.0,0.0,0.0
2458699.9614029503,0.0,0.0,0.0,0.0,0.0,0.0,0.0,0.0,0.0,0.0,0.0,0.0,0.0,0.0,0.0,0.0
2458700.0530265467,0.0,0.0,0.0,0.0,0.0,0.0,0.0,0.0,0.0,0.0,0.0,0.0,0.0,0.0,0.0,0.0
2458701.874620201,0.0,0.0,0.0,0.0,0.0,0.0,0.0,0.0,0.0,0.0,0.0,0.0,0.0,0.0,0.0,0.0
2458701.9491573027,0.0,0.0,0.0,0.0,0.0,0.0,0.0,0.0,0.0,0.0,0.0,0.0,0.0,0.0,0.0,0.0
2458702.95769909,0.0,0.0,0.0,0.0,0.0,0.0,0.0,0.0,0.0,0.0,0.0,0.0,0.0,0.0,0.0,0.0
2458703.95489544,0.0,0.0,0.0,0.0,0.0,0.0,0.0,0.0,0.0,0.0,0.0,0.0,0.0,0.0,0.0,0.0
2458704.0561986878,0.0,0.0,0.0,0.0,0.0,0.0,0.0,0.0,0.0,0.0,0.0,0.0,0.0,0.0,0.0,0.0
2458709.951713852,0.0,0.0,0.0,0.0,0.0,0.0,0.0,0.0,0.0,0.0,0.0,0.0,0.0,0.0,0.0,0.0
2458710.026896933,0.0,0.0,0.0,0.0,0.0,0.0,0.0,0.0,0.0,0.0,0.0,0.0,0.0,0.0,0.0,0.0
2458711.9678325304,0.0,0.0,0.0,0.0,0.0,0.0,0.0,0.0,0.0,0.0,0.0,0.0,0.0,0.0,0.0,0.0
2458714.967448322,0.0,0.0,0.0,0.0,0.0,0.0,0.0,0.0,0.0,0.0,0.0,0.0,0.0,0.0,0.0,0.0
2458717.9294874584,0.0,0.0,0.0,0.0,0.0,0.0,0.0,0.0,0.0,0.0,0.0,0.0,0.0,0.0,0.0,0.0
2458724.907034078,0.0,0.0,0.0,0.0,0.0,0.0,0.0,0.0,0.0,0.0,0.0,0.0,0.0,0.0,0.0,0.0
2458727.87302039,0.0,0.0,0.0,0.0,0.0,0.0,0.0,0.0,0.0,0.0,0.0,0.0,0.0,0.0,0.0,0.0
2458728.9424985447,0.0,0.0,0.0,0.0,0.0,0.0,0.0,0.0,0.0,0.0,0.0,0.0,0.0,0.0,0.0,0.0
2458734.891497464,0.0,0.0,0.0,0.0,0.0,0.0,0.0,0.0,0.0,0.0,0.0,0.0,0.0,0.0,0.0,0.0
2458736.8779243086,0.0,0.0,0.0,0.0,0.0,0.0,0.0,0.0,0.0,0.0,0.0,0.0,0.0,0.0,0.0,0.0
2458736.881707732,0.0,0.0,0.0,0.0,0.0,0.0,0.0,0.0,0.0,0.0,0.0,0.0,0.0,0.0,0.0,0.0
2458739.9030415327,0.0,0.0,0.0,0.0,0.0,0.0,0.0,0.0,0.0,0.0,0.0,0.0,0.0,0.0,0.0,0.0
2458739.906826064,0.0,0.0,0.0,0.0,0.0,0.0,0.0,0.0,0.0,0.0,0.0,0.0,0.0,0.0,0.0,0.0
2458749.8872559583,0.0,0.0,0.0,0.0,0.0,0.0,0.0,0.0,0.0,0.0,0.0,0.0,0.0,0.0,0.0,0.0
2458749.891050808,0.0,0.0,0.0,0.0,0.0,0.0,0.0,0.0,0.0,0.0,0.0,0.0,0.0,0.0,0.0,0.0
2458751.887972704,0.0,0.0,0.0,0.0,0.0,0.0,0.0,0.0,0.0,0.0,0.0,0.0,0.0,0.0,0.0,0.0
2458751.891760173,0.0,0.0,0.0,0.0,0.0,0.0,0.0,0.0,0.0,0.0,0.0,0.0,0.0,0.0,0.0,0.0
2458753.888711994,0.0,0.0,0.0,0.0,0.0,0.0,0.0,0.0,0.0,0.0,0.0,0.0,0.0,0.0,0.0,0.0
2458753.892497065,0.0,0.0,0.0,0.0,0.0,0.0,0.0,0.0,0.0,0.0,0.0,0.0,0.0,0.0,0.0,0.0
2457845.121757678,0.0,0.0,0.0,0.0,0.0,0.0,0.0,0.0,0.0,0.0,0.0,0.0,0.0,0.0,0.0,0.0
2457845.1353422287,0.0,0.0,0.0,0.0,0.0,0.0,0.0,0.0,0.0,0.0,0.0,0.0,0.0,0.0,0.0,0.0
2457852.13729299,0.0,0.0,0.0,0.0,0.0,0.0,0.0,0.0,0.0,0.0,0.0,0.0,0.0,0.0,0.0,0.0
2457871.278150946,0.0,0.0,0.0,0.0,0.0,0.0,0.0,0.0,0.0,0.0,0.0,0.0,0.0,0.0,0.0,0.0
2457889.00495306,0.0,0.0,0.0,0.0,0.0,0.0,0.0,0.0,0.0,0.0,0.0,0.0,0.0,0.0,0.0,0.0
2457890.1982964505,0.0,0.0,0.0,0.0,0.0,0.0,0.0,0.0,0.0,0.0,0.0,0.0,0.0,0.0,0.0,0.0
2457895.1552225137,0.0,0.0,0.0,0.0,0.0,0.0,0.0,0.0,0.0,0.0,0.0,0.0,0.0,0.0,0.0,0.0
2457896.0347279334,0.0,0.0,0.0,0.0,0.0,0.0,0.0,0.0,0.0,0.0,0.0,0.0,0.0,0.0,0.0,0.0
2457900.11572192,0.0,0.0,0.0,0.0,0.0,0.0,0.0,0.0,0.0,0.0,0.0,0.0,0.0,0.0,0.0,0.0
2457902.156083203,0.0,0.0,0.0,0.0,0.0,0.0,0.0,0.0,0.0,0.0,0.0,0.0,0.0,0.0,0.0,0.0
2457902.1717774514,0.0,0.0,0.0,0.0,0.0,0.0,0.0,0.0,0.0,0.0,0.0,0.0,0.0,0.0,0.0,0.0
2457903.0607678704,0.0,0.0,0.0,0.0,0.0,0.0,0.0,0.0,0.0,0.0,0.0,0.0,0.0,0.0,0.0,0.0
2457918.0621215305,0.0,0.0,0.0,0.0,0.0,0.0,0.0,0.0,0.0,0.0,0.0,0.0,0.0,0.0,0.0,0.0
2457920.1542458525,0.0,0.0,0.0,0.0,0.0,0.0,0.0,0.0,0.0,0.0,0.0,0.0,0.0,0.0,0.0,0.0
2457927.995136189,0.0,0.0,0.0,0.0,0.0,0.0,0.0,0.0,0.0,0.0,0.0,0.0,0.0,0.0,0.0,0.0
2457931.0506606214,0.0,0.0,0.0,0.0,0.0,0.0,0.0,0.0,0.0,0.0,0.0,0.0,0.0,0.0,0.0,0.0
2457934.1308209263,0.0,0.0,0.0,0.0,0.0,0.0,0.0,0.0,0.0,0.0,0.0,0.0,0.0,0.0,0.0,0.0
2457936.970802996,0.0,0.0,0.0,0.0,0.0,0.0,0.0,0.0,0.0,0.0,0.0,0.0,0.0,0.0,0.0,0.0
2457937.0645583062,0.0,0.0,0.0,0.0,0.0,0.0,0.0,0.0,0.0,0.0,0.0,0.0,0.0,0.0,0.0,0.0
2457938.9466909305,0.0,0.0,0.0,0.0,0.0,0.0,0.0,0.0,0.0,0.0,0.0,0.0,0.0,0.0,0.0,0.0
2457939.0872892905,0.0,0.0,0.0,0.0,0.0,0.0,0.0,0.0,0.0,0.0,0.0,0.0,0.0,0.0,0.0,0.0
2457939.9321202342,0.0,0.0,0.0,0.0,0.0,0.0,0.0,0.0,0.0,0.0,0.0,0.0,0.0,0.0,0.0,0.0
2457940.098828323,0.0,0.0,0.0,0.0,0.0,0.0,0.0,0.0,0.0,0.0,0.0,0.0,0.0,0.0,0.0,0.0
2457940.9950310653,0.0,0.0,0.0,0.0,0.0,0.0,0.0,0.0,0.0,0.0,0.0,0.0,0.0,0.0,0.0,0.0
2457941.983123488,0.0,0.0,0.0,0.0,0.0,0.0,0.0,0.0,0.0,0.0,0.0,0.0,0.0,0.0,0.0,0.0
2457942.223666119,0.0,0.0,0.0,0.0,0.0,0.0,0.0,0.0,0.0,0.0,0.0,0.0,0.0,0.0,0.0,0.0
2457942.8911020337,0.0,0.0,0.0,0.0,0.0,0.0,0.0,0.0,0.0,0.0,0.0,0.0,0.0,0.0,0.0,0.0
2457943.187607183,0.0,0.0,0.0,0.0,0.0,0.0,0.0,0.0,0.0,0.0,0.0,0.0,0.0,0.0,0.0,0.0
2457944.994409845,0.0,0.0,0.0,0.0,0.0,0.0,0.0,0.0,0.0,0.0,0.0,0.0,0.0,0.0,0.0,0.0
2457946.154597552,0.0,0.0,0.0,0.0,0.0,0.0,0.0,0.0,0.0,0.0,0.0,0.0,0.0,0.0,0.0,0.0
2457947.9977859603,0.0,0.0,0.0,0.0,0.0,0.0,0.0,0.0,0.0,0.0,0.0,0.0,0.0,0.0,0.0,0.0
2457956.018743376,0.0,0.0,0.0,0.0,0.0,0.0,0.0,0.0,0.0,0.0,0.0,0.0,0.0,0.0,0.0,0.0
2457957.153619914,0.0,0.0,0.0,0.0,0.0,0.0,0.0,0.0,0.0,0.0,0.0,0.0,0.0,0.0,0.0,0.0
2457957.879266024,0.0,0.0,0.0,0.0,0.0,0.0,0.0,0.0,0.0,0.0,0.0,0.0,0.0,0.0,0.0,0.0
2457958.931299373,0.0,0.0,0.0,0.0,0.0,0.0,0.0,0.0,0.0,0.0,0.0,0.0,0.0,0.0,0.0,0.0
2457959.0528402813,0.0,0.0,0.0,0.0,0.0,0.0,0.0,0.0,0.0,0.0,0.0,0.0,0.0,0.0,0.0,0.0
2457960.045846961,0.0,0.0,0.0,0.0,0.0,0.0,0.0,0.0,0.0,0.0,0.0,0.0,0.0,0.0,0.0,0.0
2457960.169509377,0.0,0.0,0.0,0.0,0.0,0.0,0.0,0.0,0.0,0.0,0.0,0.0,0.0,0.0,0.0,0.0
2457960.975373177,0.0,0.0,0.0,0.0,0.0,0.0,0.0,0.0,0.0,0.0,0.0,0.0,0.0,0.0,0.0,0.0
2457961.0740953865,0.0,0.0,0.0,0.0,0.0,0.0,0.0,0.0,0.0,0.0,0.0,0.0,0.0,0.0,0.0,0.0
2457967.89152123,0.0,0.0,0.0,0.0,0.0,0.0,0.0,0.0,0.0,0.0,0.0,0.0,0.0,0.0,0.0,0.0
2457968.128338298,0.0,0.0,0.0,0.0,0.0,0.0,0.0,0.0,0.0,0.0,0.0,0.0,0.0,0.0,0.0,0.0
2457971.924043896,0.0,0.0,0.0,0.0,0.0,0.0,0.0,0.0,0.0,0.0,0.0,0.0,0.0,0.0,0.0,0.0
2457973.951682822,0.0,0.0,0.0,0.0,0.0,0.0,0.0,0.0,0.0,0.0,0.0,0.0,0.0,0.0,0.0,0.0
2457976.0959006054,0.0,0.0,0.0,0.0,0.0,0.0,0.0,0.0,0.0,0.0,0.0,0.0,0.0,0.0,0.0,0.0
2457977.923148304,0.0,0.0,0.0,0.0,0.0,0.0,0.0,0.0,0.0,0.0,0.0,0.0,0.0,0.0,0.0,0.0
2457978.1071522324,0.0,0.0,0.0,0.0,0.0,0.0,0.0,0.0,0.0,0.0,0.0,0.0,0.0,0.0,0.0,0.0
2457979.937498038,0.0,0.0,0.0,0.0,0.0,0.0,0.0,0.0,0.0,0.0,0.0,0.0,0.0,0.0,0.0,0.0
2457980.9492272763,0.0,0.0,0.0,0.0,0.0,0.0,0.0,0.0,0.0,0.0,0.0,0.0,0.0,0.0,0.0,0.0
2457984.978362321,0.0,0.0,0.0,0.0,0.0,0.0,0.0,0.0,0.0,0.0,0.0,0.0,0.0,0.0,0.0,0.0
2457985.925436194,0.0,0.0,0.0,0.0,0.0,0.0,0.0,0.0,0.0,0.0,0.0,0.0,0.0,0.0,0.0,0.0
2457987.9669473832,0.0,0.0,0.0,0.0,0.0,0.0,0.0,0.0,0.0,0.0,0.0,0.0,0.0,0.0,0.0,0.0
2457989.0338200866,0.0,0.0,0.0,0.0,0.0,0.0,0.0,0.0,0.0,0.0,0.0,0.0,0.0,0.0,0.0,0.0
2457989.078452483,0.0,0.0,0.0,0.0,0.0,0.0,0.0,0.0,0.0,0.0,0.0,0.0,0.0,0.0,0.0,0.0
2457990.97068101,0.0,0.0,0.0,0.0,0.0,0.0,0.0,0.0,0.0,0.0,0.0,0.0,0.0,0.0,0.0,0.0
2457991.9481014884,0.0,0.0,0.0,0.0,0.0,0.0,0.0,0.0,0.0,0.0,0.0,0.0,0.0,0.0,0.0,0.0
2457996.026242438,0.0,0.0,0.0,0.0,0.0,0.0,0.0,0.0,0.0,0.0,0.0,0.0,0.0,0.0,0.0,0.0
2457997.008796168,0.0,0.0,0.0,0.0,0.0,0.0,0.0,0.0,0.0,0.0,0.0,0.0,0.0,0.0,0.0,0.0
2457998.017639742,0.0,0.0,0.0,0.0,0.0,0.0,0.0,0.0,0.0,0.0,0.0,0.0,0.0,0.0,0.0,0.0
2457998.8872401435,0.0,0.0,0.0,0.0,0.0,0.0,0.0,0.0,0.0,0.0,0.0,0.0,0.0,0.0,0.0,0.0
2458000.033089136,0.0,0.0,0.0,0.0,0.0,0.0,0.0,0.0,0.0,0.0,0.0,0.0,0.0,0.0,0.0,0.0
2458000.9499369618,0.0,0.0,0.0,0.0,0.0,0.0,0.0,0.0,0.0,0.0,0.0,0.0,0.0,0.0,0.0,0.0
2458002.005881311,0.0,0.0,0.0,0.0,0.0,0.0,0.0,0.0,0.0,0.0,0.0,0.0,0.0,0.0,0.0,0.0
2458003.018645769,0.0,0.0,0.0,0.0,0.0,0.0,0.0,0.0,0.0,0.0,0.0,0.0,0.0,0.0,0.0,0.0
2458003.921357082,0.0,0.0,0.0,0.0,0.0,0.0,0.0,0.0,0.0,0.0,0.0,0.0,0.0,0.0,0.0,0.0
2458004.9872109257,0.0,0.0,0.0,0.0,0.0,0.0,0.0,0.0,0.0,0.0,0.0,0.0,0.0,0.0,0.0,0.0
2458013.0176635017,0.0,0.0,0.0,0.0,0.0,0.0,0.0,0.0,0.0,0.0,0.0,0.0,0.0,0.0,0.0,0.0
2458013.8960405,0.0,0.0,0.0,0.0,0.0,0.0,0.0,0.0,0.0,0.0,0.0,0.0,0.0,0.0,0.0,0.0
2458016.9717611084,0.0,0.0,0.0,0.0,0.0,0.0,0.0,0.0,0.0,0.0,0.0,0.0,0.0,0.0,0.0,0.0
2458018.9094225457,0.0,0.0,0.0,0.0,0.0,0.0,0.0,0.0,0.0,0.0,0.0,0.0,0.0,0.0,0.0,0.0
2458020.964319032,0.0,0.0,0.0,0.0,0.0,0.0,0.0,0.0,0.0,0.0,0.0,0.0,0.0,0.0,0.0,0.0
2458022.8951745387,0.0,0.0,0.0,0.0,0.0,0.0,0.0,0.0,0.0,0.0,0.0,0.0,0.0,0.0,0.0,0.0
2458027.9502519,0.0,0.0,0.0,0.0,0.0,0.0,0.0,0.0,0.0,0.0,0.0,0.0,0.0,0.0,0.0,0.0
2458033.933005056,0.0,0.0,0.0,0.0,0.0,0.0,0.0,0.0,0.0,0.0,0.0,0.0,0.0,0.0,0.0,0.0
2458036.9419499463,0.0,0.0,0.0,0.0,0.0,0.0,0.0,0.0,0.0,0.0,0.0,0.0,0.0,0.0,0.0,0.0
2458039.929320537,0.0,0.0,0.0,0.0,0.0,0.0,0.0,0.0,0.0,0.0,0.0,0.0,0.0,0.0,0.0,0.0
2458041.93417196,0.0,0.0,0.0,0.0,0.0,0.0,0.0,0.0,0.0,0.0,0.0,0.0,0.0,0.0,0.0,0.0
2458044.9038606347,0.0,0.0,0.0,0.0,0.0,0.0,0.0,0.0,0.0,0.0,0.0,0.0,0.0,0.0,0.0,0.0
2458178.2067662235,0.0,0.0,0.0,0.0,0.0,0.0,0.0,0.0,0.0,0.0,0.0,0.0,0.0,0.0,0.0,0.0
2458187.2872099024,0.0,0.0,0.0,0.0,0.0,0.0,0.0,0.0,0.0,0.0,0.0,0.0,0.0,0.0,0.0,0.0
2458195.280987245,0.0,0.0,0.0,0.0,0.0,0.0,0.0,0.0,0.0,0.0,0.0,0.0,0.0,0.0,0.0,0.0
2458202.2985629165,0.0,0.0,0.0,0.0,0.0,0.0,0.0,0.0,0.0,0.0,0.0,0.0,0.0,0.0,0.0,0.0
2458207.2613346498,0.0,0.0,0.0,0.0,0.0,0.0,0.0,0.0,0.0,0.0,0.0,0.0,0.0,0.0,0.0,0.0
2458208.2093710857,0.0,0.0,0.0,0.0,0.0,0.0,0.0,0.0,0.0,0.0,0.0,0.0,0.0,0.0,0.0,0.0
2458210.113092556,0.0,0.0,0.0,0.0,0.0,0.0,0.0,0.0,0.0,0.0,0.0,0.0,0.0,0.0,0.0,0.0
2458210.1377274003,0.0,0.0,0.0,0.0,0.0,0.0,0.0,0.0,0.0,0.0,0.0,0.0,0.0,0.0,0.0,0.0
2458210.1793339616,0.0,0.0,0.0,0.0,0.0,0.0,0.0,0.0,0.0,0.0,0.0,0.0,0.0,0.0,0.0,0.0
2458210.224426634,0.0,0.0,0.0,0.0,0.0,0.0,0.0,0.0,0.0,0.0,0.0,0.0,0.0,0.0,0.0,0.0
2458210.2789684776,0.0,0.0,0.0,0.0,0.0,0.0,0.0,0.0,0.0,0.0,0.0,0.0,0.0,0.0,0.0,0.0
2458211.3024124303,0.0,0.0,0.0,0.0,0.0,0.0,0.0,0.0,0.0,0.0,0.0,0.0,0.0,0.0,0.0,0.0
2458211.306309173,0.0,0.0,0.0,0.0,0.0,0.0,0.0,0.0,0.0,0.0,0.0,0.0,0.0,0.0,0.0,0.0
2458212.123865528,0.0,0.0,0.0,0.0,0.0,0.0,0.0,0.0,0.0,0.0,0.0,0.0,0.0,0.0,0.0,0.0
2458212.1391371954,0.0,0.0,0.0,0.0,0.0,0.0,0.0,0.0,0.0,0.0,0.0,0.0,0.0,0.0,0.0,0.0
2458212.1901038075,0.0,0.0,0.0,0.0,0.0,0.0,0.0,0.0,0.0,0.0,0.0,0.0,0.0,0.0,0.0,0.0
2458214.306679128,0.0,0.0,0.0,0.0,0.0,0.0,0.0,0.0,0.0,0.0,0.0,0.0,0.0,0.0,0.0,0.0
2458215.237782547,0.0,0.0,0.0,0.0,0.0,0.0,0.0,0.0,0.0,0.0,0.0,0.0,0.0,0.0,0.0,0.0
2458215.296808092,0.0,0.0,0.0,0.0,0.0,0.0,0.0,0.0,0.0,0.0,0.0,0.0,0.0,0.0,0.0,0.0
2458223.104252772,0.0,0.0,0.0,0.0,0.0,0.0,0.0,0.0,0.0,0.0,0.0,0.0,0.0,0.0,0.0,0.0
2458223.139060292,0.0,0.0,0.0,0.0,0.0,0.0,0.0,0.0,0.0,0.0,0.0,0.0,0.0,0.0,0.0,0.0
2458224.1691528247,0.0,0.0,0.0,0.0,0.0,0.0,0.0,0.0,0.0,0.0,0.0,0.0,0.0,0.0,0.0,0.0
2458226.0741122323,0.0,0.0,0.0,0.0,0.0,0.0,0.0,0.0,0.0,0.0,0.0,0.0,0.0,0.0,0.0,0.0
2458227.136232087,0.0,0.0,0.0,0.0,0.0,0.0,0.0,0.0,0.0,0.0,0.0,0.0,0.0,0.0,0.0,0.0
2458227.1394212698,0.0,0.0,0.0,0.0,0.0,0.0,0.0,0.0,0.0,0.0,0.0,0.0,0.0,0.0,0.0,0.0
2458228.094244939,0.0,0.0,0.0,0.0,0.0,0.0,0.0,0.0,0.0,0.0,0.0,0.0,0.0,0.0,0.0,0.0
2458228.1079536704,0.0,0.0,0.0,0.0,0.0,0.0,0.0,0.0,0.0,0.0,0.0,0.0,0.0,0.0,0.0,0.0
2458228.2504742485,0.0,0.0,0.0,0.0,0.0,0.0,0.0,0.0,0.0,0.0,0.0,0.0,0.0,0.0,0.0,0.0
2458228.3026922354,0.0,0.0,0.0,0.0,0.0,0.0,0.0,0.0,0.0,0.0,0.0,0.0,0.0,0.0,0.0,0.0
2458228.3130697017,0.0,0.0,0.0,0.0,0.0,0.0,0.0,0.0,0.0,0.0,0.0,0.0,0.0,0.0,0.0,0.0
2458229.0909497766,0.0,0.0,0.0,0.0,0.0,0.0,0.0,0.0,0.0,0.0,0.0,0.0,0.0,0.0,0.0,0.0
2458229.1010831865,0.0,0.0,0.0,0.0,0.0,0.0,0.0,0.0,0.0,0.0,0.0,0.0,0.0,0.0,0.0,0.0
2458229.139895912,0.0,0.0,0.0,0.0,0.0,0.0,0.0,0.0,0.0,0.0,0.0,0.0,0.0,0.0,0.0,0.0
2458229.187922344,0.0,0.0,0.0,0.0,0.0,0.0,0.0,0.0,0.0,0.0,0.0,0.0,0.0,0.0,0.0,0.0
2458230.0874679354,0.0,0.0,0.0,0.0,0.0,0.0,0.0,0.0,0.0,0.0,0.0,0.0,0.0,0.0,0.0,0.0
2458230.191630796,0.0,0.0,0.0,0.0,0.0,0.0,0.0,0.0,0.0,0.0,0.0,0.0,0.0,0.0,0.0,0.0
2458230.247146501,0.0,0.0,0.0,0.0,0.0,0.0,0.0,0.0,0.0,0.0,0.0,0.0,0.0,0.0,0.0,0.0
2458230.2597290413,0.0,0.0,0.0,0.0,0.0,0.0,0.0,0.0,0.0,0.0,0.0,0.0,0.0,0.0,0.0,0.0
2458230.2792908624,0.0,0.0,0.0,0.0,0.0,0.0,0.0,0.0,0.0,0.0,0.0,0.0,0.0,0.0,0.0,0.0
2458231.066056675,0.0,0.0,0.0,0.0,0.0,0.0,0.0,0.0,0.0,0.0,0.0,0.0,0.0,0.0,0.0,0.0
2458231.129090583,0.0,0.0,0.0,0.0,0.0,0.0,0.0,0.0,0.0,0.0,0.0,0.0,0.0,0.0,0.0,0.0
2458231.149282176,0.0,0.0,0.0,0.0,0.0,0.0,0.0,0.0,0.0,0.0,0.0,0.0,0.0,0.0,0.0,0.0
2458232.087496161,0.0,0.0,0.0,0.0,0.0,0.0,0.0,0.0,0.0,0.0,0.0,0.0,0.0,0.0,0.0,0.0
2458232.1256465064,0.0,0.0,0.0,0.0,0.0,0.0,0.0,0.0,0.0,0.0,0.0,0.0,0.0,0.0,0.0,0.0
2458232.181639678,0.0,0.0,0.0,0.0,0.0,0.0,0.0,0.0,0.0,0.0,0.0,0.0,0.0,0.0,0.0,0.0
2458232.22093698,0.0,0.0,0.0,0.0,0.0,0.0,0.0,0.0,0.0,0.0,0.0,0.0,0.0,0.0,0.0,0.0
2458232.299315458,0.0,0.0,0.0,0.0,0.0,0.0,0.0,0.0,0.0,0.0,0.0,0.0,0.0,0.0,0.0,0.0
2458232.316706568,0.0,0.0,0.0,0.0,0.0,0.0,0.0,0.0,0.0,0.0,0.0,0.0,0.0,0.0,0.0,0.0
2458235.053001624,0.0,0.0,0.0,0.0,0.0,0.0,0.0,0.0,0.0,0.0,0.0,0.0,0.0,0.0,0.0,0.0
2458235.074016585,0.0,0.0,0.0,0.0,0.0,0.0,0.0,0.0,0.0,0.0,0.0,0.0,0.0,0.0,0.0,0.0
2458235.1108197374,0.0,0.0,0.0,0.0,0.0,0.0,0.0,0.0,0.0,0.0,0.0,0.0,0.0,0.0,0.0,0.0
2458235.138239889,0.0,0.0,0.0,0.0,0.0,0.0,0.0,0.0,0.0,0.0,0.0,0.0,0.0,0.0,0.0,0.0
2458237.0945292534,0.0,0.0,0.0,0.0,0.0,0.0,0.0,0.0,0.0,0.0,0.0,0.0,0.0,0.0,0.0,0.0
2458237.1226016586,0.0,0.0,0.0,0.0,0.0,0.0,0.0,0.0,0.0,0.0,0.0,0.0,0.0,0.0,0.0,0.0
2458237.178245474,0.0,0.0,0.0,0.0,0.0,0.0,0.0,0.0,0.0,0.0,0.0,0.0,0.0,0.0,0.0,0.0
2458237.2165747806,0.0,0.0,0.0,0.0,0.0,0.0,0.0,0.0,0.0,0.0,0.0,0.0,0.0,0.0,0.0,0.0
2458237.2685192404,0.0,0.0,0.0,0.0,0.0,0.0,0.0,0.0,0.0,0.0,0.0,0.0,0.0,0.0,0.0,0.0
2458238.043073653,0.0,0.0,0.0,0.0,0.0,0.0,0.0,0.0,0.0,0.0,0.0,0.0,0.0,0.0,0.0,0.0
2458238.0741538,0.0,0.0,0.0,0.0,0.0,0.0,0.0,0.0,0.0,0.0,0.0,0.0,0.0,0.0,0.0,0.0
2458238.108862955,0.0,0.0,0.0,0.0,0.0,0.0,0.0,0.0,0.0,0.0,0.0,0.0,0.0,0.0,0.0,0.0
2458238.143581942,0.0,0.0,0.0,0.0,0.0,0.0,0.0,0.0,0.0,0.0,0.0,0.0,0.0,0.0,0.0,0.0
2458238.193940623,0.0,0.0,0.0,0.0,0.0,0.0,0.0,0.0,0.0,0.0,0.0,0.0,0.0,0.0,0.0,0.0
2458239.07829174,0.0,0.0,0.0,0.0,0.0,0.0,0.0,0.0,0.0,0.0,0.0,0.0,0.0,0.0,0.0,0.0
2458240.1990045225,0.0,0.0,0.0,0.0,0.0,0.0,0.0,0.0,0.0,0.0,0.0,0.0,0.0,0.0,0.0,0.0
2458240.2759837145,0.0,0.0,0.0,0.0,0.0,0.0,0.0,0.0,0.0,0.0,0.0,0.0,0.0,0.0,0.0,0.0
2458240.307312266,0.0,0.0,0.0,0.0,0.0,0.0,0.0,0.0,0.0,0.0,0.0,0.0,0.0,0.0,0.0,0.0
2458245.0227076467,0.0,0.0,0.0,0.0,0.0,0.0,0.0,0.0,0.0,0.0,0.0,0.0,0.0,0.0,0.0,0.0
2458245.0260002096,0.0,0.0,0.0,0.0,0.0,0.0,0.0,0.0,0.0,0.0,0.0,0.0,0.0,0.0,0.0,0.0
2458245.033039453,0.0,0.0,0.0,0.0,0.0,0.0,0.0,0.0,0.0,0.0,0.0,0.0,0.0,0.0,0.0,0.0
2458245.040217804,0.0,0.0,0.0,0.0,0.0,0.0,0.0,0.0,0.0,0.0,0.0,0.0,0.0,0.0,0.0,0.0
2458245.0433572745,0.0,0.0,0.0,0.0,0.0,0.0,0.0,0.0,0.0,0.0,0.0,0.0,0.0,0.0,0.0,0.0
2458245.046643392,0.0,0.0,0.0,0.0,0.0,0.0,0.0,0.0,0.0,0.0,0.0,0.0,0.0,0.0,0.0,0.0
2458245.0503151338,0.0,0.0,0.0,0.0,0.0,0.0,0.0,0.0,0.0,0.0,0.0,0.0,0.0,0.0,0.0,0.0
2458245.0537822843,0.0,0.0,0.0,0.0,0.0,0.0,0.0,0.0,0.0,0.0,0.0,0.0,0.0,0.0,0.0,0.0
2458245.0576594896,0.0,0.0,0.0,0.0,0.0,0.0,0.0,0.0,0.0,0.0,0.0,0.0,0.0,0.0,0.0,0.0
2458245.060724003,0.0,0.0,0.0,0.0,0.0,0.0,0.0,0.0,0.0,0.0,0.0,0.0,0.0,0.0,0.0,0.0
2458245.064196796,0.0,0.0,0.0,0.0,0.0,0.0,0.0,0.0,0.0,0.0,0.0,0.0,0.0,0.0,0.0,0.0
2458245.071234248,0.0,0.0,0.0,0.0,0.0,0.0,0.0,0.0,0.0,0.0,0.0,0.0,0.0,0.0,0.0,0.0
2458245.074609208,0.0,0.0,0.0,0.0,0.0,0.0,0.0,0.0,0.0,0.0,0.0,0.0,0.0,0.0,0.0,0.0
2458245.078081751,0.0,0.0,0.0,0.0,0.0,0.0,0.0,0.0,0.0,0.0,0.0,0.0,0.0,0.0,0.0,0.0
2458245.081553698,0.0,0.0,0.0,0.0,0.0,0.0,0.0,0.0,0.0,0.0,0.0,0.0,0.0,0.0,0.0,0.0
2458245.0850286493,0.0,0.0,0.0,0.0,0.0,0.0,0.0,0.0,0.0,0.0,0.0,0.0,0.0,0.0,0.0,0.0
2458245.088509546,0.0,0.0,0.0,0.0,0.0,0.0,0.0,0.0,0.0,0.0,0.0,0.0,0.0,0.0,0.0,0.0
2458245.0919855074,0.0,0.0,0.0,0.0,0.0,0.0,0.0,0.0,0.0,0.0,0.0,0.0,0.0,0.0,0.0,0.0
2458245.095458478,0.0,0.0,0.0,0.0,0.0,0.0,0.0,0.0,0.0,0.0,0.0,0.0,0.0,0.0,0.0,0.0
2458245.107645064,0.0,0.0,0.0,0.0,0.0,0.0,0.0,0.0,0.0,0.0,0.0,0.0,0.0,0.0,0.0,0.0
2458245.2102177213,0.0,0.0,0.0,0.0,0.0,0.0,0.0,0.0,0.0,0.0,0.0,0.0,0.0,0.0,0.0,0.0
2458245.25178216,0.0,0.0,0.0,0.0,0.0,0.0,0.0,0.0,0.0,0.0,0.0,0.0,0.0,0.0,0.0,0.0
2458245.2660621256,0.0,0.0,0.0,0.0,0.0,0.0,0.0,0.0,0.0,0.0,0.0,0.0,0.0,0.0,0.0,0.0
2458245.30385411,0.0,0.0,0.0,0.0,0.0,0.0,0.0,0.0,0.0,0.0,0.0,0.0,0.0,0.0,0.0,0.0
2458245.307665494,0.0,0.0,0.0,0.0,0.0,0.0,0.0,0.0,0.0,0.0,0.0,0.0,0.0,0.0,0.0,0.0
2458245.320082759,0.0,0.0,0.0,0.0,0.0,0.0,0.0,0.0,0.0,0.0,0.0,0.0,0.0,0.0,0.0,0.0
2458246.0227988563,0.0,0.0,0.0,0.0,0.0,0.0,0.0,0.0,0.0,0.0,0.0,0.0,0.0,0.0,0.0,0.0
2458246.0277516297,0.0,0.0,0.0,0.0,0.0,0.0,0.0,0.0,0.0,0.0,0.0,0.0,0.0,0.0,0.0,0.0
2458246.040034186,0.0,0.0,0.0,0.0,0.0,0.0,0.0,0.0,0.0,0.0,0.0,0.0,0.0,0.0,0.0,0.0
2458246.0434287176,0.0,0.0,0.0,0.0,0.0,0.0,0.0,0.0,0.0,0.0,0.0,0.0,0.0,0.0,0.0,0.0
2458246.0468929303,0.0,0.0,0.0,0.0,0.0,0.0,0.0,0.0,0.0,0.0,0.0,0.0,0.0,0.0,0.0,0.0
2458246.049976968,0.0,0.0,0.0,0.0,0.0,0.0,0.0,0.0,0.0,0.0,0.0,0.0,0.0,0.0,0.0,0.0
2458246.053846393,0.0,0.0,0.0,0.0,0.0,0.0,0.0,0.0,0.0,0.0,0.0,0.0,0.0,0.0,0.0,0.0
2458246.057720528,0.0,0.0,0.0,0.0,0.0,0.0,0.0,0.0,0.0,0.0,0.0,0.0,0.0,0.0,0.0,0.0
2458246.060784069,0.0,0.0,0.0,0.0,0.0,0.0,0.0,0.0,0.0,0.0,0.0,0.0,0.0,0.0,0.0,0.0
2458246.0678165136,0.0,0.0,0.0,0.0,0.0,0.0,0.0,0.0,0.0,0.0,0.0,0.0,0.0,0.0,0.0,0.0
2458246.071210062,0.0,0.0,0.0,0.0,0.0,0.0,0.0,0.0,0.0,0.0,0.0,0.0,0.0,0.0,0.0,0.0
2458246.074676072,0.0,0.0,0.0,0.0,0.0,0.0,0.0,0.0,0.0,0.0,0.0,0.0,0.0,0.0,0.0,0.0
2458246.0958195943,0.0,0.0,0.0,0.0,0.0,0.0,0.0,0.0,0.0,0.0,0.0,0.0,0.0,0.0,0.0,0.0
2458246.102537305,0.0,0.0,0.0,0.0,0.0,0.0,0.0,0.0,0.0,0.0,0.0,0.0,0.0,0.0,0.0,0.0
2458246.105930137,0.0,0.0,0.0,0.0,0.0,0.0,0.0,0.0,0.0,0.0,0.0,0.0,0.0,0.0,0.0,0.0
2458246.1263270094,0.0,0.0,0.0,0.0,0.0,0.0,0.0,0.0,0.0,0.0,0.0,0.0,0.0,0.0,0.0,0.0
2458246.2275332334,0.0,0.0,0.0,0.0,0.0,0.0,0.0,0.0,0.0,0.0,0.0,0.0,0.0,0.0,0.0,0.0
2458246.303410591,0.0,0.0,0.0,0.0,0.0,0.0,0.0,0.0,0.0,0.0,0.0,0.0,0.0,0.0,0.0,0.0
2458247.274617824,0.0,0.0,0.0,0.0,0.0,0.0,0.0,0.0,0.0,0.0,0.0,0.0,0.0,0.0,0.0,0.0
2458247.321380866,0.0,0.0,0.0,0.0,0.0,0.0,0.0,0.0,0.0,0.0,0.0,0.0,0.0,0.0,0.0,0.0
2458248.019523832,0.0,0.0,0.0,0.0,0.0,0.0,0.0,0.0,0.0,0.0,0.0,0.0,0.0,0.0,0.0,0.0
2458248.081849347,0.0,0.0,0.0,0.0,0.0,0.0,0.0,0.0,0.0,0.0,0.0,0.0,0.0,0.0,0.0,0.0
2458248.1002134616,0.0,0.0,0.0,0.0,0.0,0.0,0.0,0.0,0.0,0.0,0.0,0.0,0.0,0.0,0.0,0.0
2458248.137395428,0.0,0.0,0.0,0.0,0.0,0.0,0.0,0.0,0.0,0.0,0.0,0.0,0.0,0.0,0.0,0.0
2458248.191809044,0.0,0.0,0.0,0.0,0.0,0.0,0.0,0.0,0.0,0.0,0.0,0.0,0.0,0.0,0.0,0.0
2458248.2640900253,0.0,0.0,0.0,0.0,0.0,0.0,0.0,0.0,0.0,0.0,0.0,0.0,0.0,0.0,0.0,0.0
2458248.2692853766,0.0,0.0,0.0,0.0,0.0,0.0,0.0,0.0,0.0,0.0,0.0,0.0,0.0,0.0,0.0,0.0
2458248.3214342115,0.0,0.0,0.0,0.0,0.0,0.0,0.0,0.0,0.0,0.0,0.0,0.0,0.0,0.0,0.0,0.0
2458249.047187132,0.0,0.0,0.0,0.0,0.0,0.0,0.0,0.0,0.0,0.0,0.0,0.0,0.0,0.0,0.0,0.0
2458249.071497086,0.0,0.0,0.0,0.0,0.0,0.0,0.0,0.0,0.0,0.0,0.0,0.0,0.0,0.0,0.0,0.0
2458249.113152588,0.0,0.0,0.0,0.0,0.0,0.0,0.0,0.0,0.0,0.0,0.0,0.0,0.0,0.0,0.0,0.0
2458251.1609783256,0.0,0.0,0.0,0.0,0.0,0.0,0.0,0.0,0.0,0.0,0.0,0.0,0.0,0.0,0.0,0.0
2458252.2546089008,0.0,0.0,0.0,0.0,0.0,0.0,0.0,0.0,0.0,0.0,0.0,0.0,0.0,0.0,0.0,0.0
2458254.088166139,0.0,0.0,0.0,0.0,0.0,0.0,0.0,0.0,0.0,0.0,0.0,0.0,0.0,0.0,0.0,0.0
2458264.0609874427,0.0,0.0,0.0,0.0,0.0,0.0,0.0,0.0,0.0,0.0,0.0,0.0,0.0,0.0,0.0,0.0
2458265.060973905,0.0,0.0,0.0,0.0,0.0,0.0,0.0,0.0,0.0,0.0,0.0,0.0,0.0,0.0,0.0,0.0
2458291.894737011,0.0,0.0,0.0,0.0,0.0,0.0,0.0,0.0,0.0,0.0,0.0,0.0,0.0,0.0,0.0,0.0
2458291.9358928693,0.0,0.0,0.0,0.0,0.0,0.0,0.0,0.0,0.0,0.0,0.0,0.0,0.0,0.0,0.0,0.0
2458292.147802652,0.0,0.0,0.0,0.0,0.0,0.0,0.0,0.0,0.0,0.0,0.0,0.0,0.0,0.0,0.0,0.0
2458292.1852597087,0.0,0.0,0.0,0.0,0.0,0.0,0.0,0.0,0.0,0.0,0.0,0.0,0.0,0.0,0.0,0.0
2458292.227134347,0.0,0.0,0.0,0.0,0.0,0.0,0.0,0.0,0.0,0.0,0.0,0.0,0.0,0.0,0.0,0.0
2458293.157614268,0.0,0.0,0.0,0.0,0.0,0.0,0.0,0.0,0.0,0.0,0.0,0.0,0.0,0.0,0.0,0.0
2458294.1501387,0.0,0.0,0.0,0.0,0.0,0.0,0.0,0.0,0.0,0.0,0.0,0.0,0.0,0.0,0.0,0.0
2458295.116179733,0.0,0.0,0.0,0.0,0.0,0.0,0.0,0.0,0.0,0.0,0.0,0.0,0.0,0.0,0.0,0.0
2458295.9792675064,0.0,0.0,0.0,0.0,0.0,0.0,0.0,0.0,0.0,0.0,0.0,0.0,0.0,0.0,0.0,0.0
2458296.139843529,0.0,0.0,0.0,0.0,0.0,0.0,0.0,0.0,0.0,0.0,0.0,0.0,0.0,0.0,0.0,0.0
2458300.015262944,0.0,0.0,0.0,0.0,0.0,0.0,0.0,0.0,0.0,0.0,0.0,0.0,0.0,0.0,0.0,0.0
2458300.9567418,0.0,0.0,0.0,0.0,0.0,0.0,0.0,0.0,0.0,0.0,0.0,0.0,0.0,0.0,0.0,0.0
2458302.96608126,0.0,0.0,0.0,0.0,0.0,0.0,0.0,0.0,0.0,0.0,0.0,0.0,0.0,0.0,0.0,0.0
2458304.031938086,0.0,0.0,0.0,0.0,0.0,0.0,0.0,0.0,0.0,0.0,0.0,0.0,0.0,0.0,0.0,0.0
2458305.947057778,0.0,0.0,0.0,0.0,0.0,0.0,0.0,0.0,0.0,0.0,0.0,0.0,0.0,0.0,0.0,0.0
2458309.9360522022,0.0,0.0,0.0,0.0,0.0,0.0,0.0,0.0,0.0,0.0,0.0,0.0,0.0,0.0,0.0,0.0
2458311.064298252,0.0,0.0,0.0,0.0,0.0,0.0,0.0,0.0,0.0,0.0,0.0,0.0,0.0,0.0,0.0,0.0
2458312.0598525265,0.0,0.0,0.0,0.0,0.0,0.0,0.0,0.0,0.0,0.0,0.0,0.0,0.0,0.0,0.0,0.0
2458312.928867165,0.0,0.0,0.0,0.0,0.0,0.0,0.0,0.0,0.0,0.0,0.0,0.0,0.0,0.0,0.0,0.0
2458313.0476606307,0.0,0.0,0.0,0.0,0.0,0.0,0.0,0.0,0.0,0.0,0.0,0.0,0.0,0.0,0.0,0.0
2458313.0654949658,0.0,0.0,0.0,0.0,0.0,0.0,0.0,0.0,0.0,0.0,0.0,0.0,0.0,0.0,0.0,0.0
2458313.1054173755,0.0,0.0,0.0,0.0,0.0,0.0,0.0,0.0,0.0,0.0,0.0,0.0,0.0,0.0,0.0,0.0
2458313.145348592,0.0,0.0,0.0,0.0,0.0,0.0,0.0,0.0,0.0,0.0,0.0,0.0,0.0,0.0,0.0,0.0
2458313.17821248,0.0,0.0,0.0,0.0,0.0,0.0,0.0,0.0,0.0,0.0,0.0,0.0,0.0,0.0,0.0,0.0
2458313.183297398,0.0,0.0,0.0,0.0,0.0,0.0,0.0,0.0,0.0,0.0,0.0,0.0,0.0,0.0,0.0,0.0
2458313.1885268823,0.0,0.0,0.0,0.0,0.0,0.0,0.0,0.0,0.0,0.0,0.0,0.0,0.0,0.0,0.0,0.0
2458313.194764151,0.0,0.0,0.0,0.0,0.0,0.0,0.0,0.0,0.0,0.0,0.0,0.0,0.0,0.0,0.0,0.0
2458313.2053309144,0.0,0.0,0.0,0.0,0.0,0.0,0.0,0.0,0.0,0.0,0.0,0.0,0.0,0.0,0.0,0.0
2458313.212175416,0.0,0.0,0.0,0.0,0.0,0.0,0.0,0.0,0.0,0.0,0.0,0.0,0.0,0.0,0.0,0.0
2458313.9127017315,0.0,0.0,0.0,0.0,0.0,0.0,0.0,0.0,0.0,0.0,0.0,0.0,0.0,0.0,0.0,0.0
2458313.925148025,0.0,0.0,0.0,0.0,0.0,0.0,0.0,0.0,0.0,0.0,0.0,0.0,0.0,0.0,0.0,0.0
2458314.9221798987,0.0,0.0,0.0,0.0,0.0,0.0,0.0,0.0,0.0,0.0,0.0,0.0,0.0,0.0,0.0,0.0
2458317.0291253803,0.0,0.0,0.0,0.0,0.0,0.0,0.0,0.0,0.0,0.0,0.0,0.0,0.0,0.0,0.0,0.0
2458317.914648285,0.0,0.0,0.0,0.0,0.0,0.0,0.0,0.0,0.0,0.0,0.0,0.0,0.0,0.0,0.0,0.0
2458327.9483610494,0.0,0.0,0.0,0.0,0.0,0.0,0.0,0.0,0.0,0.0,0.0,0.0,0.0,0.0,0.0,0.0
2458328.063096186,0.0,0.0,0.0,0.0,0.0,0.0,0.0,0.0,0.0,0.0,0.0,0.0,0.0,0.0,0.0,0.0
2458330.0448452565,0.0,0.0,0.0,0.0,0.0,0.0,0.0,0.0,0.0,0.0,0.0,0.0,0.0,0.0,0.0,0.0
2458330.8795832493,0.0,0.0,0.0,0.0,0.0,0.0,0.0,0.0,0.0,0.0,0.0,0.0,0.0,0.0,0.0,0.0
2458332.021427281,0.0,0.0,0.0,0.0,0.0,0.0,0.0,0.0,0.0,0.0,0.0,0.0,0.0,0.0,0.0,0.0
2458332.8725310965,0.0,0.0,0.0,0.0,0.0,0.0,0.0,0.0,0.0,0.0,0.0,0.0,0.0,0.0,0.0,0.0
2458335.9191805595,0.0,0.0,0.0,0.0,0.0,0.0,0.0,0.0,0.0,0.0,0.0,0.0,0.0,0.0,0.0,0.0
2458337.906148835,0.0,0.0,0.0,0.0,0.0,0.0,0.0,0.0,0.0,0.0,0.0,0.0,0.0,0.0,0.0,0.0
2458338.95120977,0.0,0.0,0.0,0.0,0.0,0.0,0.0,0.0,0.0,0.0,0.0,0.0,0.0,0.0,0.0,0.0
2458339.9476791243,0.0,0.0,0.0,0.0,0.0,0.0,0.0,0.0,0.0,0.0,0.0,0.0,0.0,0.0,0.0,0.0
2458339.9793980625,0.0,0.0,0.0,0.0,0.0,0.0,0.0,0.0,0.0,0.0,0.0,0.0,0.0,0.0,0.0,0.0
2458340.878835191,0.0,0.0,0.0,0.0,0.0,0.0,0.0,0.0,0.0,0.0,0.0,0.0,0.0,0.0,0.0,0.0
2458341.878543622,0.0,0.0,0.0,0.0,0.0,0.0,0.0,0.0,0.0,0.0,0.0,0.0,0.0,0.0,0.0,0.0
2458343.037781656,0.0,0.0,0.0,0.0,0.0,0.0,0.0,0.0,0.0,0.0,0.0,0.0,0.0,0.0,0.0,0.0
2458344.868427966,0.0,0.0,0.0,0.0,0.0,0.0,0.0,0.0,0.0,0.0,0.0,0.0,0.0,0.0,0.0,0.0
2458346.0326148355,0.0,0.0,0.0,0.0,0.0,0.0,0.0,0.0,0.0,0.0,0.0,0.0,0.0,0.0,0.0,0.0
2458347.9037850844,0.0,0.0,0.0,0.0,0.0,0.0,0.0,0.0,0.0,0.0,0.0,0.0,0.0,0.0,0.0,0.0
2458347.9780426444,0.0,0.0,0.0,0.0,0.0,0.0,0.0,0.0,0.0,0.0,0.0,0.0,0.0,0.0,0.0,0.0
2458353.016001004,0.0,0.0,0.0,0.0,0.0,0.0,0.0,0.0,0.0,0.0,0.0,0.0,0.0,0.0,0.0,0.0
2458353.9811396063,0.0,0.0,0.0,0.0,0.0,0.0,0.0,0.0,0.0,0.0,0.0,0.0,0.0,0.0,0.0,0.0
2458381.884197436,0.0,0.0,0.0,0.0,0.0,0.0,0.0,0.0,0.0,0.0,0.0,0.0,0.0,0.0,0.0,0.0
2458390.884389969,0.0,0.0,0.0,0.0,0.0,0.0,0.0,0.0,0.0,0.0,0.0,0.0,0.0,0.0,0.0,0.0
2458398.8853394086,0.0,0.0,0.0,0.0,0.0,0.0,0.0,0.0,0.0,0.0,0.0,0.0,0.0,0.0,0.0,0.0
2457867.4532781574,0.0,0.0,0.0,0.0,0.0,0.0,0.0,0.0,0.0,0.0,0.0,0.0,0.0,0.0,0.0,0.0
2458580.539819603,0.0,0.0,0.0,0.0,0.0,0.0,0.0,0.0,0.0,0.0,0.0,0.0,0.0,0.0,0.0,0.0
2457864.5991871944,0.0,0.0,0.0,0.0,0.0,0.0,0.0,0.0,0.0,0.0,0.0,0.0,0.0,0.0,0.0,0.0
2458580.559513909,0.0,0.0,0.0,0.0,0.0,0.0,0.0,0.0,0.0,0.0,0.0,0.0,0.0,0.0,0.0,0.0
2457867.4949110607,0.0,0.0,0.0,0.0,0.0,0.0,0.0,0.0,0.0,0.0,0.0,0.0,0.0,0.0,0.0,0.0
2458581.585659028,0.0,0.0,0.0,0.0,0.0,0.0,0.0,0.0,0.0,0.0,0.0,0.0,0.0,0.0,0.0,0.0
2457876.6368169067,0.0,0.0,0.0,0.0,0.0,0.0,0.0,0.0,0.0,0.0,0.0,0.0,0.0,0.0,0.0,0.0
2458583.5481344103,0.0,0.0,0.0,0.0,0.0,0.0,0.0,0.0,0.0,0.0,0.0,0.0,0.0,0.0,0.0,0.0
2457887.535271145,0.0,0.0,0.0,0.0,0.0,0.0,0.0,0.0,0.0,0.0,0.0,0.0,0.0,0.0,0.0,0.0
2458583.625648816,0.0,0.0,0.0,0.0,0.0,0.0,0.0,0.0,0.0,0.0,0.0,0.0,0.0,0.0,0.0,0.0
2457890.47225462,0.0,0.0,0.0,0.0,0.0,0.0,0.0,0.0,0.0,0.0,0.0,0.0,0.0,0.0,0.0,0.0
2458585.5556206675,0.0,0.0,0.0,0.0,0.0,0.0,0.0,0.0,0.0,0.0,0.0,0.0,0.0,0.0,0.0,0.0
2457920.2768138587,0.0,0.0,0.0,0.0,0.0,0.0,0.0,0.0,0.0,0.0,0.0,0.0,0.0,0.0,0.0,0.0
2458590.555074898,0.0,0.0,0.0,0.0,0.0,0.0,0.0,0.0,0.0,0.0,0.0,0.0,0.0,0.0,0.0,0.0
2457920.5225103274,0.0,0.0,0.0,0.0,0.0,0.0,0.0,0.0,0.0,0.0,0.0,0.0,0.0,0.0,0.0,0.0
2458604.474238575,0.0,0.0,0.0,0.0,0.0,0.0,0.0,0.0,0.0,0.0,0.0,0.0,0.0,0.0,0.0,0.0
2457921.360170644,0.0,0.0,0.0,0.0,0.0,0.0,0.0,0.0,0.0,0.0,0.0,0.0,0.0,0.0,0.0,0.0
2458605.471613688,0.0,0.0,0.0,0.0,0.0,0.0,0.0,0.0,0.0,0.0,0.0,0.0,0.0,0.0,0.0,0.0
2457929.277748105,0.0,0.0,0.0,0.0,0.0,0.0,0.0,0.0,0.0,0.0,0.0,0.0,0.0,0.0,0.0,0.0
2458605.544146025,0.0,0.0,0.0,0.0,0.0,0.0,0.0,0.0,0.0,0.0,0.0,0.0,0.0,0.0,0.0,0.0
2457929.3966621337,0.0,0.0,0.0,0.0,0.0,0.0,0.0,0.0,0.0,0.0,0.0,0.0,0.0,0.0,0.0,0.0
2458606.564329712,0.0,0.0,0.0,0.0,0.0,0.0,0.0,0.0,0.0,0.0,0.0,0.0,0.0,0.0,0.0,0.0
2457930.3267411264,0.0,0.0,0.0,0.0,0.0,0.0,0.0,0.0,0.0,0.0,0.0,0.0,0.0,0.0,0.0,0.0
2458609.512288608,0.0,0.0,0.0,0.0,0.0,0.0,0.0,0.0,0.0,0.0,0.0,0.0,0.0,0.0,0.0,0.0
2457937.503703962,0.0,0.0,0.0,0.0,0.0,0.0,0.0,0.0,0.0,0.0,0.0,0.0,0.0,0.0,0.0,0.0
2458613.466723453,0.0,0.0,0.0,0.0,0.0,0.0,0.0,0.0,0.0,0.0,0.0,0.0,0.0,0.0,0.0,0.0
2457938.3166658054,0.0,0.0,0.0,0.0,0.0,0.0,0.0,0.0,0.0,0.0,0.0,0.0,0.0,0.0,0.0,0.0
2458614.494579392,0.0,0.0,0.0,0.0,0.0,0.0,0.0,0.0,0.0,0.0,0.0,0.0,0.0,0.0,0.0,0.0
2457939.216476385,0.0,0.0,0.0,0.0,0.0,0.0,0.0,0.0,0.0,0.0,0.0,0.0,0.0,0.0,0.0,0.0
2458616.5293883337,0.0,0.0,0.0,0.0,0.0,0.0,0.0,0.0,0.0,0.0,0.0,0.0,0.0,0.0,0.0,0.0
2457939.5061482512,0.0,0.0,0.0,0.0,0.0,0.0,0.0,0.0,0.0,0.0,0.0,0.0,0.0,0.0,0.0,0.0
2458617.440931057,0.0,0.0,0.0,0.0,0.0,0.0,0.0,0.0,0.0,0.0,0.0,0.0,0.0,0.0,0.0,0.0
2457941.5532857035,0.0,0.0,0.0,0.0,0.0,0.0,0.0,0.0,0.0,0.0,0.0,0.0,0.0,0.0,0.0,0.0
2458618.485188828,0.0,0.0,0.0,0.0,0.0,0.0,0.0,0.0,0.0,0.0,0.0,0.0,0.0,0.0,0.0,0.0
2457942.4588423176,0.0,0.0,0.0,0.0,0.0,0.0,0.0,0.0,0.0,0.0,0.0,0.0,0.0,0.0,0.0,0.0
2458630.474117989,0.0,0.0,0.0,0.0,0.0,0.0,0.0,0.0,0.0,0.0,0.0,0.0,0.0,0.0,0.0,0.0
2457943.205474523,0.0,0.0,0.0,0.0,0.0,0.0,0.0,0.0,0.0,0.0,0.0,0.0,0.0,0.0,0.0,0.0
2458637.553656601,0.0,0.0,0.0,0.0,0.0,0.0,0.0,0.0,0.0,0.0,0.0,0.0,0.0,0.0,0.0,0.0
2457945.4643331133,0.0,0.0,0.0,0.0,0.0,0.0,0.0,0.0,0.0,0.0,0.0,0.0,0.0,0.0,0.0,0.0
2458637.568375636,0.0,0.0,0.0,0.0,0.0,0.0,0.0,0.0,0.0,0.0,0.0,0.0,0.0,0.0,0.0,0.0
2457946.218361312,0.0,0.0,0.0,0.0,0.0,0.0,0.0,0.0,0.0,0.0,0.0,0.0,0.0,0.0,0.0,0.0
2458638.383354136,0.0,0.0,0.0,0.0,0.0,0.0,0.0,0.0,0.0,0.0,0.0,0.0,0.0,0.0,0.0,0.0
2457946.281756224,0.0,0.0,0.0,0.0,0.0,0.0,0.0,0.0,0.0,0.0,0.0,0.0,0.0,0.0,0.0,0.0
2458641.375441686,0.0,0.0,0.0,0.0,0.0,0.0,0.0,0.0,0.0,0.0,0.0,0.0,0.0,0.0,0.0,0.0
2457946.549807948,0.0,0.0,0.0,0.0,0.0,0.0,0.0,0.0,0.0,0.0,0.0,0.0,0.0,0.0,0.0,0.0
2458645.4169332343,0.0,0.0,0.0,0.0,0.0,0.0,0.0,0.0,0.0,0.0,0.0,0.0,0.0,0.0,0.0,0.0
2457947.350856945,0.0,0.0,0.0,0.0,0.0,0.0,0.0,0.0,0.0,0.0,0.0,0.0,0.0,0.0,0.0,0.0
2458648.388044897,0.0,0.0,0.0,0.0,0.0,0.0,0.0,0.0,0.0,0.0,0.0,0.0,0.0,0.0,0.0,0.0
2457947.5555169885,0.0,0.0,0.0,0.0,0.0,0.0,0.0,0.0,0.0,0.0,0.0,0.0,0.0,0.0,0.0,0.0
2458661.2729757065,0.0,0.0,0.0,0.0,0.0,0.0,0.0,0.0,0.0,0.0,0.0,0.0,0.0,0.0,0.0,0.0
2457948.3026955123,0.0,0.0,0.0,0.0,0.0,0.0,0.0,0.0,0.0,0.0,0.0,0.0,0.0,0.0,0.0,0.0
2458661.2847877275,0.0,0.0,0.0,0.0,0.0,0.0,0.0,0.0,0.0,0.0,0.0,0.0,0.0,0.0,0.0,0.0
2457949.225592498,0.0,0.0,0.0,0.0,0.0,0.0,0.0,0.0,0.0,0.0,0.0,0.0,0.0,0.0,0.0,0.0
2458661.2966126204,0.0,0.0,0.0,0.0,0.0,0.0,0.0,0.0,0.0,0.0,0.0,0.0,0.0,0.0,0.0,0.0
2457949.520265053,0.0,0.0,0.0,0.0,0.0,0.0,0.0,0.0,0.0,0.0,0.0,0.0,0.0,0.0,0.0,0.0
2458661.3084382755,0.0,0.0,0.0,0.0,0.0,0.0,0.0,0.0,0.0,0.0,0.0,0.0,0.0,0.0,0.0,0.0
2457954.5383254318,0.0,0.0,0.0,0.0,0.0,0.0,0.0,0.0,0.0,0.0,0.0,0.0,0.0,0.0,0.0,0.0
2458661.320265464,0.0,0.0,0.0,0.0,0.0,0.0,0.0,0.0,0.0,0.0,0.0,0.0,0.0,0.0,0.0,0.0
2457956.388940464,0.0,0.0,0.0,0.0,0.0,0.0,0.0,0.0,0.0,0.0,0.0,0.0,0.0,0.0,0.0,0.0
2458668.3290721555,0.0,0.0,0.0,0.0,0.0,0.0,0.0,0.0,0.0,0.0,0.0,0.0,0.0,0.0,0.0,0.0
2457957.4234840414,0.0,0.0,0.0,0.0,0.0,0.0,0.0,0.0,0.0,0.0,0.0,0.0,0.0,0.0,0.0,0.0
2457844.6174118635,0.0,0.0,0.0,0.0,0.0,0.0,0.0,0.0,0.0,0.0,0.0,0.0,0.0,0.0,0.0,0.0
2457958.367533369,0.0,0.0,0.0,0.0,0.0,0.0,0.0,0.0,0.0,0.0,0.0,0.0,0.0,0.0,0.0,0.0
2457844.63106672,0.0,0.0,0.0,0.0,0.0,0.0,0.0,0.0,0.0,0.0,0.0,0.0,0.0,0.0,0.0,0.0
2457958.4652533056,0.0,0.0,0.0,0.0,0.0,0.0,0.0,0.0,0.0,0.0,0.0,0.0,0.0,0.0,0.0,0.0
2457846.561121053,0.0,0.0,0.0,0.0,0.0,0.0,0.0,0.0,0.0,0.0,0.0,0.0,0.0,0.0,0.0,0.0
2457959.277201117,0.0,0.0,0.0,0.0,0.0,0.0,0.0,0.0,0.0,0.0,0.0,0.0,0.0,0.0,0.0,0.0
2457847.4702764065,0.0,0.0,0.0,0.0,0.0,0.0,0.0,0.0,0.0,0.0,0.0,0.0,0.0,0.0,0.0,0.0
2457965.3978970693,0.0,0.0,0.0,0.0,0.0,0.0,0.0,0.0,0.0,0.0,0.0,0.0,0.0,0.0,0.0,0.0
2457848.635839628,0.0,0.0,0.0,0.0,0.0,0.0,0.0,0.0,0.0,0.0,0.0,0.0,0.0,0.0,0.0,0.0
2457892.541712026,0.0,0.0,0.0,0.0,0.0,0.0,0.0,0.0,0.0,0.0,0.0,0.0,0.0,0.0,0.0,0.0
2457967.4612850766,0.0,0.0,0.0,0.0,0.0,0.0,0.0,0.0,0.0,0.0,0.0,0.0,0.0,0.0,0.0,0.0
2457914.367702042,0.0,0.0,0.0,0.0,0.0,0.0,0.0,0.0,0.0,0.0,0.0,0.0,0.0,0.0,0.0,0.0
2457968.3639381514,0.0,0.0,0.0,0.0,0.0,0.0,0.0,0.0,0.0,0.0,0.0,0.0,0.0,0.0,0.0,0.0
2457917.277393777,0.0,0.0,0.0,0.0,0.0,0.0,0.0,0.0,0.0,0.0,0.0,0.0,0.0,0.0,0.0,0.0
2458670.296212926,0.0,0.0,0.0,0.0,0.0,0.0,0.0,0.0,0.0,0.0,0.0,0.0,0.0,0.0,0.0,0.0
2457969.329152828,0.0,0.0,0.0,0.0,0.0,0.0,0.0,0.0,0.0,0.0,0.0,0.0,0.0,0.0,0.0,0.0
2457971.2465710603,0.0,0.0,0.0,0.0,0.0,0.0,0.0,0.0,0.0,0.0,0.0,0.0,0.0,0.0,0.0,0.0
2457972.301558064,0.0,0.0,0.0,0.0,0.0,0.0,0.0,0.0,0.0,0.0,0.0,0.0,0.0,0.0,0.0,0.0
2457972.443513577,0.0,0.0,0.0,0.0,0.0,0.0,0.0,0.0,0.0,0.0,0.0,0.0,0.0,0.0,0.0,0.0
2457973.4851306286,0.0,0.0,0.0,0.0,0.0,0.0,0.0,0.0,0.0,0.0,0.0,0.0,0.0,0.0,0.0,0.0
2457974.4018228506,0.0,0.0,0.0,0.0,0.0,0.0,0.0,0.0,0.0,0.0,0.0,0.0,0.0,0.0,0.0,0.0
2457978.4014685755,0.0,0.0,0.0,0.0,0.0,0.0,0.0,0.0,0.0,0.0,0.0,0.0,0.0,0.0,0.0,0.0
2457979.452478756,0.0,0.0,0.0,0.0,0.0,0.0,0.0,0.0,0.0,0.0,0.0,0.0,0.0,0.0,0.0,0.0
2457980.3382895226,0.0,0.0,0.0,0.0,0.0,0.0,0.0,0.0,0.0,0.0,0.0,0.0,0.0,0.0,0.0,0.0
2457984.414033991,0.0,0.0,0.0,0.0,0.0,0.0,0.0,0.0,0.0,0.0,0.0,0.0,0.0,0.0,0.0,0.0
2457985.4078017417,0.0,0.0,0.0,0.0,0.0,0.0,0.0,0.0,0.0,0.0,0.0,0.0,0.0,0.0,0.0,0.0
2457986.331336334,0.0,0.0,0.0,0.0,0.0,0.0,0.0,0.0,0.0,0.0,0.0,0.0,0.0,0.0,0.0,0.0
2457986.43201779,0.0,0.0,0.0,0.0,0.0,0.0,0.0,0.0,0.0,0.0,0.0,0.0,0.0,0.0,0.0,0.0
2457989.337659108,0.0,0.0,0.0,0.0,0.0,0.0,0.0,0.0,0.0,0.0,0.0,0.0,0.0,0.0,0.0,0.0
2457991.3438159614,0.0,0.0,0.0,0.0,0.0,0.0,0.0,0.0,0.0,0.0,0.0,0.0,0.0,0.0,0.0,0.0
2457992.2197811017,0.0,0.0,0.0,0.0,0.0,0.0,0.0,0.0,0.0,0.0,0.0,0.0,0.0,0.0,0.0,0.0
2457992.4161394243,0.0,0.0,0.0,0.0,0.0,0.0,0.0,0.0,0.0,0.0,0.0,0.0,0.0,0.0,0.0,0.0
2458000.330072832,0.0,0.0,0.0,0.0,0.0,0.0,0.0,0.0,0.0,0.0,0.0,0.0,0.0,0.0,0.0,0.0
2458001.244864189,0.0,0.0,0.0,0.0,0.0,0.0,0.0,0.0,0.0,0.0,0.0,0.0,0.0,0.0,0.0,0.0
2458001.3861358,0.0,0.0,0.0,0.0,0.0,0.0,0.0,0.0,0.0,0.0,0.0,0.0,0.0,0.0,0.0,0.0
2458003.293674702,0.0,0.0,0.0,0.0,0.0,0.0,0.0,0.0,0.0,0.0,0.0,0.0,0.0,0.0,0.0,0.0
2458006.2532190457,0.0,0.0,0.0,0.0,0.0,0.0,0.0,0.0,0.0,0.0,0.0,0.0,0.0,0.0,0.0,0.0
2458007.2947045537,0.0,0.0,0.0,0.0,0.0,0.0,0.0,0.0,0.0,0.0,0.0,0.0,0.0,0.0,0.0,0.0
2458010.256291161,0.0,0.0,0.0,0.0,0.0,0.0,0.0,0.0,0.0,0.0,0.0,0.0,0.0,0.0,0.0,0.0
2458011.321199931,0.0,0.0,0.0,0.0,0.0,0.0,0.0,0.0,0.0,0.0,0.0,0.0,0.0,0.0,0.0,0.0
2458013.272291965,0.0,0.0,0.0,0.0,0.0,0.0,0.0,0.0,0.0,0.0,0.0,0.0,0.0,0.0,0.0,0.0
2458014.3664247696,0.0,0.0,0.0,0.0,0.0,0.0,0.0,0.0,0.0,0.0,0.0,0.0,0.0,0.0,0.0,0.0
2458016.34193349,0.0,0.0,0.0,0.0,0.0,0.0,0.0,0.0,0.0,0.0,0.0,0.0,0.0,0.0,0.0,0.0
2458019.2687283945,0.0,0.0,0.0,0.0,0.0,0.0,0.0,0.0,0.0,0.0,0.0,0.0,0.0,0.0,0.0,0.0
2458020.345561828,0.0,0.0,0.0,0.0,0.0,0.0,0.0,0.0,0.0,0.0,0.0,0.0,0.0,0.0,0.0,0.0
2458021.255930853,0.0,0.0,0.0,0.0,0.0,0.0,0.0,0.0,0.0,0.0,0.0,0.0,0.0,0.0,0.0,0.0
2458024.2304402096,0.0,0.0,0.0,0.0,0.0,0.0,0.0,0.0,0.0,0.0,0.0,0.0,0.0,0.0,0.0,0.0
2458028.2762237126,0.0,0.0,0.0,0.0,0.0,0.0,0.0,0.0,0.0,0.0,0.0,0.0,0.0,0.0,0.0,0.0
2458032.2471268326,0.0,0.0,0.0,0.0,0.0,0.0,0.0,0.0,0.0,0.0,0.0,0.0,0.0,0.0,0.0,0.0
2458036.2511471985,0.0,0.0,0.0,0.0,0.0,0.0,0.0,0.0,0.0,0.0,0.0,0.0,0.0,0.0,0.0,0.0
2458047.25438402,0.0,0.0,0.0,0.0,0.0,0.0,0.0,0.0,0.0,0.0,0.0,0.0,0.0,0.0,0.0,0.0
2458053.2578003597,0.0,0.0,0.0,0.0,0.0,0.0,0.0,0.0,0.0,0.0,0.0,0.0,0.0,0.0,0.0,0.0
2458165.6206522696,0.0,0.0,0.0,0.0,0.0,0.0,0.0,0.0,0.0,0.0,0.0,0.0,0.0,0.0,0.0,0.0
2458249.605311571,0.0,0.0,0.0,0.0,0.0,0.0,0.0,0.0,0.0,0.0,0.0,0.0,0.0,0.0,0.0,0.0
2458249.652410622,0.0,0.0,0.0,0.0,0.0,0.0,0.0,0.0,0.0,0.0,0.0,0.0,0.0,0.0,0.0,0.0
2458251.63813242,0.0,0.0,0.0,0.0,0.0,0.0,0.0,0.0,0.0,0.0,0.0,0.0,0.0,0.0,0.0,0.0
2458252.508768533,0.0,0.0,0.0,0.0,0.0,0.0,0.0,0.0,0.0,0.0,0.0,0.0,0.0,0.0,0.0,0.0
2458252.622858022,0.0,0.0,0.0,0.0,0.0,0.0,0.0,0.0,0.0,0.0,0.0,0.0,0.0,0.0,0.0,0.0
2458255.541785501,0.0,0.0,0.0,0.0,0.0,0.0,0.0,0.0,0.0,0.0,0.0,0.0,0.0,0.0,0.0,0.0
2458256.5625467924,0.0,0.0,0.0,0.0,0.0,0.0,0.0,0.0,0.0,0.0,0.0,0.0,0.0,0.0,0.0,0.0
2458257.579474227,0.0,0.0,0.0,0.0,0.0,0.0,0.0,0.0,0.0,0.0,0.0,0.0,0.0,0.0,0.0,0.0
2458262.4271676824,0.0,0.0,0.0,0.0,0.0,0.0,0.0,0.0,0.0,0.0,0.0,0.0,0.0,0.0,0.0,0.0
2458275.5699907844,0.0,0.0,0.0,0.0,0.0,0.0,0.0,0.0,0.0,0.0,0.0,0.0,0.0,0.0,0.0,0.0
2458276.374391487,0.0,0.0,0.0,0.0,0.0,0.0,0.0,0.0,0.0,0.0,0.0,0.0,0.0,0.0,0.0,0.0
2458276.458121303,0.0,0.0,0.0,0.0,0.0,0.0,0.0,0.0,0.0,0.0,0.0,0.0,0.0,0.0,0.0,0.0
2458277.3717103405,0.0,0.0,0.0,0.0,0.0,0.0,0.0,0.0,0.0,0.0,0.0,0.0,0.0,0.0,0.0,0.0
2458277.5563291484,0.0,0.0,0.0,0.0,0.0,0.0,0.0,0.0,0.0,0.0,0.0,0.0,0.0,0.0,0.0,0.0
2458278.3690041816,0.0,0.0,0.0,0.0,0.0,0.0,0.0,0.0,0.0,0.0,0.0,0.0,0.0,0.0,0.0,0.0
2458278.5034386097,0.0,0.0,0.0,0.0,0.0,0.0,0.0,0.0,0.0,0.0,0.0,0.0,0.0,0.0,0.0,0.0
2458281.510320205,0.0,0.0,0.0,0.0,0.0,0.0,0.0,0.0,0.0,0.0,0.0,0.0,0.0,0.0,0.0,0.0
2458281.525148452,0.0,0.0,0.0,0.0,0.0,0.0,0.0,0.0,0.0,0.0,0.0,0.0,0.0,0.0,0.0,0.0
2458282.3584912163,0.0,0.0,0.0,0.0,0.0,0.0,0.0,0.0,0.0,0.0,0.0,0.0,0.0,0.0,0.0,0.0
2458304.4524611738,0.0,0.0,0.0,0.0,0.0,0.0,0.0,0.0,0.0,0.0,0.0,0.0,0.0,0.0,0.0,0.0
2458305.302435546,0.0,0.0,0.0,0.0,0.0,0.0,0.0,0.0,0.0,0.0,0.0,0.0,0.0,0.0,0.0,0.0
2458306.292851421,0.0,0.0,0.0,0.0,0.0,0.0,0.0,0.0,0.0,0.0,0.0,0.0,0.0,0.0,0.0,0.0
2458310.281989465,0.0,0.0,0.0,0.0,0.0,0.0,0.0,0.0,0.0,0.0,0.0,0.0,0.0,0.0,0.0,0.0
2458320.254078468,0.0,0.0,0.0,0.0,0.0,0.0,0.0,0.0,0.0,0.0,0.0,0.0,0.0,0.0,0.0,0.0
2458673.485269354,0.0,0.0,0.0,0.0,0.0,0.0,0.0,0.0,0.0,0.0,0.0,0.0,0.0,0.0,0.0,0.0
2458674.285277789,0.0,0.0,0.0,0.0,0.0,0.0,0.0,0.0,0.0,0.0,0.0,0.0,0.0,0.0,0.0,0.0
2458700.2745761788,0.0,0.0,0.0,0.0,0.0,0.0,0.0,0.0,0.0,0.0,0.0,0.0,0.0,0.0,0.0,0.0
2458720.3237178423,0.0,0.0,0.0,0.0,0.0,0.0,0.0,0.0,0.0,0.0,0.0,0.0,0.0,0.0,0.0,0.0
2458721.219258449,0.0,0.0,0.0,0.0,0.0,0.0,0.0,0.0,0.0,0.0,0.0,0.0,0.0,0.0,0.0,0.0
2458724.233793505,0.0,0.0,0.0,0.0,0.0,0.0,0.0,0.0,0.0,0.0,0.0,0.0,0.0,0.0,0.0,0.0
2458725.322885458,0.0,0.0,0.0,0.0,0.0,0.0,0.0,0.0,0.0,0.0,0.0,0.0,0.0,0.0,0.0,0.0
2458661.316323797,0.7588971157150718,0.0002570783210579539,0.6893221385567297,0.0004877381353252645,0.6893221385567297,0.0004877381353252645,17.149278041840677,0.0349536200818051,1.4872705395565156,1.5464069546221714e-08,12.0,1335.67294921875,49.69210958630456,796.3660623601072,534.495499589982,0.0
2458580.5437641456,0.7586475308747772,0.00026430859092158666,0.6890513553244013,0.0004909599250442515,0.6890513553244013,0.0004909599250442515,17.142487324450382,0.0349820550320708,1.3416291659029735,1.0262036005171402e-08,12.0,1339.7066162109377,46.1899245803842,796.3660623601072,534.495499589982,0.0
2458661.304501836,0.7591218564676576,0.000256332811501554,0.6895659675783535,0.0004884743370928843,0.6895659675783535,0.0004884743370928843,17.155392799993027,0.034960013857151,1.4739973693687,1.5835037801890658e-08,12.0,1404.69482421875,48.68070265331468,796.3660623601072,534.495499589982,0.0
2458580.563461325,0.7604432563640979,0.0011864941850005064,0.6909996000647456,0.0013510910735076776,0.6909996000647456,0.0013510910735076776,17.191345517496675,0.0471184867944524,0.1764179757376719,1.5608542318779408e-08,12.0,1047.5427001953124,24.827471158472893,796.3660623601072,534.495499589982,4.0
2458668.3330237023,0.7593442705191862,0.0002525158282947919,0.6898072722814649,0.0004873295605955029,0.6898072722814649,0.0004873295605955029,17.161444253141312,0.0349498946357637,1.5379278054343717,1.5895694048222377e-08,12.0,1290.6167724609377,49.91711405370072,796.3660623601072,534.495499589982,0.0
2458581.5896142027,0.7590022860065458,0.00024223746263762777,0.6894362414462992,0.00047928239269300304,0.6894362414462992,0.00047928239269300304,17.152139520632474,0.0348799471352744,1.5613243234975307,1.5853704891179973e-08,12.0,1484.2506103515625,48.73667616224586,796.3660623601072,534.495499589982,0.0
2457844.621532202,0.757698283074145,0.0003414823103796766,0.6880214835283691,0.0005397453201640397,0.6880214835283691,0.0005397453201640397,17.116660140636423,0.0354314744155905,0.8980676328519801,1.5892377791484575e-08,12.0,1225.70625,40.37503336796688,796.3660623601072,534.495499589982,0.0
2458583.5520763644,0.7589058858050625,0.000268030986511506,0.6893316535309273,0.0004946753475295454,0.6893316535309273,0.0004946753475295454,17.1495166589079,0.0350148755392819,1.0710149886616611,1.4041443546794301e-08,12.0,1441.202954101563,36.613952801441314,796.3660623601072,534.495499589982,0.0
2457844.635186139,0.7592808493702434,0.00037326214978752534,0.6897384644817265,0.0005710484774736186,0.6897384644817265,0.0005710484774736186,17.15971868720337,0.0357382400143837,0.7870926479456434,1.5780749133541342e-08,12.0,1190.6255859375,37.01793910065002,796.3660623601072,534.495499589982,0.0
2458583.629591521,0.7576757800030742,0.00033679357593650877,0.6879970691676468,0.0005361638772587569,0.6879970691676468,0.0005361638772587569,17.11604787590162,0.0353972670946586,1.4424490481789838,6.970960552640402e-09,12.0,1472.506298828125,65.8457338212187,796.3660623601072,534.495499589982,0.0
2457846.565251793,0.7583107565073272,7.279901016628554e-05,0.6886859771560951,0.0004041546988297312,0.6886859771560951,0.0004041546988297312,17.13332434984441,0.0342765974255114,1.0000332915199244,1.0122846295081648e-08,12.0,1231.81171875,0.315922347395554,796.3660623601072,534.495499589982,0.0
2458585.559559274,0.7598265366483632,0.0002478132764137051,0.6903304994980988,0.0004871311411742111,0.6903304994980988,0.0004871311411742111,17.174565775210894,0.034948004727256,1.5484060941647044,1.5870888993809795e-08,12.0,1523.319384765625,48.28284334957647,796.3660623601072,534.495499589982,0.0
2457867.4574162783,0.7691604181226877,0.0011999420200267447,0.7004571505912095,0.0013859200369762468,0.7004571505912095,0.0013859200369762468,17.42852251061167,0.0477487597311003,0.755711090342357,1.5640338789389257e-08,12.0,1281.23037109375,94.4085808676765,796.3660623601072,534.495499589982,2.0
2458591.6234329,0.7595552529184403,0.0003354199759799935,0.6900361743893297,0.0005440440668918809,0.6900361743893297,0.0005440440668918809,17.16718467329652,0.0354722120293687,1.5986793274033333,6.32235978540177e-09,12.0,3065.7662597656254,69.46563502667067,796.3660623601072,534.495499589982,0.0
2457867.499043928,0.7648941554204146,0.000613604778295706,0.6958285345137162,0.0007991635987228224,0.6958285345137162,0.0007991635987228224,17.312445811843666,0.0383885976655233,0.831860464314522,1.5008867638116443e-08,12.0,1246.6153076171877,57.55730029092083,796.3660623601072,534.495499589982,0.0
2458592.5083428454,0.7594608720402702,0.0003302600528677954,0.6899337773077173,0.0005398503902525242,0.6899337773077173,0.0005398503902525242,17.164616753426294,0.0354319231549909,1.6063047833072734,1.4657698432965956e-08,12.0,6066.42470703125,68.92679107811463,796.3660623601072,534.495499589982,0.0
2457876.640910507,0.760231501865799,0.000287348161200462,0.6907698602799022,0.000514205743101985,0.6907698602799022,0.000514205743101985,17.185584090030265,0.0351909726901593,0.9268181334608064,1.5850720739204072e-08,12.0,1340.9549072265625,32.61489387909448,796.3660623601072,534.495499589982,0.0
2458598.524753493,0.7592121106922257,0.00029076485800054653,0.6896638875106343,0.0005111298201167408,0.6896638875106343,0.0005111298201167408,17.157848441656203,0.0351630939354901,1.5865360034417804,1.582952945735063e-08,12.0,5299.26484375,59.90810202923983,796.3660623601072,534.495499589982,0.0
2457887.539416314,0.7746953916537467,0.0015325469006221154,0.706462234961825,0.0017425919307167926,0.706462234961825,0.0017425919307167926,17.57911835997448,0.0546043765074886,1.0044389793941992,1.5812125560781842e-08,12.0,34760.43828125,141.98389907637343,796.3660623601072,534.495499589982,2.0
2458601.663460056,0.7598968663212464,0.0002888400003569255,0.6904068025945906,0.0005134131966901491,0.6904068025945906,0.0005134131966901491,17.176479308629578,0.0351837964603486,1.603051510836261,1.5769912257352565e-08,12.0,1959.9381103515625,58.99278071420513,796.3660623601072,534.495499589982,0.0
2457890.47636911,0.7587751528887354,0.00037061301673821823,0.6891898168648338,0.0005666953411790466,0.6891898168648338,0.0005666953411790466,17.145959670881943,0.0356947918227921,0.9835745149881993,6.919999051777267e-09,12.0,2709.35498046875,47.51440251269273,796.3660623601072,534.495499589982,0.0
2458604.4781881585,0.7587348305483014,0.0002166341664339974,0.6891460697619854,0.0004631416238819139,0.6891460697619854,0.0004631416238819139,17.144862578534195,0.0347426257675578,1.5872266174401348,1.551687016453472e-08,12.0,1345.202197265625,44.543144866462896,796.3660623601072,534.495499589982,0.0
2457892.5458247666,0.7584884321776701,0.00032155359083931685,0.6888787436408899,0.0005288738430485184,0.6888787436408899,0.0005288738430485184,17.138158558777164,0.0353279644382976,0.9971349986324328,1.033210644010658e-08,12.0,1532.92607421875,41.8265246467547,796.3660623601072,534.495499589982,0.0
2458605.475571621,0.7589057490934564,0.00025572935458095455,0.6893315052077732,0.00048694857966752363,0.6893315052077732,0.00048694857966752363,17.149512939251363,0.0349466933469421,1.5812732273857906,9.810406879814542e-09,12.0,1352.1010498046876,52.64214487783864,796.3660623601072,534.495499589982,0.0
2457917.281511636,0.76049375858426,0.00040622858984273684,0.6910543916714764,0.0006024212607297877,0.6910543916714764,0.0006024212607297877,17.192719584544577,0.0360603511220287,0.887497895603733,1.5892523046117363e-08,12.0,2943.283740234375,44.94310438726439,796.3660623601072,534.495499589982,0.0
2458605.5480926703,0.7592733773661532,0.00027822691638470414,0.6897303578458537,0.0005031685542492086,0.6897303578458537,0.0005031685542492086,17.159515388525218,0.0350907869012656,1.2875748411687205,1.551493410357664e-08,12.0,1430.1067626953125,45.96603653537521,796.3660623601072,534.495499589982,0.0
2457920.268532557,0.7607935337446144,0.0003551895316552784,0.6913796281193187,0.0005646640201362835,0.6913796281193187,0.0005646640201362835,17.200875882788484,0.0356739282019322,0.8690646050716426,1.5475312415972462e-08,12.0,1369.44697265625,37.47457079722316,796.3660623601072,534.495499589982,0.0
2458606.5676491084,0.7577466146735098,0.0006155861966526722,0.6880739201534631,0.0007748244546724225,0.6880739201534631,0.0007748244546724225,17.117975149320127,0.0380754342926754,0.2680460183759893,1.5541545360514817e-08,12.0,809.869140625,20.22225405586353,796.3660623601072,534.495499589982,4.0
2457920.5142538897,0.7615959703206001,0.00033933909180329763,0.6922502193360281,0.0005572125669817719,0.6922502193360281,0.0005572125669817719,17.222708619122667,0.0355999311409173,0.9440507345451208,1.5908484322207093e-08,12.0,1767.308349609375,38.28775916940089,796.3660623601072,534.495499589982,0.0
2458609.516244652,0.7594627129027334,0.0007624288650881786,0.6899357745231225,0.000920487674226718,0.6899357745231225,0.000920487674226718,17.164666839708477,0.0400625250334577,0.3469425325836521,1.5883899942052087e-08,12.0,1196.1946533203125,33.16333543698241,796.3660623601072,534.495499589982,4.0
2457921.3642894328,0.7613371635753967,0.00035726355852602743,0.6919694309398582,0.0005689315178659672,0.6919694309398582,0.0005689315178659672,17.215666991661216,0.0357163865249841,0.8453107877556209,1.5871271107671887e-08,12.0,1265.8561767578126,36.20357598777632,796.3660623601072,534.495499589982,0.0
2458613.470666297,0.7591488365429718,0.000253356766963377,0.6895952391959466,0.0004867883464780973,0.6895952391959466,0.0004867883464780973,17.156126875293484,0.034945212386592,1.5895029990928802,1.0196855528197052e-08,12.0,1423.1756347656249,52.12524038440707,796.3660623601072,534.495499589982,0.0
2457929.281848458,0.7603537638208476,0.00031034485285078706,0.6909025065068916,0.0005303399734970681,0.6909025065068916,0.0005303399734970681,17.188910599698648,0.0353412071024061,0.8912158519885488,1.5739155941657886e-08,12.0,1418.1773681640625,33.683443848778104,796.3660623601072,534.495499589982,0.0
2458614.498531647,0.758127566353438,0.00032540017459324047,0.6884872278172232,0.00052992502850986,0.6884872278172232,0.00052992502850986,17.128340102554873,0.0353379852693307,1.608945467687113,7.80455229914928e-09,12.0,1379.7989501953125,70.25683439224878,796.3660623601072,534.495499589982,0.0
2457929.400769427,0.7597216184715114,0.00029650142755446965,0.6902166701364096,0.0005176158817940226,0.6902166701364096,0.0005176158817940226,17.171711155966925,0.0352225558771108,0.9332484952604206,9.568212480523844e-09,12.0,1264.131005859375,34.56248270836034,796.3660623601072,534.495499589982,0.0
2458616.53332617,0.7581720455976491,0.00023421013983106027,0.6885354848888658,0.000470079896655733,0.6885354848888658,0.000470079896655733,17.12955029615803,0.0348013630184511,1.584526026976493,1.5830526317254062e-08,12.0,1460.7524169921876,49.067095775246685,796.3660623601072,534.495499589982,0.0
2457930.3308662456,0.76029547118991,0.00028363101469101583,0.6908392628138548,0.0005121147086730861,0.6908392628138548,0.0005121147086730861,17.187324570746853,0.0351717715096657,0.9187719980789923,1.57918774941044e-08,12.0,1241.00078125,31.73541032058745,796.3660623601072,534.495499589982,0.0
2458617.4448756645,0.0,0.0,0.0,0.0,0.0,0.0,0.0,0.0,0.0,0.0,12.0,0.0,0.0,0.0,0.0,5.0
2457937.5078282906,0.7584925848318741,0.000382095136104516,0.6888832489991751,0.0005743451437349023,0.6888832489991751,0.0005743451437349023,17.138271544409964,0.0357716937149373,0.8452215239199259,9.087288160282488e-09,12.0,2135.781201171875,42.137996229054416,796.3660623601072,534.495499589982,0.0
2458618.489133425,0.757708772540563,0.0002700862203627347,0.6880328639135672,0.0004898781316388367,0.6880328639135672,0.0004898781316388367,17.11694553858743,0.0349728204212747,1.4389402169814702,1.5476998074689082e-08,12.0,2596.248388671875,51.97709999410475,796.3660623601072,534.495499589982,0.0
2457938.320787105,0.7603724775790667,0.00038859698444190436,0.6909228097109387,0.0005879991366748462,0.6909228097109387,0.0005879991366748462,17.189419764611166,0.0359103625910368,0.8667018362784779,1.5902339688102542e-08,12.0,3403.437353515625,41.90416168546162,796.3660623601072,534.495499589982,0.0
2458627.4767297106,0.0,0.0,0.0,0.0,0.0,0.0,0.0,0.0,0.0,0.0,12.0,0.0,0.0,0.0,0.0,5.0
2457939.2205914864,0.7596378568737678,0.00054579193580524,0.6901257942797058,0.000717381183449949,0.6901257942797058,0.000717381183449949,17.16943216603402,0.0373602477627456,0.786868835615998,1.5526377397895637e-08,12.0,7289.631445312501,55.10947972850103,796.3660623601072,534.495499589982,0.0
2458627.4787909323,0.7583393411801297,0.000420993572038997,0.6887169896570443,0.0006048701028657888,0.6887169896570443,0.0006048701028657888,17.13410208311726,0.03608677619124,1.5567209523567993,9.707827543728454e-09,12.0,7164.962695312501,87.81902634322785,796.3660623601072,534.495499589982,0.0
2457939.51027184,0.7772451384326935,0.0012388504232437644,0.7092285434988688,0.001449915445571641,0.7092285434988688,0.001449915445571641,17.648492003711144,0.0489282644158985,0.6978004015318726,1.4329552990579313e-08,12.0,11702.641015625,74.3648853977354,796.3660623601072,534.495499589982,4.0
2458629.407768317,0.7594630010330655,0.00023998181591810742,0.6899360871256933,0.0004804716507176673,0.6899360871256933,0.0004804716507176673,17.16467467917363,0.0348900904034041,1.3999343726775777,1.5876941310785912e-08,12.0,1349.220751953125,42.63609026304476,796.3660623601072,534.495499589982,0.0
2457941.557422048,0.766028035357992,0.0014253355484915794,0.6970587201059497,0.0016107404397692681,0.6970587201059497,0.0016107404397692681,17.34329647649757,0.051997098777865,0.856554310959099,1.4827089463473828e-08,12.0,30702.658984375,137.59157014156082,796.3660623601072,534.495499589982,0.0
2458630.4780625715,0.762979853311939,0.001364583963392223,0.6937516418948565,0.001541127335984783,0.6937516418948565,0.001541127335984783,17.260361379940754,0.0506533815682796,0.2348471770988836,1.540774969644975e-08,12.0,1884.5250244140625,37.41916798872377,796.3660623601072,534.495499589982,4.0
2457942.463006235,0.7637284569075381,0.0019287639599029288,0.6945638278477779,0.0021370125633086287,0.6945638278477779,0.0021370125633086287,17.28072942572863,0.0628025583351698,0.9075656380731004,1.5511811202023952e-08,12.0,62939.62890625,208.47560201572483,796.3660623601072,534.495499589982,2.0
2458638.387311093,0.7598530583211295,0.00024954296288078433,0.6903592737789,0.0004883161468433693,0.6903592737789,0.0004883161468433693,17.175287378270838,0.0349583956142916,1.5030506224274838,1.5291496672231817e-08,12.0,1335.6891845703124,47.453546705799575,796.3660623601072,534.495499589982,0.0
2457943.209657143,0.7654007683852505,0.001593090832822893,0.6963781764550947,0.001785001232440099,0.6963781764550947,0.001785001232440099,17.326229763891426,0.0554604625937617,0.8242156313305792,1.5798933188361906e-08,12.0,24828.762890625,150.31568940266172,796.3660623601072,534.495499589982,0.0
2458641.379389222,0.7590433716708566,0.0002328849648741196,0.6894808167056427,0.00047402007264130743,0.6894808167056427,0.00047402007264130743,17.153257381536186,0.03483467853584,1.5466677533366184,1.5896307702123584e-08,12.0,1307.981640625,46.405787054344216,796.3660623601072,534.495499589982,0.0
2457945.46849369,0.7750136895320782,0.0014264001429609863,0.706807567347543,0.0016339522226885336,0.706807567347543,0.0016339522226885336,17.587778625298004,0.0524493427692964,0.9110215482315488,1.0337683289201804e-08,12.0,16505.7859375,118.92205221050096,796.3660623601072,534.495499589982,0.0
2458645.420886237,0.7595352401274821,0.0002639013410741384,0.6900144618196992,0.0004954032155516042,0.6900144618196992,0.0004954032155516042,17.16664016423328,0.0350211489949807,1.5368232155153874,1.5908740414531754e-08,12.0,1610.7996337890625,51.98722426567126,796.3660623601072,534.495499589982,0.0
2457946.2225232264,0.7606803185858982,0.000563700849588664,0.6912567970748141,0.0007373853771392516,0.6912567970748141,0.0007373853771392516,17.19779551882794,0.0376040949979142,0.8178213749942153,1.5844656132928523e-08,12.0,1380.0392822265624,57.55881537904936,796.3660623601072,534.495499589982,0.0
2458648.3919947343,0.7591613409255853,0.00029236154095252853,0.689608805633469,0.0005119407502029704,0.689608805633469,0.0005119407502029704,17.15646709518973,0.0351705283011709,1.5678936839208517,1.5900552702177853e-08,12.0,4567.8025390625,59.63394320983789,796.3660623601072,534.495499589982,0.0
2457946.285901074,0.7702348866409751,0.0007681102585595982,0.7016228786781966,0.0009637294887866395,0.7016228786781966,0.0009637294887866395,17.457756706261765,0.0406945970998303,0.883419296258454,1.551082936251738e-08,12.0,5747.95595703125,68.17951517377733,796.3660623601072,534.495499589982,0.0
2458654.4029523274,0.7593641145374749,0.0006341436536692516,0.6898288017437844,0.0007974266314728278,0.6898288017437844,0.0007974266314728278,17.16198417022893,0.0383673230888103,1.2937354804268226,8.473651218196524e-09,12.0,16779.069140625,107.5944421899424,796.3660623601072,534.495499589982,0.0
2457946.5539573054,0.0,0.0,0.0,0.0,0.0,0.0,0.0,0.0,0.0,0.0,12.0,0.0,0.0,0.0,0.0,5.0
2458654.534325801,0.7712946644889945,0.0010475759774111366,0.7027726683485096,0.001238780126475003,0.7027726683485096,0.001238780126475003,17.486591197386765,0.045133458117206,1.1797978484027325,1.5898765884574043e-08,12.0,21712.96484375,123.31830957192264,796.3660623601072,534.495499589982,0.0
2457947.355011532,0.7599432549476437,0.00042945911156554606,0.6904571312210581,0.0006186580626799419,0.6904571312210581,0.0006186580626799419,17.177741452803136,0.0362329917973284,0.9172890305487084,1.5907443059874758e-08,12.0,3856.88623046875,50.00600015816931,796.3660623601072,534.495499589982,0.0
2458655.355112031,0.7668129508419559,0.0005968771144221582,0.6979103020834527,0.0007924544149981741,0.6979103020834527,0.0007924544149981741,17.36465249804352,0.0383005845962938,1.2514868797844374,1.5798752457016632e-08,12.0,10936.22109375,81.78725733738712,796.3660623601072,534.495499589982,0.0
2457947.559679398,0.7597811597348845,0.0005056499595256841,0.6902812685139955,0.000682440066578181,0.6902812685139955,0.000682440066578181,17.173331157775323,0.0369462344341299,0.8609057189178734,1.5896795819319026e-08,12.0,4631.53203125,55.74440780992374,796.3660623601072,534.495499589982,0.0
2458655.4558485434,0.7599034969326128,0.0003842758060268057,0.6904139963743734,0.0005824466387511566,0.6904139963743734,0.0005824466387511566,17.17665971465048,0.0358535488728939,1.3451856476277932,1.5338000627570077e-08,12.0,6924.884570312501,66.31696883828775,796.3660623601072,534.495499589982,0.0
2457948.3068485176,0.7595822423744182,0.00032669274335779915,0.6900654561843292,0.0005378906362573139,0.6900654561843292,0.0005378906362573139,17.167919003826565,0.0354131360898745,0.935896942094007,1.5891546114208793e-08,12.0,1233.4471435546875,38.62686088478538,796.3660623601072,534.495499589982,0.0
2458661.2690360844,0.7598964789045444,0.00022891043211686814,0.690406382272801,0.0004765163354854838,0.690406382272801,0.0004765163354854838,17.176468767775688,0.0348558238780457,1.4358014603852622,1.5500580527657407e-08,12.0,1417.224951171875,40.9968141264918,796.3660623601072,534.495499589982,0.0
2457949.229750251,0.7599772981747114,0.00044485808975299536,0.6904940658964708,0.00063148277635283,0.6904940658964708,0.00063148277635283,17.178667702705965,0.0363718582051385,0.8691359853273343,1.5714926011094578e-08,12.0,1309.2906005859377,48.75040547658408,796.3660623601072,534.495499589982,0.0
2458661.280856016,0.7594388543203746,0.0002297385707730577,0.689909889521284,0.0004744062793237242,0.689909889521284,0.0004744062793237242,17.164017694151642,0.0348378600228193,1.4576461258650977,1.5897765765520468e-08,12.0,1419.4112548828125,42.43092844313826,796.3660623601072,534.495499589982,0.0
2457949.524419063,0.7603077853599173,0.000321101097967824,0.6908526228831365,0.0005375884463051538,0.6908526228831365,0.0005375884463051538,17.187659615328556,0.0354100294820064,0.8903074622010865,1.5599755672563432e-08,12.0,2058.846484375,35.05412720863957,796.3660623601072,534.495499589982,0.0
2458661.2926716423,0.7595911973632654,0.0002618368075546378,0.6900751717616962,0.0004944141397287136,0.6900751717616962,0.0004944141397287136,17.168162651631544,0.0350123400128111,1.4569870115808072,1.5903944832810192e-08,12.0,1413.1762451171876,48.52096531626957,796.3660623601072,534.495499589982,0.0
2457847.474401702,0.7586176875685889,0.0002830017584415213,0.6890189772885249,0.0005029232544756709,0.6890189772885249,0.0005029232544756709,17.14167534621452,0.0350887826189252,0.9458714027164268,1.5884920103326278e-08,12.0,1194.9190673828125,34.33057228890627,796.3660623601072,534.495499589982,0.0
2457954.54251522,0.7624817645268823,0.0006138462611112376,0.6932112481311755,0.0007897681415183383,0.6932112481311755,0.0007897681415183383,17.246809354222336,0.0382667170194011,0.7958938927057478,1.5012028879121994e-08,12.0,1375.062060546875,58.37625140292394,796.3660623601072,534.495499589982,2.0
2457848.6399638266,0.7572824192752016,0.0003482666307278656,0.6875702984982466,0.0005429753668753769,0.6875702984982466,0.0005429753668753769,17.105345296641293,0.0354626345676484,0.6829692074787485,9.997582255201409e-09,12.0,1176.725341796875,31.25999088256987,796.3660623601072,534.495499589982,4.0
2457956.393108671,0.7593255056784076,0.0003137208413579197,0.6897869136561805,0.0005274320888212606,0.6897869136561805,0.0005274320888212606,17.16093369837183,0.035314142873868,0.9307025087767432,1.5684739113032458e-08,12.0,1182.7992919921876,36.98302478098197,796.3660623601072,534.495499589982,0.0
2457864.6033046963,0.7599395132455137,0.00034355383122111036,0.6904530717189021,0.0005518625132424753,0.6904530717189021,0.0005518625132424753,17.177639648375852,0.0355479700312329,1.0024782045230942,1.5700935315910604e-08,12.0,1406.2575927734374,43.46493975420056,796.3660623601072,534.495499589982,0.0
2458670.300158869,0.7604641795214407,0.00025346746339769956,0.691022300322378,0.0004940904390054248,0.691022300322378,0.0004940904390054248,17.191914795856132,0.0350091982526793,1.514428440333473,1.5684735787410337e-08,12.0,1394.2030029296875,47.747027384417095,796.3660623601072,534.495499589982,0.0
2457957.427631184,0.7600014947799038,0.00031165266503273395,0.690520317630982,0.0005294203159412056,0.690520317630982,0.0005294203159412056,17.179326045205748,0.0353326408137479,0.9393215509852,1.5832928240021404e-08,12.0,1175.1358642578125,36.36898313013946,796.3660623601072,534.495499589982,0.0
2457958.371690423,0.7605893138722297,0.0003127055841858746,0.6911580629109315,0.0005331983461798309,0.6911580629109315,0.0005331983461798309,17.195319457818073,0.0353681750229284,0.9383239216982028,1.5900683155651297e-08,12.0,1206.1826904296877,35.91076234620133,796.3660623601072,534.495499589982,0.0
2457958.46966393,0.7597724423325382,0.00027627467347783824,0.6902718107024473,0.0005045420607129891,0.6902718107024473,0.0005045420607129891,17.17309397423629,0.0351030327786519,0.9241650689446622,1.5741509963384535e-08,12.0,1204.2779296875,31.5164402432596,796.3660623601072,534.495499589982,0.0
2457959.281365053,0.7603277936673958,0.00034310971482949407,0.6908743305884848,0.0005534607328922501,0.6908743305884848,0.0005534607328922501,17.188204002405055,0.0355634764651998,0.8978435786750174,1.4433659648009013e-08,12.0,1231.8672363281248,38.09068599309291,796.3660623601072,534.495499589982,0.0
2457965.402054788,0.7650024778713542,0.0005824347288380727,0.6959460572901982,0.0007716858642480404,0.6959460572901982,0.0007716858642480404,17.315393054755084,0.0380333618700806,0.8179657740149674,1.5533200719621472e-08,12.0,2946.592529296875,53.53724169151808,796.3660623601072,534.495499589982,0.0
2457967.465456381,0.7657000873007871,0.0005773804549608258,0.6967029179071418,0.0007702579490997152,0.6967029179071418,0.0007702579490997152,17.334373648602455,0.0380149886262925,0.8037658795639914,9.819700492399605e-09,12.0,7156.6138671875,51.515014993627936,796.3660623601072,534.495499589982,0.0
2457968.3680965863,0.7655455909251252,0.0008571209799811971,0.6965352994414706,0.001031792712319293,0.6965352994414706,0.001031792712319293,17.330170103131866,0.0417318368210515,0.911030419244296,1.5805699243624195e-08,12.0,12710.8578125,88.54638452000606,796.3660623601072,534.495499589982,0.0
2457969.33330532,0.7665250199470239,0.001941244713139024,0.6975979158891426,0.002154613506526861,0.6975979158891426,0.002154613506526861,17.356818459192787,0.0631792395953828,0.9402288644056832,1.5728955440793766e-08,12.0,37843.76953125,203.83842252972417,796.3660623601072,534.495499589982,2.0
2457971.250735761,0.7702779320679882,0.0011675029220135507,0.7016695801519314,0.0013561278508807196,0.7016695801519314,0.0013561278508807196,17.458927888491612,0.0472075268117609,0.8913088453168952,1.5881019356458974e-08,12.0,17979.541796875,105.95409664490958,796.3660623601072,534.495499589982,0.0
2457972.3057088405,0.7806086951413105,0.001649497538509228,0.7128777825977096,0.0018793801930240476,0.7128777825977096,0.0018793801930240476,17.740007830583956,0.0573861316092309,0.9369515708309388,1.586914751184958e-08,12.0,23957.98125,124.28128097388203,796.3660623601072,534.495499589982,2.0
2457972.447663879,0.7695431018426482,0.0013983449732405703,0.7008723374051532,0.0015907599247771567,0.7008723374051532,0.0015907599247771567,17.438934589282216,0.0516082442962573,0.8987592051766047,1.0343918577412173e-08,12.0,27349.5234375,130.60754823733797,796.3660623601072,534.495499589982,2.0
2457973.489284946,0.7778948513475155,0.0016289149156319164,0.7099334395292275,0.0018507430220607952,0.7099334395292275,0.0018507430220607952,17.666169426683542,0.0567979924878203,0.8492905224985221,1.5907720214095018e-08,12.0,20317.866015625,118.18404931840564,796.3660623601072,534.495499589982,0.0
2457974.405988326,0.7588575424212689,0.00043845500753561105,0.6892792041204986,0.0006214314618169599,0.6892792041204986,0.0006214314618169599,17.148201329592844,0.0362631555174913,0.9260137869182892,8.208264686770586e-09,12.0,5397.917578125,53.099187880032346,796.3660623601072,534.495499589982,0.0
2457979.4565962977,0.7592393818813407,0.0003362507165587451,0.6896934749676662,0.0005431093905186202,0.6896934749676662,0.0005431093905186202,17.15859043759617,0.0354633005371507,0.8536260627358923,1.5466754178444987e-08,12.0,1678.7604736328124,36.39917093065151,796.3660623601072,534.495499589982,0.0
2457980.342410183,0.7592387182190816,0.0070363074200003204,0.6896927549375091,0.007644528647003558,0.6896927549375091,0.007644528647003558,17.15857238063871,0.1944860761129904,0.0207182793708761,9.540851560294632e-09,12.0,557.3818603515625,16.48487279578558,796.3660623601072,534.495499589982,4.0
2457984.4181637745,0.7594843224754877,0.00041506370366306875,0.6899592194965942,0.0006049479248487407,0.6899592194965942,0.0006049479248487407,17.165254794094352,0.0360872441822552,0.617375957395743,1.565304691947841e-08,12.0,1141.43388671875,32.04264199675321,796.3660623601072,534.495499589982,4.0
2457985.411923606,0.7610207418412742,0.0003413722990744475,0.6916261340479326,0.0005557002708447984,0.6916261340479326,0.0005557002708447984,17.207057772567463,0.0355852284274767,0.8333616467562563,1.5070860744634484e-08,12.0,1239.5216064453125,34.12412255963785,796.3660623601072,534.495499589982,0.0
2457986.335461361,0.7683297337689814,0.0032668857714321796,0.6995559123826861,0.0035752108250966365,0.6995559123826861,0.0035752108250966365,17.40592120726364,0.0954503142523815,0.0523631725039768,1.5849148381430202e-08,12.0,770.5531127929687,15.339236354970188,796.3660623601072,534.495499589982,4.0
2457986.436139132,0.0,0.0,0.0,0.0,0.0,0.0,0.0,0.0,0.0,0.0,12.0,0.0,0.0,0.0,0.0,5.0
2457989.341793312,0.7595328669645247,0.00029427786136879125,0.690011887093062,0.0005151405446906293,0.690011887093062,0.0005151405446906293,17.166575595091384,0.0351997839652525,0.8694255548281057,1.5667511693549662e-08,12.0,1248.8623779296877,31.58037366329764,796.3660623601072,534.495499589982,0.0
2457991.347971377,0.7613129591047583,0.00036933457573907455,0.6919431706718521,0.0005778127207192532,0.6919431706718521,0.0005778127207192532,17.215008435157966,0.0358059473963157,0.8753883358759562,1.4588987358373893e-08,12.0,1250.941162109375,38.87978151595427,796.3660623601072,534.495499589982,0.0
2457992.223905595,-401.2679754808633,-401.2679754808633,-401.2679754808633,-401.2679754808633,-401.2679754808633,-401.2679754808633,0.0,0.0,-9999.99,-9999.99,12.0,-9999.99,-9999.99,-9999.99,-9999.99,5.0
2457992.420261081,0.7602878561562336,0.00030703058931159694,0.6908310010002332,0.0005277198451454827,0.6908310010002332,0.0005277198451454827,17.187117380512245,0.035316551758472,0.8733366803241789,1.5874244016389878e-08,12.0,1198.046240234375,32.64509721551546,796.3660623601072,534.495499589982,0.0
2458000.3341853563,0.0,0.0,0.0,0.0,0.0,0.0,0.0,0.0,0.0,0.0,12.0,0.0,0.0,0.0,0.0,5.0
2458001.2489980594,0.7592052567934368,0.0006294268773189288,0.6896564514785979,0.0007924877381089528,0.6896564514785979,0.0007924877381089528,17.15766196041942,0.0383029570052728,0.8134030808593148,1.5851163920265215e-08,12.0,6177.583984375,66.87769482305234,796.3660623601072,534.495499589982,0.0
2458001.3902694248,0.0,0.0,0.0,0.0,0.0,0.0,0.0,0.0,0.0,0.0,12.0,0.0,0.0,0.0,0.0,5.0
2458003.297798593,0.7613315757326538,0.0004308908922897951,0.6919633684958495,0.0006260644175355692,0.6919633684958495,0.0006260644175355692,17.215514957343572,0.036312508164219,0.8711930417375302,1.5433526211181112e-08,12.0,3915.973046875,45.92249885889834,796.3660623601072,534.495499589982,0.0
2458006.2573504504,0.7600755871600834,0.0002860859459577246,0.6906007030188617,0.0005125439733244094,0.6906007030188617,0.0005125439733244094,17.181341954561383,0.0351757705980845,0.8630826782087364,1.5129827737648752e-08,12.0,1235.006298828125,29.98633687455804,796.3660623601072,534.495499589982,0.0
2458007.2988764485,-401.2679754808633,-401.2679754808633,-401.2679754808633,-401.2679754808633,-401.2679754808633,-401.2679754808633,0.0,0.0,-9999.99,-9999.99,12.0,-9999.99,-9999.99,-9999.99,-9999.99,5.0
2458010.2604249176,0.0,0.0,0.0,0.0,0.0,0.0,0.0,0.0,0.0,0.0,12.0,0.0,0.0,0.0,0.0,5.0
2458011.32532236,0.0,0.0,0.0,0.0,0.0,0.0,0.0,0.0,0.0,0.0,12.0,0.0,0.0,0.0,0.0,5.0
2458013.2764047696,0.7596072220469346,0.00030194288829667464,0.690092557495685,0.0005207168263316217,0.690092557495685,0.0005207168263316217,17.168598652063057,0.0352513247395329,0.8294822890763,1.5895392147239704e-08,12.0,1256.438037109375,30.92490939870813,796.3660623601072,534.495499589982,0.0
2458014.3705527075,0.7629980283022423,0.0006298924421532144,0.6937713605709428,0.000806459107995577,0.6937713605709428,0.000806459107995577,17.260855886027645,0.0384848959435045,0.6275450013909087,1.5873952955308532e-08,12.0,1303.0187744140626,46.433196661111886,796.3660623601072,534.495499589982,4.0
2458016.3460558387,0.7607950344531088,0.00046198006254914313,0.6913812562899093,0.0006492866977521987,0.6913812562899093,0.0006492866977521987,17.2009167141437,0.0365682311580334,0.5496347497573841,1.5675353344266734e-08,12.0,1132.0474365234377,30.28652979703729,796.3660623601072,534.495499589982,4.0
2458019.2728536697,0.7611204603385504,0.0002932855471744754,0.6917343220972693,0.0005229228172258511,0.6917343220972693,0.0005229228172258511,17.209770918657544,0.03527139968065,0.8905832588843267,1.580627080970981e-08,12.0,1360.8696044921876,30.82646255766008,796.3660623601072,534.495499589982,0.0
2458020.349691239,-401.2679754808633,-401.2679754808633,-401.2679754808633,-401.2679754808633,-401.2679754808633,-401.2679754808633,0.0,0.0,-9999.99,-9999.99,12.0,-9999.99,-9999.99,-9999.99,-9999.99,5.0
2458021.2600582764,0.0,0.0,0.0,0.0,0.0,0.0,0.0,0.0,0.0,0.0,12.0,0.0,0.0,0.0,0.0,5.0
2458024.234558592,0.0,0.0,0.0,0.0,0.0,0.0,0.0,0.0,0.0,0.0,12.0,0.0,0.0,0.0,0.0,5.0
2458028.2803547904,0.0,0.0,0.0,0.0,0.0,0.0,0.0,0.0,0.0,0.0,12.0,0.0,0.0,0.0,0.0,5.0
2458032.2512581176,0.761233302368784,0.0005682633139333534,0.6918567483217669,0.0007436083687465118,0.6918567483217669,0.0007436083687465118,17.212841130518804,0.0376809312176051,0.8247908708631971,1.5876557304934887e-08,12.0,4318.60849609375,57.94419890415655,796.3660623601072,534.495499589982,0.0
2458036.25526954,0.8178049312630116,0.036431684145373636,0.7532332666712536,0.03953717872655318,0.7532332666712536,0.03953717872655318,18.75204496868657,0.9920560571065692,0.0143123673488229,1.5792548311059892e-08,12.0,671.7557739257812,14.871210140779471,796.3660623601072,534.495499589982,6.0
2458047.2585074967,0.7626132957019912,0.0004732865615648802,0.6933539508558525,0.0006668311959124987,0.6933539508558525,0.0006668311959124987,17.250388061314982,0.036765750054617,0.7988754726111825,1.548478206063071e-08,12.0,1609.6626708984377,44.3848806934224,796.3660623601072,534.495499589982,0.0
2458053.261919596,0.7623741614735091,0.0006339025253998397,0.6930945058540148,0.0008078005600358122,0.6930945058540148,0.0008078005600358122,17.243881684717536,0.0385027453509495,0.7752257300140665,1.5303921354233394e-08,12.0,4047.155224609375,59.143802532360034,796.3660623601072,534.495499589982,0.0
2458165.624770011,0.7593435841211001,0.00031608815805246555,0.6898065275844226,0.0005291833923152219,0.6898065275844226,0.0005291833923152219,17.161425577586282,0.0353306107739772,0.8200872586008251,1.5894131712915506e-08,12.0,1824.3646240234373,32.359411669556614,796.3660623601072,534.495499589982,0.0
2458245.6588727683,0.0,0.0,0.0,0.0,0.0,0.0,0.0,0.0,0.0,0.0,12.0,0.0,0.0,0.0,0.0,5.0
2458249.6094268835,0.7570589483403611,0.006099192407228547,0.6873278471458478,0.006628624072098896,0.6873278471458478,0.006628624072098896,17.099265087756585,0.1694272768796667,0.0347615232180006,1.5665090361174763e-08,12.0,1253.1890869140625,27.681054196385105,796.3660623601072,534.495499589982,4.0
2458249.6565267816,0.7703828419307494,0.0034945893107252673,0.7017834004933756,0.003822328846291509,0.7017834004933756,0.003822328846291509,17.461782281525362,0.1012937196865589,0.0662134398917229,1.5024031749616372e-08,12.0,1530.8659423828126,21.34696287018552,796.3660623601072,534.495499589982,4.0
2458251.64226252,0.7598428860298989,0.00046892057517352394,0.6903482375080416,0.0006510940138418581,0.6903482375080416,0.0006510940138418581,17.175010610038928,0.0365887122262999,0.5774209794268648,1.537760152042808e-08,12.0,1428.002758789063,33.624885098268585,796.3660623601072,534.495499589982,4.0
2458252.5128877084,0.7593434063583656,0.0003031861908593264,0.689806334723479,0.0005202205276324815,0.689806334723479,0.0005202205276324815,17.1614207410085,0.0352467977896321,0.8772907835593446,1.561192287776935e-08,12.0,1252.3801025390626,33.438830966912334,796.3660623601072,534.495499589982,0.0
2458252.6269856244,0.7600316196173108,0.00034490762415717075,0.6905530011098218,0.0005533084356660312,0.6905530011098218,0.0005533084356660312,17.18014568335772,0.0355620750710574,0.8522132974909357,1.589735677550265e-08,12.0,1393.8736328125,36.56622969852469,796.3660623601072,534.495499589982,0.0
2458255.545914813,0.7601161084839219,0.00035033755900747555,0.6906446660056935,0.0005577231923080488,0.6906446660056935,0.0005577231923080488,17.182444460860022,0.0356053946482908,0.8964562559769814,1.5800008693974e-08,12.0,1365.858837890625,39.18540415143551,796.3660623601072,534.495499589982,0.0
2458256.5666726194,0.7615008805000958,0.00033728884750052645,0.692147053098338,0.0005552475930004292,0.692147053098338,0.0005552475930004292,17.220121410312327,0.0355806447107219,0.8732940311124102,1.4633836196503992e-08,12.0,1339.9089599609374,34.9706298645907,796.3660623601072,534.495499589982,0.0
2458257.584414819,0.7636868266909324,0.0008310176433705438,0.6945186617848004,0.0010002691461030973,0.6945186617848004,0.0010002691461030973,17.279596748617582,0.0412467451052362,0.2747538645585267,1.5368442684441487e-08,12.0,1154.8481689453124,25.102470061763995,796.3660623601072,534.495499589982,4.0
2458275.574120163,0.7598530247046407,0.0003608240280253334,0.6903592373072078,0.0005642717935405777,0.6903592373072078,0.0005642717935405777,17.17528646363165,0.0356703054937783,0.8814869460448164,1.5305945835196112e-08,12.0,1782.926440429687,39.98804923308669,796.3660623601072,534.495499589982,0.0
2458276.3785189395,0.7610944146076887,0.0003178564635590842,0.6917060641823142,0.0005394210059067764,0.6917060641823142,0.0005394210059067764,17.209062265049827,0.0354273186356636,0.8449812922589445,1.5724521520899057e-08,12.0,1186.6157958984377,32.02519219980346,796.3660623601072,534.495499589982,0.0
2458276.462250938,0.7618118979205805,0.00033277752547917935,0.6924844866633337,0.0005536774309052016,0.6924844866633337,0.0005536774309052016,17.228583588557928,0.0355651638343481,0.846994002868817,1.4538210046262872e-08,12.0,1356.58818359375,32.937643334738695,796.3660623601072,534.495499589982,0.0
2458277.3758365232,0.7707645259391194,0.008729711615756577,0.7021975026856112,0.009483750330471136,0.7021975026856112,0.009483750330471136,17.472167159990658,0.2400769778209031,0.022395430840852,1.5541743682943652e-08,12.0,529.1644165039062,17.09297825843098,796.3660623601072,534.495499589982,4.0
2458277.5604625684,0.7630700316385151,0.0004819072701583391,0.6938494794827785,0.0006761328107837489,0.6938494794827785,0.0006761328107837489,17.262814956567393,0.0368723144604462,0.7210155819425353,1.553324811954802e-08,12.0,1471.66337890625,40.18592614878983,796.3660623601072,534.495499589982,0.0
2458278.3731292933,0.7615332190016895,0.000844497135350249,0.6921821382580771,0.001006998039996532,0.6921821382580771,0.001006998039996532,17.22100127795528,0.0413501035871427,0.2984387441883548,1.553235972893263e-08,12.0,1002.9250854492188,29.802892156962194,796.3660623601072,534.495499589982,4.0
2458278.507567356,0.7615536127142576,0.00040100231741276195,0.6922042641027473,0.0006033035984157243,0.6922042641027473,0.0006033035984157243,17.221556151153607,0.0360693210151434,0.6984772037916457,1.4820347797703822e-08,12.0,1234.5049072265624,33.05399337336278,796.3660623601072,534.495499589982,4.0
2458281.52926847,0.761855220017987,0.00032905650223401044,0.6925314883063547,0.0005512847193388122,0.6925314883063547,0.0005512847193388122,17.229762298450304,0.0355417677504226,0.8719823866277795,1.5236660066496818e-08,12.0,1188.4908203125,33.77075523449808,796.3660623601072,534.495499589982,0.0
2458282.36260925,0.7628525674850897,0.00041097867855022696,0.6936135450954547,0.0006174710877594803,0.6936135450954547,0.0006174710877594803,17.256898180505633,0.0362194291622771,0.8109886473550557,1.5881682158441103e-08,12.0,1202.8180908203126,38.57198189945936,796.3660623601072,534.495499589982,0.0
2458292.3310748525,0.7606841252305476,0.0005174093283182413,0.6912609270353568,0.0006963116824900967,0.6912609270353568,0.0006963116824900967,17.19789909021468,0.0371083975806733,0.8507046554773091,1.563323647474645e-08,12.0,2721.695166015625,55.17998217683768,796.3660623601072,534.495499589982,0.0
2458292.4348528185,0.7601920610511205,0.0003512822036473253,0.6907270695748581,0.0005587946490226356,0.6907270695748581,0.0005587946490226356,17.184510982281363,0.0356159355756129,0.868465528234974,1.5820346069974503e-08,12.0,1823.284814453125,37.89028919888343,796.3660623601072,534.495499589982,0.0
2458300.37233397,0.7669710688757221,0.0011835912200242214,0.69808184981136,0.0013633485490544214,0.69808184981136,0.0013633485490544214,17.368954581777242,0.0473387000772272,0.8376139603816174,1.5707500348365563e-08,12.0,13578.744921875,109.01180004450543,796.3660623601072,534.495499589982,0.0
2458303.386133644,0.760880019933488,0.00046596346798522377,0.6914734599792476,0.000652996045405406,0.6914734599792476,0.000652996045405406,17.20322900353937,0.0366097223352657,0.8636554353371481,1.584176726987624e-08,12.0,1758.0295654296874,49.96694134124434,796.3660623601072,534.495499589982,0.0
2458304.456580722,0.760158286362229,0.0003831984675360744,0.6906904262458082,0.000582802944936964,0.6906904262458082,0.000582802944936964,17.18359203877929,0.0358571137721083,0.8691705389089511,1.587728927109118e-08,12.0,1431.810302734375,41.67790778071412,796.3660623601072,534.495499589982,0.0
2458305.306583637,0.761959655924468,0.0003429402606253091,0.6926447944362252,0.0005617057058189947,0.6926447944362252,0.0005617057058189947,17.23260379605679,0.035644207307648,0.8484535454075401,1.5898117823412016e-08,12.0,1183.3716552734377,34.117464238004594,796.3660623601072,534.495499589982,0.0
2458306.2970073363,0.7601993376746201,0.00033847672261535714,0.6907349642355649,0.0005494493482800381,0.6907349642355649,0.0005494493482800381,17.184708965034183,0.0355243744628697,0.8357219635476544,1.5589282474802253e-08,12.0,1111.3639892578126,34.88672758675686,796.3660623601072,534.495499589982,0.0
2458308.295095597,0.7599829492318901,0.00032460196081825795,0.6905001969240094,0.0005384078651019121,0.6905001969240094,0.0005384078651019121,17.178821456965295,0.0354179565256188,0.8385449629315884,1.5652070356111232e-08,12.0,1116.8824951171875,33.66263124374611,796.3660623601072,534.495499589982,0.0
2458310.286114429,0.7619605500698028,0.00034788998182598866,0.6926457645254483,0.0005652818123618093,0.6926457645254483,0.0005652818123618093,17.23262812400983,0.0356797441503881,0.8099748183057454,1.4787378243451316e-08,12.0,1177.08017578125,32.91330583949625,796.3660623601072,534.495499589982,0.0
2458320.2581903823,0.7582133405538717,0.00034766007528189933,0.6885802872162499,0.0005467035286640542,0.6885802872162499,0.0005467035286640542,17.130673851487053,0.0354983379975782,0.8178692514419902,1.4825745624590081e-08,12.0,2791.9785644531253,36.90072535607338,796.3660623601072,534.495499589982,0.0
2458674.2892283723,0.7604396648495673,0.00032419457050032177,0.690995703506315,0.0005404448318019273,0.690995703506315,0.0005404448318019273,17.191247799381454,0.0354373245442086,1.4774743320197503,1.5220234008515694e-08,12.0,2173.36767578125,60.19686272871351,796.3660623601072,534.495499589982,0.0
2458700.2785239825,0.7607478583011712,0.00025273015368546903,0.6913300732497237,0.0004952487539211953,0.6913300732497237,0.0004952487539211953,17.199633142934037,0.0350194044038281,1.4682965716082064,1.4837650886935906e-08,12.0,1382.300048828125,45.50972238662976,796.3660623601072,534.495499589982,0.0
2458702.314620388,0.7585436343359434,0.00029200035162873865,0.68893863437316,0.0005085712181154958,0.68893863437316,0.0005085712181154958,17.139660501987038,0.0351399660038452,1.4834118676778492,1.5899874482542732e-08,12.0,1535.21884765625,57.25892635422863,796.3660623601072,534.495499589982,0.0
2458705.331297047,0.7601612910389615,0.0004366394701798653,0.6906936861235985,0.0006254975913890479,0.6906936861235985,0.0006254975913890479,17.183673790181004,0.0363067029120789,1.498882219669906,1.584269140179286e-08,12.0,6924.415234374999,84.1210660301157,796.3660623601072,534.495499589982,0.0
2458710.2488079933,0.7823641167396946,0.0010201015431516032,0.7147823002517047,0.0012541770759940166,0.7147823002517047,0.0012541770759940166,17.7877694332574,0.045398826738544,1.4827744312238065,1.5882450330895258e-08,12.0,15743.0189453125,116.42092441238916,796.3660623601072,534.495499589982,0.0
2458710.311108535,0.7582517854659857,0.00037960654929465674,0.6886219974321284,0.0005713365255668308,0.6886219974321284,0.0005713365255668308,17.131719862666863,0.0357414564316505,1.4752975483199766,9.766459711419791e-09,12.0,5912.84775390625,74.92153238747532,796.3660623601072,534.495499589982,0.0
2458711.290968925,0.7596495456141145,0.0003143703705319382,0.6901384757987001,0.0005295168299516421,0.6901384757987001,0.0005295168299516421,17.169750193892796,0.0353336580314819,1.452347398280982,1.5852616432345462e-08,12.0,5733.145605468751,58.65829960992217,796.3660623601072,534.495499589982,0.0
2458712.3256003177,0.7589618727185206,0.0003260992525101672,0.6893923956712605,0.0005344187970894995,0.6893923956712605,0.0005344187970894995,17.15103995377789,0.0353802555932948,1.369109778478793,1.562154410177522e-08,12.0,4777.2283203125,58.46416054987107,796.3660623601072,534.495499589982,0.0
2458713.2737512034,0.7595932947589471,0.000310394885139111,0.6900774472988701,0.0005264632318281807,0.6900774472988701,0.0005264632318281807,17.16821971768297,0.0353049666755995,1.3194323895627595,1.5904795123771035e-08,12.0,2601.9424804687496,52.54034505131468,796.3660623601072,534.495499589982,0.0
2458715.2174431877,0.7600595239430982,0.0002635211952098235,0.6905832754787448,0.0004980118071769911,0.6905832754787448,0.0004980118071769911,17.180904905713398,0.0350442477278263,1.4437045047664718,1.527364024163264e-08,12.0,2288.9021484375,47.77924596578619,796.3660623601072,534.495499589982,0.0
2458720.3276619185,0.7604790347965655,0.00028159142104717253,0.6910384173245594,0.0005117817998296296,0.6910384173245594,0.0005117817998296296,17.1923189789588,0.0351686684246265,1.397550446656382,1.5682699118909045e-08,12.0,1315.2221923828124,49.05123090645497,796.3660623601072,534.495499589982,0.0
2458721.2232029005,0.7594693046703097,0.000255590978078208,0.6899429261599325,0.000489889575224012,0.6899429261599325,0.000489889575224012,17.1648461888655,0.0349723567507174,1.3963018292850655,1.5422946622238934e-08,12.0,1635.975048828125,45.47112632208174,796.3660623601072,534.495499589982,0.0
2458724.237747651,0.7610635732861181,0.00029598376839013374,0.6916726033650048,0.000524399874032957,0.6916726033650048,0.000524399874032957,17.208223132759247,0.0352852052789078,1.41225386762625,1.5758005456790723e-08,12.0,1386.5159912109375,51.32275904098304,796.3660623601072,534.495499589982,0.0
2458725.326824634,0.7583823928450398,0.0002466563737309968,0.6887636978984889,0.0004786199382320541,0.6887636978984889,0.0004786199382320541,17.13527343506812,0.0348744245481107,1.4148806777968088,1.5361236590820787e-08,12.0,1281.0544677734376,45.74043647509941,796.3660623601072,534.495499589982,0.0
2458730.2594076246,0.7602958417445672,0.00031474406526155223,0.6908396648414287,0.0005330831050256099,0.6908396648414287,0.0005330831050256099,17.18733465281735,0.0353671704917522,1.4458774206533476,1.570700334967645e-08,12.0,1974.4783935546875,57.63875427950824,796.3660623601072,534.495499589982,0.0
2457844.6256494867,0.7043848759215484,0.00014103927208559248,0.605765141276326,0.0005626887019429311,0.605765141276326,0.0005626887019429311,15.03406243231361,0.0302901195842228,0.9035602018856016,1.4031135436303217e-08,12.0,2034.7026611328129,57.1434214044343,800.4157962057518,534.8936266961496,0.0
2458580.5477209063,0.7044128845253522,0.00011769747660207503,0.6057953635452809,0.000556218036870639,0.6057953635452809,0.000556218036870639,15.034844969143666,0.0302098546586282,1.2525878462646152,9.05235447136856e-09,12.0,2123.6343994140625,66.48981273694214,800.4157962057518,534.8936266961496,0.0
2458668.3369767014,0.7045513249314014,9.686058329774628e-05,0.6059447456142751,0.0005505894322475175,0.6059447456142751,0.0005505894322475175,15.038712877635676,0.0301404807938699,1.544380350862007,9.098954666390894e-09,12.0,2151.1901611328126,67.26539545803655,800.4157962057518,534.8936266961496,0.0
2458580.5674088714,0.7044157226168895,0.0001498229729432771,0.6057984259459046,0.0005651228361357822,0.6057984259459046,0.0005651228361357822,15.034924263033885,0.0303204485023548,0.7051672201048919,9.31961018712609e-09,12.0,2021.3876831054688,47.27519020312993,800.4157962057518,534.8936266961496,0.0
2457844.6393091064,0.7051412895024174,0.0001297602015196376,0.6065813381436305,0.0005545821779081936,0.6065813381436305,0.0005545821779081936,15.05519599148475,0.0301888101620233,0.8556710630919001,1.4222927210357371e-08,12.0,2029.8234008789063,48.4203900605348,800.4157962057518,534.8936266961496,0.0
2458581.5935702887,0.7042836488020515,9.166391903997896e-05,0.6056559136528281,0.0005513589244295855,0.6056559136528281,0.0005513589244295855,15.031234231744872,0.0301502336343063,1.517908919592778,1.20655129020219e-08,12.0,2581.5113525390625,62.67572065840283,800.4157962057518,534.8936266961496,0.0
2457846.5693664835,0.7047534311615061,2.1970891372286093e-05,0.6061628253474347,0.0005397288443030253,0.6061628253474347,0.0005397288443030253,15.044359555697524,0.0300082483518858,1.0000038152260522,9.340400769181108e-09,12.0,2065.97060546875,0.2070167152846105,800.4157962057518,534.8936266961496,0.0
2458583.55602196,0.7044941342616737,0.00010339744497528306,0.6058830348694509,0.0005523540825225058,0.6058830348694509,0.0005523540825225058,15.03711501843102,0.0301621885145541,1.0960021770369577,1.4063945558606944e-08,12.0,2455.622216796875,50.74213673336608,800.4157962057518,534.8936266961496,0.0
2457847.4785421803,0.7043723631875772,9.973186348856174e-05,0.6057516395961247,0.0005523874440003879,0.6057516395961247,0.0005523874440003879,15.03371283705189,0.0301627452717686,0.949405958592928,1.4249590437633138e-08,12.0,1966.562548828125,42.14226835490283,800.4157962057518,534.8936266961496,0.0
2458583.633548034,0.7036340476655383,0.00015509295833104943,0.6049549711710572,0.0005719975841632533,0.6049549711710572,0.0005719975841632533,15.013084922420775,0.0304076965341633,1.4425241944246712,9.065548743702595e-09,12.0,2601.85185546875,103.99556248395334,800.4157962057518,534.8936266961496,0.0
2457848.644086064,0.7047810443156928,0.00012790755225553969,0.6061926209123398,0.0005564108623813898,0.6061926209123398,0.0005564108623813898,15.045131043997932,0.0302117921907321,0.6215106259564898,9.030988063798768e-09,12.0,1960.703662109375,34.5789904783683,800.4157962057518,534.8936266961496,4.0
2458585.5635011964,0.7041662409566114,0.00010607104581859192,0.6055292264567375,0.0005551540915148473,0.6055292264567375,0.0005551540915148473,15.027953955304152,0.0301970295495997,1.5098311388501695,1.2924959432480513e-08,12.0,2566.3734375000004,72.67480462215009,800.4157962057518,534.8936266961496,0.0
2457876.64502801,0.7047700558778194,0.00011385072985821347,0.6061807640012585,0.0005529160312328516,0.6061807640012585,0.0005529160312328516,15.044824036286974,0.0301687582633385,0.930145940054404,8.187162934147147e-09,12.0,2188.033251953125,46.94393950349046,800.4157962057518,534.8936266961496,0.0
2458591.627385281,0.7043813856315545,0.00011931969769271925,0.6057613751306206,0.0005568307465166799,0.6057613751306206,0.0005568307465166799,15.03396491654713,0.0302174591115147,1.607819888457086,9.227906753900717e-09,12.0,3981.63583984375,87.24729174996247,800.4157962057518,534.8936266961496,0.0
2457887.543517807,0.7077540673706525,0.00034989229484758106,0.6094006173910573,0.0006430350419866344,0.6094006173910573,0.0006430350419866344,15.128194807312385,0.0313400815766794,1.0237863521681567,1.436209260290446e-08,12.0,34794.313281250004,151.41393329243186,800.4157962057518,534.8936266961496,2.0
2458592.5122987675,0.7044334379348295,0.00010639981650574439,0.6058175413972551,0.0005534239545498128,0.6058175413972551,0.0005534239545498128,15.035419214115391,0.0301754070121277,1.6003578570864443,1.2879502597123041e-08,12.0,5102.36943359375,77.19037469683543,800.4157962057518,534.8936266961496,0.0
2457890.480495799,0.7047698130793485,0.00012589375518433143,0.606180502013166,0.0005559492560833719,0.606180502013166,0.0005559492560833719,15.044817252701938,0.0302061078710305,0.9927308094853944,9.32336700927188e-09,12.0,3247.3397949218747,55.786148174548096,800.4157962057518,534.8936266961496,0.0
2458598.5287038027,0.70449016945279,0.00013001438046250042,0.605878756701168,0.0005588898943739999,0.605878756701168,0.0005588898943739999,15.03700424500591,0.0302428037864722,1.5821195220234212,9.395447091256566e-09,12.0,5963.827880859375,93.61134671465489,800.4157962057518,534.8936266961496,0.0
2457892.5499388035,0.7044421219096604,0.00011293326694562806,0.6058269117116336,0.0005548712523740344,0.6058269117116336,0.0005548712523740344,15.0356618370674,0.0301932103676161,1.0075730102707492,8.729456137271875e-09,12.0,2226.445556640625,51.0353883273199,800.4157962057518,534.8936266961496,0.0
2458601.667416367,0.7049460439072337,9.786313679827741e-05,0.606370661276934,0.0005481814423652043,0.606370661276934,0.0005481814423652043,15.049740993791575,0.0301105646249679,1.593506198972184,1.4404480675437848e-08,12.0,3197.1473144531246,69.55903766773439,800.4157962057518,534.8936266961496,0.0
2457917.285651154,0.7049624396444694,0.00011635493064885394,0.6063883528542767,0.0005522655709425703,0.6063883528542767,0.0005522655709425703,15.050199076898211,0.0301605386093765,0.9234622394340994,1.4295774079653849e-08,12.0,4597.065673828125,47.27767772476412,800.4157962057518,534.8936266961496,0.0
2458604.482127509,0.7046512981564514,9.017979236921648e-05,0.6060526202415478,0.0005485976995966741,0.6060526202415478,0.0005485976995966741,15.041506045448315,0.0301160014577372,1.5857305447682537,1.39138150852285e-08,12.0,2195.8531005859377,64.03550876120703,800.4157962057518,534.8936266961496,0.0
2457920.272670621,0.704823587160779,0.00012642650749058714,0.6062385261390089,0.0005557390053060327,0.6062385261390089,0.0005557390053060327,15.046319655303533,0.0302034493549743,0.9199528588607024,1.402611204676094e-08,12.0,2569.2224609375003,51.48153780084536,800.4157962057518,534.8936266961496,0.0
2458605.479514167,0.7045376724975845,0.0001002789047061537,0.6059300141578418,0.000551392763659523,0.6059300141578418,0.000551392763659523,15.038331440118965,0.0301503413162481,1.4643838201384236,1.3792067409514614e-08,12.0,2306.467578125,66.12720213736104,800.4157962057518,534.8936266961496,0.0
2457920.518385048,0.7052402397196906,0.00011566514937502109,0.6066881089095184,0.0005503029059477066,0.6066881089095184,0.0005503029059477066,15.057960577320626,0.0301361453416531,0.9730977032565,1.4383253025838666e-08,12.0,2399.5664306640624,49.28401822076416,800.4157962057518,534.8936266961496,0.0
2458605.552046745,0.704363477183151,0.00010766046946315677,0.6057420512847048,0.000554177433464411,0.6057420512847048,0.000554177433464411,15.033464569562929,0.0301847611233467,1.5016955487854844,8.288350495278063e-09,12.0,2360.481201171875,73.46568314896662,800.4157962057518,534.8936266961496,0.0
2457921.356053173,0.7052601899831707,0.00010564723693946532,0.6067096359457405,0.0005478240764979742,0.6067096359457405,0.0005478240764979742,15.058517970900535,0.0301058275967807,0.9233477104980968,1.4237744795902421e-08,12.0,2245.92294921875,42.25024289220152,800.4157962057518,534.8936266961496,0.0
2458609.520190235,0.7043341803283587,0.00043566520832088735,0.6057104389476081,0.000717515203834869,0.6057104389476081,0.000717515203834869,15.032646040083906,0.0324095857258633,0.1386143390620036,1.4183187415453172e-08,12.0,1639.57314453125,25.88472526271543,800.4157962057518,534.8936266961496,4.0
2457929.285980765,0.7050377358143843,0.00011016826088952918,0.6064696000708247,0.0005502963506144867,0.6064696000708247,0.0005502963506144867,15.052302788548172,0.0301363072431213,0.9197928061614488,1.2139946359414852e-08,12.0,2566.2374755859373,44.36076496115631,800.4157962057518,534.8936266961496,0.0
2458613.474623938,0.7047058799400323,9.83807187851055e-05,0.6061115159064294,0.0005498735029796913,0.6061115159064294,0.0005498735029796913,15.043031014568582,0.0301315307899268,1.5790682873567112,9.395221408191672e-09,12.0,2414.680859375,69.86858711123301,800.4157962057518,534.8936266961496,0.0
2457929.4048855733,0.7048955049355302,0.00011570301846037631,0.6063161279483101,0.0005525421776910732,0.6063161279483101,0.0005525421776910732,15.048328977434448,0.0301640151905108,0.9604422298819004,7.780404998464868e-09,12.0,2174.035546875,49.24418348706674,800.4157962057518,534.8936266961496,0.0
2458614.502471317,0.7038860487440936,0.0001478874266394894,0.6052268892011883,0.0005680598848468928,0.6052268892011883,0.0005680598848468928,15.020125620577886,0.0303578610735112,1.6072193560618042,9.183312818879614e-09,12.0,2341.200708007813,109.54625373886812,800.4157962057518,534.8936266961496,0.0
2457930.3349543903,0.7047933802571957,0.0001369421142306223,0.6062059318272474,0.0005588286405354911,0.6062059318272474,0.0005588286405354911,15.045475699826802,0.0302416806763696,0.9574776518339512,8.489253843768165e-09,12.0,2073.8121337890625,58.625773439952766,800.4157962057518,534.8936266961496,0.0
2458616.53728144,0.7041720779436981,9.82435783766565e-05,0.6055355247711718,0.0005534347214451303,0.6055355247711718,0.0005534347214451303,15.028117035813407,0.0301758557615286,1.5766049944465017,1.3932082211491473e-08,12.0,2672.148876953125,70.51352703418489,800.4157962057518,534.8936266961496,0.0
2457937.51194528,0.704323628439343,0.00013716903141142937,0.6056990530881038,0.0005619801545095879,0.6056990530881038,0.0005619801545095879,15.03235122918082,0.0302813731428446,0.8863919651479503,9.247069612254564e-09,12.0,3318.874926757813,54.81941946073538,800.4157962057518,534.8936266961496,0.0
2458617.4488295107,0.7044859808855516,0.00012826440830201598,0.6058742370897479,0.0005584466391894051,0.6058742370897479,0.0005584466391894051,15.0368872199606,0.0302373187262829,0.8489932340257147,1.2555192977334752e-08,12.0,4247.944775390625,48.70843545529937,800.4157962057518,534.8936266961496,0.0
2457938.324913888,0.704861655815448,0.00011697457744299261,0.6062796035567989,0.0005530747930783832,0.6062796035567989,0.0005530747930783832,15.04738326149248,0.0301705992542079,0.901013436648236,1.4247564601926404e-08,12.0,3781.470849609375,46.53922705510569,800.4157962057518,534.8936266961496,0.0
2458618.493078466,0.7049070737354571,0.0003005314280329672,0.6063286110904665,0.000628325252871946,0.6063286110904665,0.000628325252871946,15.048652199972992,0.0311426375767401,0.4060031782897692,1.18920378668582e-08,12.0,7004.013330078124,54.24251981711069,800.4157962057518,534.8936266961496,4.0
2457939.2247257736,0.7045470634400418,0.00019563525628154624,0.6059401473151629,0.0005803607659932324,0.6059401473151629,0.0005803607659932324,15.038593815151772,0.0305126581084969,0.7579872718374027,1.3077116691841269e-08,12.0,9058.21669921875,66.88820243120684,800.4157962057518,534.8936266961496,0.0
2458627.48273309,0.7046899455711075,0.00016524597099850985,0.6060943221617267,0.0005683319253741695,0.6060943221617267,0.0005683319253741695,15.042585821704453,0.0303603071453994,1.563027197402875,9.355378182583495e-09,12.0,7909.219921875,117.21967040467338,800.4157962057518,534.8936266961496,0.0
2457939.514383561,0.7099906681684156,0.0003276255781337041,0.6118139883440847,0.0006195433834430153,0.6118139883440847,0.0006195433834430153,15.190683552222842,0.0310187715589687,0.6718258697210413,1.4400670107836989e-08,12.0,13647.1736328125,87.68566483542607,800.4157962057518,534.8936266961496,4.0
2458629.411726972,0.7043370306356377,9.251350529069298e-05,0.6057135145294467,0.0005511621084399791,0.6057135145294467,0.0005511621084399791,15.032725675271658,0.0301477562887899,1.4460842509663314,1.156571741690665e-08,12.0,2450.383374023437,60.44272058446492,800.4157962057518,534.8936266961496,0.0
2457941.5615749788,0.7075228030909161,0.0003741881007010083,0.6091510750964523,0.0006598158663918572,0.6091510750964523,0.0006598158663918572,15.12173347787093,0.0315733166673547,0.8839119990742663,1.4042287991988964e-08,12.0,27979.825390625,140.51030822187025,800.4157962057518,534.8936266961496,0.0
2458630.4820207856,0.6998760402318988,0.0006110441661074592,0.6008999489289666,0.0008754203430803168,0.6008999489289666,0.0008754203430803168,14.90808935587748,0.0349192529623232,0.0999158863423025,1.4385058098674502e-08,12.0,2786.37861328125,29.45121763832686,800.4157962057518,534.8936266961496,4.0
2457942.467166608,0.7051836987308269,0.00043614463981737786,0.6066270991932043,0.0007135370324578639,0.6066270991932043,0.0007135370324578639,15.056380869652802,0.0323496968334174,0.9312557962758607,1.0997856279659221e-08,12.0,57543.68828125,182.5888347657091,800.4157962057518,534.8936266961496,2.0
2458638.391270046,0.7050914138058885,8.856858941780754e-05,0.6065275205122562,0.0005453852251364516,0.6065275205122562,0.0005453852251364516,15.053802506478052,0.0300763282405263,1.3353017470952573,1.3289304082019564e-08,12.0,2351.6949462890625,51.92297594371311,800.4157962057518,534.8936266961496,0.0
2457943.2138223667,0.7061194512979051,0.00033658640656910005,0.6076368091364657,0.0006427552185854011,0.6076368091364657,0.0006427552185854011,15.08252500924264,0.0313380578935309,0.8769264004128148,1.436415906588898e-08,12.0,32499.0802734375,129.49415502969396,800.4157962057518,534.8936266961496,0.0
2458641.383334027,0.7044127249297303,9.218847469114569e-05,0.6057951913359901,0.0005505869229128545,0.6057951913359901,0.0005505869229128545,15.034840510176243,0.0301406175422245,1.5519635154278415,1.3023665384822302e-08,12.0,2235.6229248046875,64.4738933486731,800.4157962057518,534.8936266961496,0.0
2457945.4726590468,0.7081239357823035,0.000356638653695575,0.6097997184206255,0.0006456678554238492,0.6097997184206255,0.0006456678554238492,15.138528619608794,0.0313759460137632,0.9398342289763773,7.695200771899002e-09,12.0,17208.451171875,140.44373607623572,800.4157962057518,534.8936266961496,0.0
2458645.4248342896,0.7047526067781523,9.44601342120347e-05,0.6061619358087915,0.0005487622942778172,0.6061619358087915,0.0005487622942778172,15.044336523120078,0.0301178897617856,1.5342904940969433,1.3499638440736477e-08,12.0,2292.279125976562,64.79917584641251,800.4157962057518,534.8936266961496,0.0
2457946.2266863934,0.7075357950834267,0.0002701831527642032,0.6091650939134801,0.0005977029735118591,0.6091650939134801,0.0005977029735118591,15.122096463213108,0.0307328350197176,0.8129235109731638,1.3050886481772305e-08,12.0,2491.3254638671874,92.4663154299522,800.4157962057518,534.8936266961496,0.0
2458648.395952338,0.7049033027086405,0.00010442913452787247,0.6063245420198519,0.0005498700710983651,0.6063245420198519,0.0005498700710983651,15.048546840655831,0.0301312514044455,1.5671679430349184,1.4240236462094964e-08,12.0,4828.29072265625,73.29710415563305,800.4157962057518,534.8936266961496,0.0
2457946.29006351,0.7093935597085981,0.00022579241483749085,0.6111696873073635,0.0005667665638929968,0.6111696873073635,0.0005667665638929968,15.17400084412995,0.0303352675021138,0.8965409605870226,1.3631785002223458e-08,12.0,7962.1578125,81.33471304026489,800.4157962057518,534.8936266961496,0.0
2458654.406901687,0.7055916004719063,0.0001528681736954257,0.6070672395233857,0.0005585820964213017,0.6070672395233857,0.0005585820964213017,15.06777730118066,0.0302376763484108,1.3418566202230988,9.393370773395062e-09,12.0,16192.4341796875,90.85409672237608,800.4157962057518,534.8936266961496,0.0
2457946.5581340897,0.7063475034271864,0.00023013547570878827,0.6078828854077138,0.0005842832768771152,0.6078828854077138,0.0005842832768771152,15.088896593902366,0.0305606928596802,0.8465561099615586,1.384765428688596e-08,12.0,8521.48056640625,84.3156760304968,800.4157962057518,534.8936266961496,0.0
2458654.5382666388,0.7076369546202438,0.000199615202598721,0.609274248612888,0.0005639525764400044,0.609274248612888,0.0005639525764400044,15.124922775578606,0.0303020613459907,1.440343446487976,7.631913346976473e-09,12.0,18108.0796875,121.44542747265602,800.4157962057518,534.8936266961496,0.0
2457947.359176254,0.705316036031009,0.00014644649451235516,0.6067698957962374,0.0005582953203791274,0.6067698957962374,0.0005582953203791274,15.060078262500683,0.0302344521204303,0.939814861107088,1.4274078054991302e-08,12.0,4713.064404296875,60.75539864547928,800.4157962057518,534.8936266961496,0.0
2458655.359063696,0.7065828206396735,0.00016585179117297062,0.6081368009593543,0.000556973138671312,0.6081368009593543,0.000556973138671312,15.095471158875627,0.0302166077022344,1.175449390010651,1.4305839829997708e-08,12.0,12629.62744140625,83.91848049180904,800.4157962057518,534.8936266961496,0.0
2457947.563845476,0.7043474878033708,0.00012993693613006738,0.6057247981813542,0.0005598163969788303,0.6057247981813542,0.0005598163969788303,15.033017839741785,0.0302544621169675,0.9089850777431564,1.2692218754892212e-08,12.0,5048.66474609375,53.129780431646445,800.4157962057518,534.8936266961496,0.0
2458655.4597943854,0.7046957893326189,0.00014657494517679312,0.6061006277860039,0.0005622986936606739,0.6061006277860039,0.0005622986936606739,15.042749091485447,0.0302848900049524,1.1702649428841556,1.3935998666726094e-08,12.0,7894.26337890625,77.45740917352138,800.4157962057518,534.8936266961496,0.0
2457948.3109961264,0.7047213767603573,0.00010532651632127912,0.6061282375207978,0.0005512669275331475,0.6061282375207978,0.0005512669275331475,15.043463982692876,0.0301485771841989,0.9641438559225404,9.3789883425727e-09,12.0,2129.3146240234373,45.03023471390548,800.4157962057518,534.8936266961496,0.0
2458661.265094811,0.7047543413528193,0.00010126698687396143,0.6061638074758858,0.0005501623726897317,0.6061638074758858,0.0005501623726897317,15.044384985677182,0.030135007438497,1.4370935664868807,1.4394854860959342e-08,12.0,2860.220556640625,64.90013374246473,800.4157962057518,534.8936266961496,0.0
2457949.2338970103,0.7048795107631541,0.00012585866289314507,0.6062988696735796,0.0005552248104755506,0.6062988696735796,0.0005552248104755506,15.0478821137122,0.0301970415334287,0.9164632772127996,1.4129792113611966e-08,12.0,2295.273779296875,50.88018222473648,800.4157962057518,534.8936266961496,0.0
2458661.2769119875,0.7045316282914209,9.653146084654021e-05,0.6059234922467327,0.0005506540081641093,0.6059234922467327,0.0005506540081641093,15.038162570083012,0.0301412954749133,1.4581079076173669,1.0043495070357594e-08,12.0,2794.7038818359374,63.18719289703698,800.4157962057518,534.8936266961496,0.0
2457949.5286355787,0.7052175562701463,0.0001379763796788125,0.606663632669369,0.0005564012847531087,0.606663632669369,0.0005564012847531087,15.057326820821176,0.0302111520707986,0.90425262381513,1.1830226181703231e-08,12.0,2692.264794921875,54.84520871773213,800.4157962057518,534.8936266961496,0.0
2458661.288732786,0.7051103527645508,9.964786664697943e-05,0.6065479563149984,0.0005474834865431884,0.6065479563149984,0.0005474834865431884,15.054331645052043,0.0301018527827529,1.4574437335199648,1.2871818317507345e-08,12.0,2741.5324462890626,64.14899137237474,800.4157962057518,534.8936266961496,0.0
2457954.5466874936,0.7067279214016503,0.0001912186436256473,0.6082933697867315,0.0005655391511491518,0.6082933697867315,0.0005655391511491518,15.099525152109711,0.0303229236558347,0.8384597395145389,1.4351348866736152e-08,12.0,2400.237255859375,68.10511087156944,800.4157962057518,534.8936266961496,0.0
2458661.300560111,0.7050456479542305,9.87596029946763e-05,0.6064781375480982,0.0005477173390202157,0.6064781375480982,0.0005477173390202157,15.052523847079954,0.0301047823003152,1.4678575947588508,1.0050080941790217e-08,12.0,2695.310693359375,64.21816476278167,800.4157962057518,534.8936266961496,0.0
2457956.3972719093,0.7050756042391407,0.00011401900508013122,0.606510461433494,0.0005509635785909423,0.606510461433494,0.0005509635785909423,15.05336080048178,0.0301444341425695,0.9452408881967496,1.3322670616899648e-08,12.0,1978.683752441406,47.33147142547675,800.4157962057518,534.8936266961496,0.0
2458661.312378998,0.7044558321112495,0.00011017305162498287,0.6058417055015259,0.0005541330484394596,0.6058417055015259,0.0005541330484394596,15.036044888567083,0.030184103245591,1.5096884458597768,7.072532594615595e-09,12.0,2536.5210693359377,75.19785189015093,800.4157962057518,534.8936266961496,0.0
2457864.607423779,0.7050486206831615,0.00010282836633723484,0.6064813452272069,0.0005485690809014989,0.6064813452272069,0.0005485690809014989,15.052606902625694,0.0301151742767965,1.0031187281596086,6.894712307067048e-09,12.0,2333.06787109375,45.24908715728628,800.4157962057518,534.8936266961496,0.0
2457957.431793813,0.7046725245407758,0.00014233432652319383,0.6060755242570601,0.0005611803427226797,0.6060755242570601,0.0005611803427226797,15.04209909277118,0.0302710074203819,0.9550407292546784,1.4083076127764756e-08,12.0,1782.98583984375,60.83375189353039,800.4157962057518,534.8936266961496,0.0
2457867.461633925,0.0,0.0,0.0,0.0,0.0,0.0,0.0,0.0,0.0,0.0,12.0,0.0,0.0,0.0,0.0,5.0
2457958.375841024,0.7053833167340535,0.00011190813856194066,0.6068424940420172,0.0005484823729915979,0.6068424940420172,0.0005484823729915979,15.06195802874871,0.0301137154031317,0.9464591705474076,1.4347469834581909e-08,12.0,1979.5222778320312,45.98935357304715,800.4157962057518,534.8936266961496,0.0
2457867.503143137,0.7063972664102667,0.00019267311300901705,0.6079365814173107,0.0005679958613062848,0.6079365814173107,0.0005679958613062848,15.090286929790103,0.0303540768297576,0.8395182263322234,1.3272401468415952e-08,12.0,1991.2302490234376,69.22168573631653,800.4157962057518,534.8936266961496,0.0
2458670.304111639,0.7052132688821972,9.124297654192617e-05,0.606659006426925,0.0005451057629304876,0.606659006426925,0.0005451057629304876,15.057207034808332,0.0300727854480426,1.5288818813960243,1.1175362808771632e-08,12.0,2506.99296875,61.50742954080622,800.4157962057518,534.8936266961496,0.0
2457958.4738268424,0.704589571398775,0.00012189752320473643,0.6059860148982297,0.0005560973292481438,0.6059860148982297,0.0005560973292481438,15.03978145176202,0.0302081518233773,0.953501245725964,8.889932360734471e-09,12.0,1918.8660522460937,51.99008501436329,800.4157962057518,534.8936266961496,0.0
2457959.285541668,0.7038227186720118,0.00011425692476617982,0.6051585538252159,0.0005593871954704766,0.6051585538252159,0.0005593871954704766,15.018356231635776,0.0302497751213763,0.9074650339736008,1.3676071390340745e-08,12.0,1943.278369140625,47.14707623865979,800.4157962057518,534.8936266961496,0.0
2457965.4062059973,0.7066038839495089,0.00015500749075622676,0.6081595290117551,0.0005532017310517838,0.6081595290117551,0.0005532017310517838,15.09605965003444,0.0301700985696852,0.831176920969209,1.2050223496747728e-08,12.0,3793.043139648437,54.61491436597799,800.4157962057518,534.8936266961496,0.0
2457968.372264526,0.7059988390236008,0.00019498387613342089,0.6075066642488866,0.0005712270721165801,0.6075066642488866,0.0005712270721165801,15.07915520375495,0.0303951659611452,0.9283937692291118,1.4343483017710982e-08,12.0,12049.73330078125,79.12819551039993,800.4157962057518,534.8936266961496,0.0
2457969.337479158,0.7095873454674231,0.00043860627836355646,0.6113787889592661,0.0006963169481527207,0.6113787889592661,0.0006963169481527207,15.179415055223242,0.0320923732472601,0.9582934038272504,1.4184879770505993e-08,12.0,36842.744140625,170.48327250034686,800.4157962057518,534.8936266961496,2.0
2457971.25488241,0.7084465823733025,0.0002803833546190363,0.6101478654442654,0.000598747032415952,0.6101478654442654,0.000598747032415952,15.147543093958152,0.0307454390553356,0.9119981885472974,7.151275063051611e-09,12.0,16980.7921875,105.9864109494194,800.4157962057518,534.8936266961496,0.0
2457972.309856973,0.709799316607437,0.0002789961708067119,0.6116075132773031,0.0005919738615486747,0.6116075132773031,0.0005919738615486747,15.185337350569798,0.0306558936178816,0.9471633010485292,1.3493263037917405e-08,12.0,20173.950976562497,106.04170071503484,800.4157962057518,534.8936266961496,0.0
2457972.451811716,0.710018408166428,0.0003917832925232684,0.6118439207779403,0.0006613909756758026,0.6118439207779403,0.0006613909756758026,15.191458584433038,0.0315927247229162,0.9392242802366088,7.564449316884973e-09,12.0,27039.145703125003,147.6011719856116,800.4157962057518,534.8936266961496,2.0
2457973.4934385763,0.7075201006002426,0.000343653382126136,0.6091481590139318,0.0006401972225864122,0.6091481590139318,0.0006401972225864122,15.121657972554788,0.0313013650834329,0.8816005204516125,1.2696036757323605e-08,12.0,18822.8087890625,128.62166851702386,800.4157962057518,534.8936266961496,0.0
2457974.410120264,0.7046767478943267,0.00013911502781752984,0.606080081404135,0.0005602120505604199,0.606080081404135,0.0005602120505604199,15.042217089716797,0.0302589755863027,0.9550704312529236,9.21790923209964e-09,12.0,5175.965917968751,59.61659851431303,800.4157962057518,534.8936266961496,0.0
2457979.4607127523,0.7043506008672564,0.0001344851504666908,0.6057281572868163,0.0005610449517352601,0.6057281572868163,0.0005610449517352601,15.033104816128107,0.0302697119843573,0.7448675639808349,1.434249850253094e-08,12.0,2341.464184570312,44.62318571336181,800.4157962057518,534.8936266961496,0.0
2457980.3465413232,0.703572399499012,0.0002494718307050098,0.6048884506303553,0.0006100150723872933,0.6048884506303553,0.0006100150723872933,15.011362524505108,0.0308991895729455,0.2173549831095648,9.2089186806888e-09,12.0,1167.6030517578124,23.3146132673999,800.4157962057518,534.8936266961496,4.0
2457984.422287377,0.7047128424642137,0.00013586860849182448,0.6061190287149895,0.0005590478776983212,0.6061190287149895,0.0005590478776983212,15.043225541637488,0.030244493729079,0.589150952022222,6.993699422448575e-09,12.0,1730.869763183594,34.95621802503222,800.4157962057518,534.8936266961496,4.0
2457985.416067456,0.7057113778135419,0.00011878638067943447,0.6071964834892389,0.000548097963075361,0.6071964834892389,0.000548097963075361,15.07112377935191,0.0301086325738381,0.8427752595648995,1.4223352582483489e-08,12.0,1998.2717163085936,42.86563495520923,800.4157962057518,534.8936266961496,0.0
2457986.3395736446,0.0,0.0,0.0,0.0,0.0,0.0,0.0,0.0,0.0,0.0,12.0,0.0,0.0,0.0,0.0,5.0
2457986.4402559525,0.0,0.0,0.0,0.0,0.0,0.0,0.0,0.0,0.0,0.0,12.0,0.0,0.0,0.0,0.0,5.0
2457989.3459140854,0.7044749517997687,0.0001177672385136076,0.6058623363181422,0.0005558212520032146,0.6058623363181422,0.0005558212520032146,15.036579076581251,0.030204883255681,0.8800726885709256,9.282265250529698e-09,12.0,2002.8342529296876,45.9548676172588,800.4157962057518,534.8936266961496,0.0
2457991.35228685,0.706083498083738,0.00014302275448106088,0.6075980143534068,0.0005525257060705063,0.6075980143534068,0.0005525257060705063,15.081520506681862,0.0301624016390242,0.8817728192265519,1.4407462819487262e-08,12.0,2156.29951171875,53.96228446518473,800.4157962057518,534.8936266961496,0.0
2457992.228028134,0.7044727673661347,0.0002872598185209951,0.6058599792373942,0.0006236046214154378,0.6058599792373942,0.0006236046214154378,15.03651804534301,0.0310794661019467,0.8408918373678401,1.4409446750715296e-08,12.0,2381.7205322265627,109.73588107975168,800.4157962057518,534.8936266961496,2.0
2457992.424424709,0.7051470118711047,0.00011483804239772867,0.606587512780779,0.000550700541477682,0.606587512780779,0.000550700541477682,15.05535586965234,0.0301411261188648,0.9051596125581892,1.24749268687221e-08,12.0,2052.214501953125,45.29910029551756,800.4157962057518,534.8936266961496,0.0
2458000.338311576,0.7072032021934517,0.0002539406250966975,0.6088062144832964,0.0005910687786440491,0.6088062144832964,0.0005910687786440491,15.112804097636973,0.0306470692325117,0.905635276848759,1.223268234139496e-08,12.0,12089.91376953125,97.80157179279549,800.4157962057518,534.8936266961496,0.0
2458001.2531239213,0.7052419018479529,0.0001624325661156704,0.6066899024043935,0.0005638834670128101,0.6066899024043935,0.0005638834670128101,15.058007015786131,0.0303039872727946,0.8481586428330528,1.3393358199396585e-08,12.0,5341.06875,60.90882674888158,800.4157962057518,534.8936266961496,0.0
2458001.39438287,0.0,0.0,0.0,0.0,0.0,0.0,0.0,0.0,0.0,0.0,12.0,0.0,0.0,0.0,0.0,5.0
2458003.301929356,0.7047711325608083,0.00014596098080912304,0.6061819257800853,0.0005616242195639124,0.6061819257800853,0.0005616242195639124,15.044854117904002,0.03027640781514,0.8723954660856816,1.4174229114732934e-08,12.0,4101.986181640625,56.76434153164303,800.4157962057518,534.8936266961496,0.0
2458006.261478247,0.7046823486039173,0.00011046085005429591,0.6060861247668382,0.0005526935068452792,0.6060861247668382,0.0005526935068452792,15.04237356883157,0.0301661299394475,0.8941284224751738,1.0004670956160584e-08,12.0,1947.5056884765625,43.70276316558349,800.4157962057518,534.8936266961496,0.0
2458007.30300085,0.7045813339751105,0.00011112464777738317,0.6059771264282714,0.0005535178430510879,0.6059771264282714,0.0005535178430510879,15.03955130507397,0.0301763831034812,0.936981976784135,1.4303108070567894e-08,12.0,2038.153369140625,46.353923308508,800.4157962057518,534.8936266961496,0.0
2458011.3294492178,0.0,0.0,0.0,0.0,0.0,0.0,0.0,0.0,0.0,0.0,12.0,0.0,0.0,0.0,0.0,5.0
2458013.2805298613,0.7049457387493685,0.00012193654962678291,0.606370332000861,0.0005537742058971555,0.606370332000861,0.0005537742058971555,15.04973246793752,0.030179098529513,0.8466195743075119,1.3752646315938729e-08,12.0,1981.8579345703124,45.3937011719057,800.4157962057518,534.8936266961496,0.0
2458014.3746758066,0.7080006025753037,0.00029566529144486333,0.609666637550935,0.0006093362829153375,0.609666637550935,0.0006093362829153375,15.13508279355038,0.0308850968115347,0.7201101379655309,1.3907785014263933e-08,12.0,2319.4006591796874,88.34156219214366,800.4157962057518,534.8936266961496,2.0
2458016.350169125,0.7058068147488167,0.00016781570635408753,0.60729946330024,0.0005622466791078086,0.60729946330024,0.0005622466791078086,15.07379020704405,0.0302829228637396,0.7019075643706588,1.23644638199656e-08,12.0,1947.7712646484372,50.74143661024945,800.4157962057518,534.8936266961496,0.0
2458019.2769672326,0.7053201812740849,0.00012944640581587143,0.6067743686593622,0.0005533567377810098,0.6067743686593622,0.0005533567377810098,15.06019407710534,0.0301735170170508,0.8980787240443147,1.3711527881058102e-08,12.0,2188.3953369140627,50.75570871163895,800.4157962057518,534.8936266961496,0.0
2458020.353819292,0.707335611413259,0.00020850375307602566,0.6089490886901354,0.0005692848978975104,0.6089490886901354,0.0005692848978975104,15.116503499858688,0.030369180064628,0.820130684654906,1.3168730307678538e-08,12.0,2507.8572265625,71.63795005625597,800.4157962057518,534.8936266961496,0.0
2458021.264199345,0.704667475005547,0.00011612330858252187,0.6060700756308856,0.0005541414259980861,0.6060700756308856,0.0005541414259980861,15.041958013004438,0.0301839513100643,0.7865355160899534,9.395385871002833e-09,12.0,2693.703369140625,40.2812536183499,800.4157962057518,534.8936266961496,0.0
2458024.2386872573,0.7088636894564537,0.00035020025600123204,0.6105979386624211,0.0006383265461985483,0.6105979386624211,0.0006383265461985483,15.159196715000158,0.0312742695615818,0.6292574637278733,1.4313909711333929e-08,12.0,14067.7267578125,90.23414437172173,800.4157962057518,534.8936266961496,4.0
2458028.2844797974,0.0,0.0,0.0,0.0,0.0,0.0,0.0,0.0,0.0,0.0,12.0,0.0,0.0,0.0,0.0,5.0
2458032.255386229,0.7057036341541675,0.00018613929508496982,0.6071881278083221,0.000569540768764424,0.6071881278083221,0.000569540768764424,15.070907428022782,0.0303742892159525,0.8290571620020071,1.2038571113836426e-08,12.0,3900.3750976562496,67.48095803933197,800.4157962057518,534.8936266961496,0.0
2458036.259397605,0.705018230562519,0.00014231389567349325,0.6064485532177918,0.0005589413268365728,0.6064485532177918,0.0005589413268365728,15.051757828218436,0.0302428078886114,0.6833441816569505,1.3864684844650075e-08,12.0,2003.014587402344,42.45891477505048,800.4157962057518,534.8936266961496,4.0
2458047.2626314773,0.7049248281394637,0.0001297260068084006,0.6063477687170578,0.0005559664872024318,0.6063477687170578,0.0005559664872024318,15.049148243086318,0.0302061346835466,0.8630259154457515,1.3820233066692005e-08,12.0,2493.871337890625,49.16693900131491,800.4157962057518,534.8936266961496,0.0
2458053.2660810044,0.7068584316749653,0.00024921522221765807,0.608434194963493,0.0005905476642835426,0.608434194963493,0.0005905476642835426,15.103171499363782,0.0306407264081651,0.7898571241980732,1.381383007700922e-08,12.0,4829.217480468749,84.0056284689921,800.4157962057518,534.8936266961496,0.0
2458165.628898226,0.704641807552281,0.00014609413730102338,0.6060423795457319,0.0005625041038753195,0.6060423795457319,0.0005625041038753195,15.04124088595108,0.030287512011313,0.8251434714248314,1.3879090945634476e-08,12.0,4091.948583984375,53.795527471905295,800.4157962057518,534.8936266961496,0.0
2458244.5503346254,0.7070755749090385,0.0002198698542428576,0.6086685001529943,0.0005756363177927184,0.6086685001529943,0.0005756363177927184,15.109238298667709,0.0304496390324573,0.3503394414258198,1.3565913668372568e-08,12.0,2604.876708984375,31.263774451628848,800.4157962057518,534.8936266961496,0.0
2458244.569635066,0.705439911438343,0.00019580783913210028,0.6069035617191654,0.000574889105318955,0.6069035617191654,0.000574889105318955,15.063539237180354,0.0304420745630599,0.3468657535660501,1.1943190605390084e-08,12.0,2037.3539184570316,28.468383358409625,800.4157962057518,534.8936266961496,0.0
2458244.6371524567,0.0,0.0,0.0,0.0,0.0,0.0,0.0,0.0,0.0,0.0,12.0,0.0,0.0,0.0,0.0,5.0
2458244.680648196,0.0,0.0,0.0,0.0,0.0,0.0,0.0,0.0,0.0,0.0,12.0,0.0,0.0,0.0,0.0,5.0
2458245.376903666,0.705657804954996,0.000195948552948646,0.607138676489968,0.0005736329404646198,0.607138676489968,0.0005736329404646198,15.069626998748436,0.0304259272288225,0.2888001986245067,1.2565833138528969e-08,12.0,800.5296936035156,22.855406795971945,800.4157962057518,534.8936266961496,0.0
2458245.38150642,0.7060913210488851,0.0002163015782632414,0.6076064556080424,0.0005795601232037604,0.6076064556080424,0.0005795601232037604,15.081739073747563,0.0305006345881066,0.2970892414018815,1.2755789604124954e-08,12.0,866.8133666992188,26.13708811838506,800.4157962057518,534.8936266961496,0.0
2458245.387137588,0.705982173305763,0.0001915407644543252,0.6074886813529752,0.0005699673300101658,0.6074886813529752,0.0005699673300101658,15.078689577617393,0.0303793264677234,0.3267903845822053,1.4357959731920407e-08,12.0,856.7095214843749,25.43386588094076,800.4157962057518,534.8936266961496,0.0
2458245.394157284,0.0,0.0,0.0,0.0,0.0,0.0,0.0,0.0,0.0,0.0,12.0,0.0,0.0,0.0,0.0,5.0
2458245.3975464413,0.0,0.0,0.0,0.0,0.0,0.0,0.0,0.0,0.0,0.0,12.0,0.0,0.0,0.0,0.0,5.0
2458245.4010269926,0.0,0.0,0.0,0.0,0.0,0.0,0.0,0.0,0.0,0.0,12.0,0.0,0.0,0.0,0.0,5.0
2458245.404493001,0.0,0.0,0.0,0.0,0.0,0.0,0.0,0.0,0.0,0.0,12.0,0.0,0.0,0.0,0.0,5.0
2458245.407971752,0.0,0.0,0.0,0.0,0.0,0.0,0.0,0.0,0.0,0.0,12.0,0.0,0.0,0.0,0.0,5.0
2458245.411440575,0.0,0.0,0.0,0.0,0.0,0.0,0.0,0.0,0.0,0.0,12.0,0.0,0.0,0.0,0.0,5.0
2458245.414915477,0.0,0.0,0.0,0.0,0.0,0.0,0.0,0.0,0.0,0.0,12.0,0.0,0.0,0.0,0.0,5.0
2458245.41839352,0.0,0.0,0.0,0.0,0.0,0.0,0.0,0.0,0.0,0.0,12.0,0.0,0.0,0.0,0.0,5.0
2458245.421856613,0.0,0.0,0.0,0.0,0.0,0.0,0.0,0.0,0.0,0.0,12.0,0.0,0.0,0.0,0.0,5.0
2458245.425334478,0.0,0.0,0.0,0.0,0.0,0.0,0.0,0.0,0.0,0.0,12.0,0.0,0.0,0.0,0.0,5.0
2458245.428797099,0.0,0.0,0.0,0.0,0.0,0.0,0.0,0.0,0.0,0.0,12.0,0.0,0.0,0.0,0.0,5.0
2458245.432624212,0.0,0.0,0.0,0.0,0.0,0.0,0.0,0.0,0.0,0.0,12.0,0.0,0.0,0.0,0.0,5.0
2458245.435748233,0.0,0.0,0.0,0.0,0.0,0.0,0.0,0.0,0.0,0.0,12.0,0.0,0.0,0.0,0.0,5.0
2458245.43921886,0.7070776634791192,0.0002895688588834804,0.6086707537935957,0.0006104801449594382,0.6086707537935957,0.0006104801449594382,15.109296651558909,0.0309012716780176,0.3413977932379421,1.4153211808832888e-08,12.0,2126.1967041015623,41.1228343651383,800.4157962057518,534.8936266961496,0.0
2458245.4426962445,0.7062585815033484,0.0002050550828953018,0.6077869355232762,0.0005738146554079414,0.6077869355232762,0.0005738146554079414,15.086412190149485,0.0304275223078057,0.3423610072200541,1.3189547335511796e-08,12.0,2141.804248046875,28.84722750166484,800.4157962057518,534.8936266961496,0.0
2458245.4457722,0.706198400753457,0.00023817458677552076,0.6077219983767524,0.000588856981874439,0.6077219983767524,0.000588856981874439,15.084730790620224,0.0306196631410759,0.3447298523914793,1.4411276989868908e-08,12.0,2183.1376220703123,34.43436287295009,800.4157962057518,534.8936266961496,0.0
2458245.4496421674,0.7064908229278163,0.00021836691341603983,0.6080375321914262,0.0005781927358209619,0.6080375321914262,0.0005781927358209619,15.092900820192778,0.0304827671707364,0.3452387029673781,1.4329528991947127e-08,12.0,2215.242260742187,31.02750452387456,800.4157962057518,534.8936266961496,0.0
2458245.452861729,0.7066564846201301,0.0002576241463082801,0.6082162869860498,0.0005958143305706273,0.6082162869860498,0.0005958143305706273,15.097529268525074,0.0307092375275853,0.3381501583994307,1.4199757867950532e-08,12.0,2228.315576171875,36.25128162605687,800.4157962057518,534.8936266961496,0.0
2458245.522762181,0.7066610086000975,0.0003181532857598499,0.6082211685196055,0.0006289226350038557,0.6082211685196055,0.0006289226350038557,15.097655664719891,0.0311487129579538,0.3072318116913486,1.3983529154465352e-08,12.0,2624.5919189453125,41.11521122627212,800.4157962057518,534.8936266961496,0.0
2458245.6629959457,0.7050245317658725,0.00017174784514210138,0.6064553524379109,0.0005684482002681218,0.6064553524379109,0.0005684482002681218,15.0519338785397,0.0303613675910406,0.8891305644933685,1.2288568864056848e-08,12.0,6756.14677734375,68.03871951473731,800.4157962057518,534.8936266961496,0.0
2458248.3703063037,0.7054555064917823,0.00015651308859237524,0.6069203893305207,0.0005605976173740675,0.6069203893305207,0.0005605976173740675,15.063974949855233,0.0302628342149245,0.3590445726004219,1.1638385534418314e-08,12.0,906.1712829589844,22.84664129294702,800.4157962057518,534.8936266961496,0.0
2458248.5540916105,0.7050087897095514,0.000173378497540918,0.6064383662052744,0.0005691232581563285,0.6064383662052744,0.0005691232581563285,15.05149405872796,0.0303698637177466,0.3803965132215546,1.1340829823905343e-08,12.0,832.9331665039062,27.89160873354245,800.4157962057518,534.8936266961496,0.0
2458248.561047844,0.7055125603131681,0.00016040274182019994,0.606981952411169,0.0005615235349260333,0.606981952411169,0.0005615235349260333,15.06556898563234,0.0302742732372576,0.37827009977665,1.4044109510032897e-08,12.0,839.6116821289063,24.936490723740278,800.4157962057518,534.8936266961496,0.0
2458248.6088403044,0.7047296224106837,0.00020179712333927367,0.6061371348676142,0.000581663108229686,0.6061371348676142,0.000581663108229686,15.043694359226947,0.0305290622527665,0.296234798976475,1.2661346056183736e-08,12.0,886.0594360351563,25.178837191354404,800.4157962057518,534.8936266961496,0.0
2458248.647842827,0.7049638357966191,0.00020941078763831074,0.6063898593515682,0.0005833376489910079,0.6063898593515682,0.0005833376489910079,15.050238084214865,0.0305501978696111,0.287630362690105,1.4361707439669728e-08,12.0,1009.0406372070312,25.21420824163852,800.4157962057518,534.8936266961496,0.0
2458249.3877370623,0.0,0.0,0.0,0.0,0.0,0.0,0.0,0.0,0.0,0.0,12.0,0.0,0.0,0.0,0.0,5.0
2458249.6135519724,0.7060588188187719,0.0011098826434638076,0.6075713845581965,0.0013099176890290598,0.6075713845581965,0.0013099176890290598,15.080830988778354,0.0430753402471766,0.0560837692413563,8.79852917001323e-09,12.0,1778.2999633789063,25.498810640771985,800.4157962057518,534.8936266961496,4.0
2458249.660658689,0.7068143809281713,0.0008666412736092371,0.6083866626578275,0.0010729361263259465,0.6083866626578275,0.0010729361263259465,15.101940758552876,0.0384297169240655,0.0773135570285921,1.435364180453082e-08,12.0,2116.7322265625,27.16937061863915,800.4157962057518,534.8936266961496,4.0
2458251.6463890783,0.7048985353485633,0.00013924702630237594,0.6063193978705943,0.0005588111216763522,0.6063193978705943,0.0005588111216763522,15.04841364462547,0.0302413377390072,0.7983540232126639,1.1001512502011002e-08,12.0,2531.1085693359373,49.038538515974494,800.4157962057518,534.8936266961496,0.0
2458252.5170176453,0.7048079099164075,0.00011346282112404947,0.6062216098407461,0.0005525745446115642,0.6062216098407461,0.0005525745446115642,15.045881646283148,0.0301645178316709,0.8922661456155493,1.0335949368627456e-08,12.0,2038.7853881835936,44.64499707618005,800.4157962057518,534.8936266961496,0.0
2458252.6311107883,0.7052888301130382,0.00011688345543236563,0.6067405396535377,0.0005502916000093777,0.6067405396535377,0.0005502916000093777,15.05931815203759,0.0301359489434142,0.8686127279307629,1.3433315555866965e-08,12.0,2381.256591796875,44.13307010164223,800.4157962057518,534.8936266961496,0.0
2458255.550055437,0.7051788262642092,0.00011616649321448017,0.6066218416302916,0.0005508201114829176,0.6066218416302916,0.0005508201114829176,15.056244737034111,0.0301425528709126,0.911378242324136,1.1654929494474652e-08,12.0,2387.553393554688,46.370628527601205,800.4157962057518,534.8936266961496,0.0
2458256.570790551,0.7053178242778817,0.00011946266364859054,0.6067718253775303,0.0005507511660634983,0.6067718253775303,0.0005507511660634983,15.06012822461407,0.0301415423456325,0.8960525956130324,1.2278068142469512e-08,12.0,2259.166674804688,46.6527460471514,800.4157962057518,534.8936266961496,0.0
2458275.5782391657,0.705220702666422,0.00011578514317759354,0.6066670277416526,0.000550457593308575,0.6066670277416526,0.000550457593308575,15.057414728486432,0.0301380626321851,0.9066491133544162,9.16675275549766e-09,12.0,2849.9122314453125,45.87249756062507,800.4157962057518,534.8936266961496,0.0
2458276.3826346206,0.7053858315950935,0.000102446253587539,0.6068452076655615,0.0005463093171461708,0.6068452076655615,0.0005463093171461708,15.06202829185072,0.0300872179733296,0.8583698775623616,1.3524597608297437e-08,12.0,2001.275134277344,37.68020807062708,800.4157962057518,534.8936266961496,0.0
2458276.466373237,0.7061952285792416,0.0001511551801627605,0.6077185754891646,0.0005543711499411408,0.6077185754891646,0.0005543711499411408,15.084642162741003,0.0301849640530016,0.8370144335113596,1.3656181780841445e-08,12.0,2315.7348876953124,53.96319687531876,800.4157962057518,534.8936266961496,0.0
2458277.3799642385,0.6982609687502257,0.002394011292938335,0.5991572299757985,0.0026496397273460337,0.5991572299757985,0.0026496397273460337,14.862965617241883,0.0735698632381588,0.0162976091606617,9.317784576137247e-09,12.0,870.2344360351562,18.02578521917415,800.4157962057518,534.8936266961496,6.0
2458277.5645917086,0.7059860302017524,0.00014276081758409515,0.6074928430794484,0.0005530371422359763,0.6074928430794484,0.0005530371422359763,15.078797336047009,0.0301687996935676,0.7333121243992997,1.39315711160445e-08,12.0,2249.9937255859377,44.48006074516753,800.4157962057518,534.8936266961496,0.0
2458278.3772553224,0.7058557802541108,0.0002271795556595866,0.6073522988032474,0.0005857391745458751,0.6073522988032474,0.0005857391745458751,15.075158262073268,0.0305799423286905,0.3717806052671012,1.1148057509362904e-08,12.0,1754.8393188476564,35.86822500900505,800.4157962057518,534.8936266961496,4.0
2458278.511707504,0.7054504160823243,0.00014147652485225977,0.6069148965996151,0.0005559569347929892,0.6069148965996151,0.0005559569347929892,15.063832728096914,0.0302053902511425,0.8106372659564196,1.439020680373625e-08,12.0,2225.47939453125,49.73652819266176,800.4157962057518,534.8936266961496,0.0
2458281.533399981,0.705966126585611,0.00010316847770157486,0.6074713663773458,0.0005428139793098296,0.6074713663773458,0.0005428139793098296,15.078241245754494,0.0300440840235229,0.900275775715877,1.4164572624915308e-08,12.0,1907.5010009765624,39.33499929565938,800.4157962057518,534.8936266961496,0.0
2458282.366727623,0.7060303050720255,0.000138520487420397,0.6075406172222334,0.0005515110149757256,0.6075406172222334,0.0005515110149757256,15.08003433867939,0.030150011484685,0.847620541409508,1.2572607143418474e-08,12.0,1964.2767822265623,50.28421063822432,800.4157962057518,534.8936266961496,0.0
2458292.2573339967,0.7061077421957849,0.00014767726802184336,0.6076241746033065,0.000553803576507032,0.6076241746033065,0.000553803576507032,15.082197866778838,0.0301780810214381,0.8433381170859605,1.4350585678522724e-08,12.0,3936.359790039063,53.530161347896,800.4157962057518,534.8936266961496,0.0
2458292.3205451025,0.7053158265884315,0.00017683046434498054,0.6067696698003275,0.0005684466249909866,0.6067696698003275,0.0005684466249909866,15.06007241085125,0.0303610022428021,0.8780444850983712,1.311992472254934e-08,12.0,3432.01171875,68.82208001657037,800.4157962057518,534.8936266961496,0.0
2458292.335195611,0.7053555306617874,0.0001432938859648166,0.6068125118924205,0.0005570935077919944,0.6068125118924205,0.0005570935077919944,15.06118170926262,0.0302195392063576,0.8829642502726236,1.3525699503943969e-08,12.0,3251.335034179687,55.574894463794806,800.4157962057518,534.8936266961496,0.0
2458292.4291676264,0.70539339685967,0.00012660225218258118,0.606853370852215,0.0005521259339619114,0.606853370852215,0.0005521259339619114,15.062239658979257,0.030158309932424,0.8937916419194583,6.1920245015257906e-09,12.0,2258.052783203125,49.433938393429706,800.4157962057518,534.8936266961496,0.0
2458292.438991618,0.7052469667222276,0.00011842837103492046,0.6066953675819378,0.0005509437128514731,0.6066953675819378,0.0005509437128514731,15.058148524112909,0.0301439859270957,0.8971961321954699,1.3710681561900032e-08,12.0,2249.09951171875,46.43917713080364,800.4157962057518,534.8936266961496,0.0
2458292.4539471027,0.7055190009716492,0.000128029775366206,0.6069889021082776,0.0005517176173526474,0.6069889021082776,0.0005517176173526474,15.065748932212562,0.0301531503455478,0.8962587207636564,1.2668710989680622e-08,12.0,3250.313720703125,49.9047059826334,800.4157962057518,534.8936266961496,0.0
2458292.5442784973,0.7055963853547366,0.00012106231298488045,0.6070724025803099,0.0005493967084186154,0.6070724025803099,0.0005493967084186154,15.067910986781994,0.0301246342182643,0.8671112237576883,1.3865075745032351e-08,12.0,3018.887377929688,45.20643321934712,800.4157962057518,534.8936266961496,0.0
2458292.5602166457,0.7059951564281082,0.00014492594200911856,0.607502690598782,0.0005536370845520402,0.607502690598782,0.0005536370845520402,15.079052315134604,0.0301761653310909,0.8520764761955295,1.4159762279215902e-08,12.0,1987.9052368164064,52.94584464435905,800.4157962057518,534.8936266961496,0.0
2458300.3764654133,0.7079065948562598,0.00030608140577860254,0.6095651999145324,0.0006157402447375933,0.6095651999145324,0.0006157402447375933,15.132456296957502,0.0309702348869917,0.8690239217712106,7.964679633048029e-09,12.0,14968.795996093751,111.69579970562992,800.4157962057518,534.8936266961496,0.0
2458303.3902546847,0.7055182685546078,0.00011502208855339918,0.6069881118045206,0.0005483761183164674,0.6069881118045206,0.0005483761183164674,15.065728469096522,0.030112257330804,0.8958088014141161,1.3022003260187485e-08,12.0,2542.248706054688,44.55323205565045,800.4157962057518,534.8936266961496,0.0
2458304.460700609,0.7053364849191428,0.0001316343511354531,0.6067919608660044,0.0005538541213116542,0.6067919608660044,0.0005538541213116542,15.060649587233993,0.0301796151547093,0.8983880603798002,1.1455227993510368e-08,12.0,2094.232788085937,51.86336340330354,800.4157962057518,534.8936266961496,0.0
2458305.310702689,0.7056102795153487,0.00010751332896876026,0.6070873948684605,0.0005460175317028583,0.6070873948684605,0.0005460175317028583,15.068299177942038,0.0300833993913527,0.8824415671309352,1.2095615091546273e-08,12.0,1930.215478515625,40.58137821216341,800.4157962057518,534.8936266961496,0.0
2458306.3011274,0.7054556687022389,0.000130900023727448,0.60692056436131,0.0005528990912651937,0.60692056436131,0.0005528990912651937,15.063979481878931,0.0301677307828299,0.8784699720934448,8.112267435506032e-09,12.0,1799.7563842773438,50.171589024172434,800.4157962057518,534.8936266961496,0.0
2458308.299214352,0.7055527052897235,0.00012412735160964922,0.6070252702533276,0.0005504664576412907,0.6070252702533276,0.0005504664576412907,15.066690602508237,0.0301377757871844,0.8657383542593359,1.1880115482791692e-08,12.0,1785.6865600585936,46.57224688345396,800.4157962057518,534.8936266961496,0.0
2458310.2902359487,0.7056582782997662,0.00012585051386116884,0.6071391872456292,0.0005502612473126082,0.6071391872456292,0.0005502612473126082,15.069640223603146,0.0301351379627848,0.8515756916312841,1.1824869663617696e-08,12.0,1895.2829345703124,46.34044892682527,800.4157962057518,534.8936266961496,0.0
2458320.262301332,0.7049474060382476,0.0001476429159932389,0.606372131064223,0.0005610013320378634,0.606372131064223,0.0005610013320378634,15.049779050586311,0.0302684537836408,0.8539510541538549,8.685227764925101e-09,12.0,3254.4562255859373,55.99162017073924,800.4157962057518,534.8936266961496,0.0
2458673.493156136,0.7048930417953214,9.786226950081256e-05,0.6063134701333622,0.0005485292928968718,0.6063134701333622,0.0005485292928968718,15.048260159368953,0.0301148750647529,1.4776461766524138,1.4327233871589976e-08,12.0,2409.570678710937,64.46296100217775,800.4157962057518,534.8936266961496,0.0
2458674.293169077,0.7056136602814788,0.00011067088682764201,0.6070910428340635,0.0005467302743902705,0.6070910428340635,0.0005467302743902705,15.068393633703892,0.0300920727538158,1.4641580909214198,1.4408800405821164e-08,12.0,2950.02802734375,70.74731830470398,800.4157962057518,534.8936266961496,0.0
2458700.2824814324,0.7048637094478142,9.790810758549543e-05,0.6062818194983768,0.0005487318244246221,0.6062818194983768,0.0005487318244246221,15.047440638253322,0.0301173839090354,1.4746027215328523,1.1557944291275048e-08,12.0,2197.083471679688,64.16235407490318,800.4157962057518,534.8936266961496,0.0
2458702.3185701845,0.7045128277229377,0.00010257736514219482,0.6059032057718627,0.0005520509151104065,0.6059032057718627,0.0005520509151104065,15.037637298014204,0.0301584445992461,1.5071119861671711,1.41991604583073e-08,12.0,2334.131396484375,69.7341853076093,800.4157962057518,534.8936266961496,0.0
2458705.3352435925,0.7050715700279732,0.0001411526462772525,0.6065061083777052,0.0005582571611349116,0.6065061083777052,0.0005582571611349116,15.053248088015252,0.0302342708520136,1.510556100201541,1.1589954440494541e-08,12.0,7283.210205078125,95.46509495482992,800.4157962057518,534.8936266961496,0.0
2458710.252768423,0.7103927588050027,0.00020580246958222287,0.6122478582880616,0.0005533881874801424,0.6122478582880616,0.0005533881874801424,15.201917626379354,0.0301681119947362,1.5042828727041315,1.2559721330096414e-08,12.0,16508.4857421875,122.66034052413605,800.4157962057518,534.8936266961496,0.0
2458710.315049884,0.704285026430926,0.00013526694230270197,0.6056574001628541,0.0005617001977626639,0.6056574001628541,0.0005617001977626639,15.031272721536796,0.0302779370692481,1.498954452525874,9.361589625842793e-09,12.0,5044.518945312499,92.63965944143374,800.4157962057518,534.8936266961496,0.0
2458711.294911447,0.704694212890004,9.799236648292298e-05,0.6060989267489568,0.000549870218536742,0.6060989267489568,0.000549870218536742,15.042705047004851,0.0301315046585166,1.4626232656541494,1.4238431827266373e-08,12.0,4866.26962890625,64.15721426210874,800.4157962057518,534.8936266961496,0.0
2458712.329617274,0.7040539143704436,0.0001229683795939233,0.6054080221181805,0.000559957425351093,0.6054080221181805,0.000559957425351093,15.024815644973268,0.0302565667868019,1.4012110381768312,1.2502709117589514e-08,12.0,4667.054736328125,78.83415302183164,800.4157962057518,534.8936266961496,0.0
2458713.2776971417,0.7047850889044004,9.97076070332365e-05,0.6061969851658592,0.0005496273544775675,0.6061969851658592,0.0005496273544775675,15.045244046404196,0.0301284243874102,1.3416058102989783,1.4389688346991957e-08,12.0,3450.33447265625,59.694999829779256,800.4157962057518,534.8936266961496,0.0
2458715.2213979037,0.7043827705252993,9.676613171646085e-05,0.605762869479697,0.0005517026951290868,0.605762869479697,0.0005517026951290868,15.03400360931342,0.030154329359842,1.4588890014895,1.3860946318508846e-08,12.0,3311.756225585937,63.79799872249996,800.4157962057518,534.8936266961496,0.0
2458720.331608325,0.7047817747102014,8.674960678506109e-05,0.6061934090337128,0.0005470842526216551,0.6061934090337128,0.0005470842526216551,15.045151450606111,0.0300973807059106,1.4154518060319063,1.2980919700721751e-08,12.0,2216.689794921875,54.50088092559433,800.4157962057518,534.8936266961496,0.0
2458721.2271488667,0.704905373423441,9.914852798204619e-05,0.6063267763939775,0.0005487171514654536,0.6063267763939775,0.0005487171514654536,15.048604694685524,0.0301171546195909,1.399877706969637,1.4282446345736381e-08,12.0,2501.719189453125,61.591252388674064,800.4157962057518,534.8936266961496,0.0
2458724.241694077,0.7048978013763275,9.929450895926312e-05,0.6063186058887279,0.0005487976241610368,0.6063186058887279,0.0005487976241610368,15.048393138058604,0.0301181467368208,1.424627771564707,1.3963659236496652e-08,12.0,2329.418212890625,62.80507467371264,800.4157962057518,534.8936266961496,0.0
2458725.330755036,0.7044296058121994,0.0001207697860983943,0.6058134064021085,0.0005568728207366922,0.6058134064021085,0.0005568728207366922,15.035312147832608,0.0302179207372553,1.4334021955938578,1.4411914000221924e-08,12.0,2141.810375976562,78.44122916798075,800.4157962057518,534.8936266961496,0.0
2458730.263355776,0.7049451598553546,0.00011106701087989529,0.6063697073538521,0.0005511090963684023,0.6063697073538521,0.0005511090963684023,15.04971629412572,0.0301463737314292,1.4625598562317597,8.664179318155451e-09,12.0,2957.700122070313,72.6583628428373,800.4157962057518,534.8936266961496,0.0
2458686.28140584,0.8159764156876947,0.0011919726612234234,0.7820850868994466,0.001311717535811253,0.7820850868994466,0.001311717535811253,19.449236285454354,0.0507995634962756,1.0127259189201032,1.4575849511993485e-08,12.0,476.4765167236328,32.65817431026171,833.3530369970207,541.0347756077649,0.0
2458687.359370948,0.8091012297854391,0.0008949767887912808,0.7745192238529786,0.0009848856321894417,0.7745192238529786,0.0009848856321894417,19.262586868234767,0.0460815231367148,0.9118368058583162,1.4554291089784631e-08,12.0,437.0330200195313,25.42431102459627,833.3530369970207,541.0347756077649,0.0
2458690.319398819,0.8162194980480995,0.0011026089165052514,0.7823525891712368,0.0012133763617005315,0.7823525891712368,0.0012133763617005315,19.455835551503444,0.0492897350116106,1.0080586848864304,1.4507745690205424e-08,12.0,465.96461486816406,29.711851275322097,833.3530369970207,541.0347756077649,0.0
2458691.239322507,0.8117924425639497,0.0002728834210504854,0.7774807942891221,0.00030029712951360436,0.7774807942891221,0.00030029712951360436,19.33564864487095,0.0398513638688208,1.0000157877133913,8.229426612641403e-09,12.0,451.9859558105469,0.1646914100394236,833.3530369970207,541.0347756077649,0.0
2458692.2359629823,0.8140206621875815,0.0013290416646544307,0.7799328595495426,0.0014625564109512937,0.7799328595495426,0.0014625564109512937,19.39614095738453,0.0532464912158227,0.6533451549487261,1.4469475797095797e-08,12.0,401.3903076171875,24.002989729212626,833.3530369970207,541.0347756077649,4.0
2458692.4018155043,0.8137969242575414,0.0011773346308177226,0.7796866450382482,0.0012956089774545623,0.7796866450382482,0.0012956089774545623,19.390066859193503,0.0505463673721351,0.6881107785406831,1.458689157267988e-08,12.0,402.2759246826172,22.227491221409224,833.3530369970207,541.0347756077649,4.0
2458693.2325073606,0.816036557444004,0.0013314945511007684,0.7821512704613283,0.0014652557129316856,0.7821512704613283,0.0014652557129316856,19.450869030215777,0.0532925024570099,0.6896760462414205,1.4584461277420105e-08,12.0,412.9265991210937,24.201775746643907,833.3530369970207,541.0347756077649,4.0
2458697.22176838,0.811586665565982,0.0008932092654046159,0.7772543450546046,0.0009829405444398101,0.7772543450546046,0.0009829405444398101,19.330062154949974,0.0460571259928736,0.99285179635607,1.4506153167066213e-08,12.0,570.4770202636719,26.235119595192003,833.3530369970207,541.0347756077649,0.0
2458686.2853442347,0.7403784799337294,0.00032492810872561644,0.6904904256677056,0.0006844693881123318,0.6904904256677056,0.0006844693881123318,17.171801606099475,0.0324254158096765,1.0000699268786484,1.4918192242698822e-08,12.0,1275.2763916015624,50.86083720104384,833.6745710071943,541.523063267995,0.0
2458687.363336373,0.7375455196436884,0.00025065645053933125,0.687323706297598,0.0006204447234479711,0.687323706297598,0.0006204447234479711,17.090640310264586,0.0315704235710144,0.9397248666881266,9.354456625911355e-09,12.0,1151.7527587890625,38.90716454010769,833.6745710071943,541.523063267995,0.0
2458690.3233370697,0.7405582235735051,0.0003595421211892125,0.6906913454150571,0.0007072109259643028,0.6906913454150571,0.0007072109259643028,17.176951069991915,0.032744267368759,0.9757174924618416,1.5137751254186792e-08,12.0,1295.4782470703124,54.731418887017135,833.6745710071943,541.523063267995,0.0
2458691.243268137,0.7382504317953021,5.337761136333795e-05,0.6881116661474366,0.000563146610544005,0.6881116661474366,0.000563146610544005,17.110835292833116,0.0308561518205449,0.9971540022031004,1.0841077382415506e-08,12.0,1164.55859375,2.243033803518392,833.6745710071943,541.523063267995,0.0
2458692.2399123167,0.7393879324463761,0.00031214800903875894,0.6893831789737652,0.000668834362542056,0.6893831789737652,0.000668834362542056,17.14342347530033,0.0322112404470514,0.7486116550745634,1.3712171684170785e-08,12.0,1077.0502197265623,36.88187546923877,833.6745710071943,541.523063267995,0.0
2458692.405769706,0.7395449670007918,0.00033334873952412333,0.689558714214055,0.0006827504472776358,0.689558714214055,0.0006827504472776358,17.147922348077337,0.0324023152433552,0.7607079441985987,1.499630229845727e-08,12.0,1048.4046875,40.10175208611325,833.6745710071943,541.523063267995,0.0
2458693.2364349067,0.7400139109978716,0.0003027285982714683,0.6900829058323666,0.0006685720647557162,0.6900829058323666,0.0006685720647557162,17.16135709427226,0.0322071191900456,0.7733818131825585,1.5043076359597017e-08,12.0,1103.076904296875,36.33626860746435,833.6745710071943,541.523063267995,0.0
2458697.2257099785,0.7396989901953103,0.00027575872352830744,0.6897308833176046,0.0006511572078006977,0.6897308833176046,0.0006511572078006977,17.15233494859973,0.0319721644735545,0.9951711280412582,1.5446957079672646e-08,12.0,1281.14814453125,43.475105094474365,833.6745710071943,541.523063267995,0.0
2458686.289289057,0.7588973622684542,0.0005466778460675002,0.700913992010264,0.0012852185976788264,0.700913992010264,0.0012852185976788264,15.089476625794834,0.035084279724526,0.991338013052398,6.7536805972891236e-09,12.0,2329.327392578125,66.89897486688366,823.5079846795023,538.5114991291639,0.0
2458687.366476315,0.754637746518411,0.0009712789000776047,0.6954666979083324,0.001604353683893865,0.6954666979083324,0.001604353683893865,14.954807226070749,0.0423528669084401,0.1817849443301076,7.369501845622736e-09,12.0,411.3742218017578,22.649037901115115,823.5079846795023,538.5114991291639,0.0
2458690.3272815244,0.7574220220171377,0.00063956263014864,0.6990272931339022,0.001336135398547129,0.6990272931339022,0.001336135398547129,15.042833173029976,0.036224269502005,0.9444128294707193,5.896280792692493e-09,12.0,2438.5252685546875,77.36548152773194,823.5079846795023,538.5114991291639,0.0
2458691.2472144035,0.7581138034199764,6.889992328501653e-05,0.6999119590231845,0.001070444709176975,0.6999119590231845,0.001070444709176975,15.064704109688918,0.0303567119184447,1.0002246226349596,4.498207541974647e-09,12.0,2108.979858398437,0.9165524073041964,823.5079846795023,538.5114991291639,0.0
2458692.243852184,0.7601055400073484,0.0006932101424967942,0.7024590373517591,0.0014099625657165782,0.7024590373517591,0.0014099625657165782,15.127673632380514,0.0379030931831448,0.7848495826620054,7.1410252717347495e-09,12.0,2077.511108398437,65.2848764743568,823.5079846795023,538.5114991291639,0.0
2458692.4097199533,0.7573950304139787,0.0006353852577016912,0.6989927756540836,0.0013325551925302134,0.6989927756540836,0.0013325551925302134,15.041979823054705,0.0361435072232686,0.7709107567831133,7.541534413387502e-09,12.0,1965.4683837890625,62.520355221955874,823.5079846795023,538.5114991291639,0.0
2458693.240378745,0.7590458771242901,0.0005696081526145855,0.7011039162066508,0.001303231367560727,0.7011039162066508,0.001303231367560727,15.094171980413453,0.0354884983962387,0.8062069088594619,6.121908132848811e-09,12.0,2116.5352783203125,56.20238437619734,823.5079846795023,538.5114991291639,0.0
2458697.229659527,0.7579856391651171,0.0004666386705949073,0.6997480596410469,0.001220715015095468,0.6997480596410469,0.001220715015095468,15.060652147192574,0.033644225836957,0.9883959027875746,7.444632645567723e-09,12.0,2378.46728515625,58.08301126657136,823.5079846795023,538.5114991291639,0.0
2458205.652798068,0.7733333483415057,0.0003375942391445103,0.6888919203139007,0.00034342738343704263,0.6888919203139007,0.00034342738343704263,17.20590877131501,0.0286131337459339,0.8431972581371747,8.416470636577743e-09,12.0,1264.647814941406,31.704180405536874,824.775986949126,570.3459370716787,0.0
2458223.52255063,0.7729353141978184,0.00028954350722059703,0.6884870087110501,0.0002945464037773145,0.6884870087110501,0.0002945464037773145,17.19617283668957,0.0282967192956944,0.8840392143850541,8.844662429153153e-09,12.0,1050.7621459960938,28.5316553321651,824.775986949126,570.3459370716787,0.0
2458224.5194690176,0.7772629000250395,0.004307654043202409,0.6928893690149697,0.0043820841272583086,0.6928893690149697,0.0043820841272583086,17.302025797718287,0.1088677663000939,0.0455600612636345,8.85450131549686e-09,12.0,633.7807739257812,18.988355651943728,824.775986949126,570.3459370716787,4.0
2458229.6193792643,0.7733292504446386,0.00029143323441868093,0.6888877516112527,0.00029646878275123393,0.6888877516112527,0.00029646878275123393,17.20580853655718,0.0283079363800406,1.0118309124233078,8.860481882800559e-09,12.0,1041.9315307617187,32.93238971033667,824.775986949126,570.3459370716787,0.0
2458230.665573424,0.7734687418514384,0.00024120335866744443,0.6890296532295109,0.00024537100678405865,0.6890296532295109,0.00024537100678405865,17.209220503191077,0.0280236441676264,1.0181928354397516,8.858052368913155e-09,12.0,1153.9435424804688,26.92618668052808,824.775986949126,570.3459370716787,0.0
2458231.498728465,0.7738837505916363,7.03894456723208e-05,0.6894518327255555,7.160567434470021e-05,0.6894518327255555,7.160567434470021e-05,17.219371637277533,0.0274491897831621,0.9997261402104516,5.365721206223067e-09,12.0,1018.3967956542969,0.0894268195166981,824.775986949126,570.3459370716787,0.0
2458333.3159887022,0.7732624153517985,0.000259952474075694,0.6888197617038598,0.0002644440800175712,0.6888197617038598,0.0002644440800175712,17.204173746916908,0.0281239711665635,0.9344003033813012,7.878200713072507e-09,12.0,965.0130310058594,26.70747153723787,824.775986949126,570.3459370716787,0.0
2458334.3507070728,0.7734997471135502,0.00037549172628899996,0.6890611942180855,0.0003819796848088067,0.6890611942180855,0.0003819796848088067,17.20997889341904,0.0288941278641405,0.6326790254724366,7.53114893838131e-09,12.0,881.3001892089844,25.76586840999284,824.775986949126,570.3459370716787,4.0
2458353.249066632,0.7720737845323804,0.000861721098385844,0.6876105930485535,0.0008766104031309202,0.6876105930485535,0.0008766104031309202,17.175099778929017,0.0345668323347849,0.949652496516213,5.579324050441419e-09,12.0,11607.22802734375,97.1393588654178,824.775986949126,570.3459370716787,0.0
2458354.3507838915,0.7686903362941151,0.000681211888745067,0.6841686836770944,0.0006929822532243565,0.6841686836770944,0.0006929822532243565,17.092340469511058,0.032069205692753,0.945085163432456,8.835461461503483e-09,12.0,17368.628125,82.57464312048155,824.775986949126,570.3459370716787,0.0
2458359.3440173524,0.7732214850855412,0.00041370194707831767,0.688778124221301,0.0004208501234142807,0.688778124221301,0.0004208501234142807,17.20317259060203,0.0292049265517911,0.9010830883404292,8.750546219502233e-09,12.0,1910.7761596679688,42.29082095106275,824.775986949126,570.3459370716787,0.0
2458366.2266469877,0.7731860482952067,0.000394759258085296,0.6887420751340517,0.0004015801319220656,0.6887420751340517,0.0004015801319220656,17.20230580497698,0.0290476706860507,0.7529535017285146,8.493129908933217e-09,12.0,1123.9332885742188,33.3029464285803,824.775986949126,570.3459370716787,0.0
2458392.2378212907,0.7730181666511159,0.0002666935991737655,0.688571292735918,0.00027130168208956945,0.688571292735918,0.00027130168208956945,17.198199411750153,0.0281619494733683,0.8742939144398854,8.621721770579459e-09,12.0,1172.746411132813,25.734850028014744,824.775986949126,570.3459370716787,0.0
2457959.26848149,0.724292527338007,0.000189335488879434,0.6058839139924078,0.00046657224010975505,0.6058839139924078,0.00046657224010975505,15.05663465136418,0.0238742399186123,0.2768350619584946,6.5257281641060245e-09,12.0,403.0347290039063,18.74113151895214,827.3698093552679,567.2056520089427,0.0
2457917.584255421,0.7241975067230096,0.00017303766808615646,0.6057816367409281,0.0004597692561983465,0.6057816367409281,0.0004597692561983465,15.054324342217663,0.0238068706900398,0.7836899887435747,4.9937421636864754e-09,12.0,9831.4169921875,53.07767205516532,827.3698093552679,567.2056520089427,0.0
2457959.2140675774,0.724317371567895,0.0001628835225085391,0.6059106555531537,0.0004547025794775946,0.6059106555531537,0.0004547025794775946,15.057238708194902,0.0237570786910032,0.2777875411789654,6.906965819989751e-09,12.0,584.2210083007812,15.663829185720044,827.3698093552679,567.2056520089427,0.0
2457917.6440747976,0.7236645818894831,0.0002679233588693423,0.6052080129307691,0.0005127732097183289,0.6052080129307691,0.0005127732097183289,15.04136693168798,0.0243534031097477,0.7665600642628231,4.262539534021046e-09,12.0,9688.8203125,82.04622510204445,827.3698093552679,567.2056520089427,0.0
2457959.426954712,0.7239113027798051,0.00015118128530664017,0.6054735756672919,0.0004525697779108209,0.6054735756672919,0.0004525697779108209,15.047365646067634,0.0237365862933185,0.2829420080358973,7.587756937454407e-09,12.0,381.9117126464844,14.882013735516203,827.3698093552679,567.2056520089427,0.0
2457918.431209703,0.7233868063690189,0.00020172048654076572,0.6049090239507224,0.000478062793506113,0.6049090239507224,0.000478062793506113,15.034613162249364,0.0239906087247513,0.6557746293552957,5.336835119558671e-09,12.0,3687.8232421875,52.82834420594822,827.3698093552679,567.2056520089427,0.0
2457961.216593971,0.7244470600374541,0.00014170495711427148,0.6060502482111841,0.0004455866930898445,0.6060502482111841,0.0004455866930898445,15.060391923499068,0.0236686865872113,0.3125529229036702,6.8463934071949404e-09,12.0,585.4190063476562,15.17616074926091,827.3698093552679,567.2056520089427,0.0
2457918.4950431297,0.723986727030169,0.00010941281236749401,0.6055547599978958,0.00043792034639789014,0.6055547599978958,0.00043792034639789014,15.04919949375942,0.0235959026132798,0.6532625170152241,8.164044028396649e-09,12.0,1734.038330078125,27.05228133819497,827.3698093552679,567.2056520089427,0.0
2457961.241870827,0.7245372271261599,0.00012619168071427105,0.6061473012770582,0.00043957384943347366,0.6061473012770582,0.00043957384943347366,15.06258422513548,0.0236111816301251,0.3163520625889413,8.26371544758044e-09,12.0,490.7559814453125,13.140584485072248,827.3698093552679,567.2056520089427,0.0
2457918.644912304,0.7239805439273256,0.0001649343473827494,0.6055481046972074,0.00045766510654602347,0.6055481046972074,0.00045766510654602347,15.049049159234087,0.0237863327979323,0.6546189150209407,8.076323272994111e-09,12.0,4242.8173828125,42.15270330431386,827.3698093552679,567.2056520089427,0.0
2457961.2695889114,0.7241178047238686,0.00016715547976574313,0.6056958479738292,0.00045773843461676355,0.6056958479738292,0.00045773843461676355,15.052386486336427,0.0237869525539479,0.3217805153762739,4.578172655931162e-09,12.0,468.71630859375,19.62934280228144,827.3698093552679,567.2056520089427,0.0
2457919.271156578,0.7241403698438308,0.00013091680726805676,0.6057201363711321,0.00044371261772190853,0.6057201363711321,0.00044371261772190853,15.052935129418165,0.0236509397735966,0.6457798919048748,6.034189946657574e-09,12.0,1534.2459716796875,32.27677846547412,827.3698093552679,567.2056520089427,0.0
2457961.4813785376,0.7244052083381928,0.000136635214785622,0.6060052003363586,0.0004440144263328638,0.6060052003363586,0.0004440144263328638,15.059374351011202,0.0236536358852734,0.3150231253354694,5.3616262986184465e-09,12.0,507.3126220703125,14.697248939684536,827.3698093552679,567.2056520089427,0.0
2457919.358336585,0.7240485231296756,0.00011504758783720832,0.6056212754083667,0.0004391862560905316,0.6056212754083667,0.0004391862560905316,15.05070198975899,0.0236078593257599,0.7306034091373494,6.430355398788249e-09,12.0,2210.1640625,32.193356065466325,827.3698093552679,567.2056520089427,0.0
2457961.5290685077,0.7245418348253516,0.00013847360148742282,0.6061522608619757,0.0004438077766465167,0.6061522608619757,0.0004438077766465167,15.06269625566262,0.023651557211278,0.3079700589281084,3.604056719730667e-09,12.0,526.9205932617188,14.46599563239016,827.3698093552679,567.2056520089427,0.0
2457919.39672299,0.7235898646393926,0.00011153122302050603,0.6051275895933955,0.0004411564014987224,0.6051275895933955,0.0004411564014987224,15.039550273836513,0.023626933263828,0.7256624806130183,5.6999509274265974e-09,12.0,2455.56005859375,31.326046980029947,827.3698093552679,567.2056520089427,0.0
2457966.397733604,0.7229278173196347,0.0003682480772901592,0.6044149823321575,0.0005841618971006399,0.6044149823321575,0.0005841618971006399,15.023453409189742,0.0251609030856213,0.2226688779159363,7.343883894558388e-09,12.0,2390.638427734375,32.4473051402969,827.3698093552679,567.2056520089427,4.0
2457919.428972504,0.7236765108872159,9.921982459042277e-05,0.6052208529350254,0.0004371577134918445,0.6052208529350254,0.0004371577134918445,15.041656970566084,0.0235889148231781,0.7371567570318898,5.415379909647959e-09,12.0,2435.881103515625,27.981085515501203,827.3698093552679,567.2056520089427,0.0
2457966.435136967,0.7256093889320218,0.0007320039618043065,0.6073013430883879,0.000888647242657183,0.6073013430883879,0.000888647242657183,15.088652518070656,0.0293564083998741,0.0868302310179354,6.895150092760495e-09,12.0,1866.2684326171875,22.910177128992,827.3698093552679,567.2056520089427,4.0
2457919.4377928763,0.7233896200396471,0.0001167027948304155,0.6049120524987744,0.0004440304749087488,0.6049120524987744,0.0004440304749087488,15.034681573183017,0.0236545365896054,0.7317043948740237,5.553307758427685e-09,12.0,2444.318603515625,33.455517254408534,827.3698093552679,567.2056520089427,0.0
2458205.6569166663,0.7247582647378704,0.0001190036934235572,0.6063852193267367,0.0004358302465176234,0.6063852193267367,0.0004358302465176234,15.067958482248777,0.0235755829922727,0.9432661055043348,6.262206997713713e-09,12.0,2562.617919921875,42.77998228056628,827.3698093552679,567.2056520089427,0.0
2457919.462436926,0.7244821056179881,0.00010738361256781597,0.6060879701902896,0.0004341029600204742,0.6060879701902896,0.0004341029600204742,15.061244013598197,0.0235595186296467,0.7348408825269579,3.625018879192886e-09,12.0,1228.414306640625,29.715893578718383,827.3698093552679,567.2056520089427,0.0
2458212.4631295414,0.0,0.0,0.0,0.0,0.0,0.0,0.0,0.0,0.0,0.0,12.0,0.0,0.0,0.0,0.0,5.0
2457919.519795672,0.7241934467593432,9.999699595575334e-05,0.6057772667215914,0.0004339423538022704,0.6057772667215914,0.0004339423538022704,15.054225629204767,0.0235582208126521,0.6853714574246663,7.0649856145429075e-09,12.0,1382.4505615234375,25.621832072407965,827.3698093552679,567.2056520089427,0.0
2458222.4477322963,0.7247250249468875,0.00015520739621232985,0.6063494410436601,0.00044903746070598747,0.6063494410436601,0.00044903746070598747,15.067150297697054,0.0237017373029358,0.292708042406672,8.351271300227078e-09,12.0,456.5201416015625,15.527198125177945,827.3698093552679,567.2056520089427,0.0
2457920.299691576,0.7240911646753838,8.718848342031302e-05,0.6056671734494813,0.0004314077367445239,0.6056671734494813,0.0004314077367445239,15.051738766389764,0.0235345314475552,0.7477593322118551,7.479272093264471e-09,12.0,1241.673828125,24.2276237224963,827.3698093552679,567.2056520089427,0.0
2458222.496318109,0.7242996250656253,0.00015074738451502983,0.6058915537669198,0.0004499391895185646,0.6058915537669198,0.0004499391895185646,15.056807223863704,0.0237107709076302,0.2939619510612732,5.5041693522567425e-09,12.0,448.95159912109375,15.362111694015434,827.3698093552679,567.2056520089427,0.0
2457920.352419193,0.724416595665303,7.883587539364337e-05,0.6060174573031083,0.00042738222841188676,0.6060174573031083,0.00042738222841188676,15.059651219835706,0.0234967856549616,0.7800986574857068,5.328881632654497e-09,12.0,1074.0216064453125,22.504787182293505,827.3698093552679,567.2056520089427,0.0
2458222.5241020336,0.7239495375775974,0.0002551544013992269,0.6055147304212285,0.0005035337066875377,0.6055147304212285,0.0005035337066875377,15.048295278053894,0.0242546282416255,0.255540215687478,5.346029608559641e-09,12.0,475.9520568847656,24.52577520691531,827.3698093552679,567.2056520089427,0.0
2457920.3999710027,0.7243248185255253,8.04429375818441e-05,0.6059186712280509,0.00042833552512897786,0.6059186712280509,0.00042833552512897786,15.057419771791762,0.0235057088076452,0.7833265725465955,5.015354891719482e-09,12.0,1504.0850830078125,23.216274364578982,827.3698093552679,567.2056520089427,0.0
2458223.4651654824,0.7244881354197774,0.00020248196753454615,0.6060944604824651,0.0004717540169994049,0.6060944604824651,0.0004717540169994049,15.06139062079735,0.0239260005197127,0.2742603645162786,8.328528059714747e-09,12.0,469.2413024902344,20.01413852982367,827.3698093552679,567.2056520089427,0.0
2457920.4251067364,0.724533528267235,9.903386795209182e-05,0.6061433199396985,0.00043146192477977837,0.6061433199396985,0.00043146192477977837,15.062494291939345,0.023534713099804,0.796628346723412,5.1960669686218974e-09,12.0,1627.87744140625,29.70069818340057,827.3698093552679,567.2056520089427,0.0
2458223.482546678,0.7245760930126873,0.00020354103322941798,0.6061891353153925,0.0004717583948768037,0.6061891353153925,0.0004717583948768037,15.063529201266546,0.023925981145119,0.2688768900704891,7.17504275354252e-09,12.0,468.283935546875,19.60856851102543,827.3698093552679,567.2056520089427,0.0
2457920.462059586,0.724549221629984,8.786690530040085e-05,0.6061602117900458,0.00042854779207435656,0.6061602117900458,0.00042854779207435656,15.062875856713466,0.0235075179975521,0.783043504848095,4.6634052605797015e-09,12.0,1202.413818359375,25.43162322310395,827.3698093552679,567.2056520089427,0.0
2458223.514034936,0.7242928941096496,0.00014664138363308554,0.6058843087740615,0.0004484069255978044,0.6058843087740615,0.0004484069255978044,15.056643568964644,0.0236959602180221,0.2834550505521678,5.017504734024814e-09,12.0,475.8626708984375,14.22239125421076,827.3698093552679,567.2056520089427,0.0
2457920.5041213203,0.7243744343269249,9.383840632057647e-05,0.6059720761423135,0.00043115560580641774,0.6059720761423135,0.00043115560580641774,15.05862611885433,0.02353196526764,0.7775610590798977,4.60347925646375e-09,12.0,1168.1064453125,27.29059773215986,827.3698093552679,567.2056520089427,0.0
2458223.5266707456,0.7243181829112326,0.00013135893238991504,0.6059115288580321,0.0004427223551600202,0.6059115288580321,0.0004427223551600202,15.057258435008237,0.0236413386687827,0.9623733702233216,7.792751548896713e-09,12.0,1620.5308837890625,49.11715508069052,827.3698093552679,567.2056520089427,0.0
2457920.549252917,0.7242292537129739,0.00010202553183382913,0.6058158082191526,0.00043425428031184954,0.6058158082191526,0.00043425428031184954,15.0550962311524,0.0235611270833224,0.7611305854596241,7.3799233601738965e-09,12.0,1261.0234375,29.330477021080828,827.3698093552679,567.2056520089427,0.0
2458224.523586805,0.7300498065607569,0.0010361792632366136,0.6120808713044729,0.001179622718206945,0.6120808713044729,0.001179622718206945,15.196615800168104,0.0341866666161545,0.0574943500534253,7.819776478109553e-09,12.0,964.7725219726562,18.70394270076489,827.3698093552679,567.2056520089427,4.0
2457920.590933508,0.7242939846598831,0.00010395105365718435,0.6058854826086078,0.00043435969061694297,0.6058854826086078,0.00043435969061694297,15.05667008434954,0.023562070936002,0.7533511027605873,8.412243689462711e-09,12.0,1486.9873046875,29.53208003082345,827.3698093552679,567.2056520089427,0.0
2458228.420792835,0.7241749612523435,0.00019968225367967822,0.6057573694935195,0.000472252124099289,0.6057573694935195,0.000472252124099289,15.053776176884345,0.0239312403037664,0.2950023080732162,8.47269538836598e-09,12.0,468.8644409179688,21.64946411423568,827.3698093552679,567.2056520089427,0.0
2457921.5887723626,0.724059647309082,0.00014691845231684433,0.6056332491310653,0.0004499930712777573,0.6056332491310653,0.0004499930712777573,15.050972460471373,0.0237114680677965,0.4966610686987105,6.0938064109752145e-09,12.0,1743.2222900390625,27.7086521901009,827.3698093552679,567.2056520089427,4.0
2458228.431468679,0.7242962308236605,0.00017982275903115946,0.6058879003098356,0.00046216888616456794,0.6058879003098356,0.00046216888616456794,15.05672469705353,0.0238304952067771,0.295330367160219,8.260721951463827e-09,12.0,464.7515563964844,19.02056089712429,827.3698093552679,567.2056520089427,0.0
2457922.295056842,0.7244853611936681,8.574293467014833e-05,0.6060914743912732,0.0004284681287273548,0.6060914743912732,0.0004284681287273548,15.06132316890856,0.0235068239044268,0.6700250536929385,7.552933097734736e-09,12.0,1169.1519775390625,20.72354493717047,827.3698093552679,567.2056520089427,0.0
2458228.5109975105,0.7267196997329153,0.00032703949455285667,0.6084964472982156,0.0005357475129121049,0.6084964472982156,0.0005357475129121049,15.1156483568037,0.0246023407760767,0.3220096249285047,6.8037439782843594e-09,12.0,470.6365661621094,37.83984062485403,827.3698093552679,567.2056520089427,0.0
2457922.338122814,0.7245408456980508,0.00011494133314526475,0.6061511961959376,0.00043596082959809117,0.6061511961959376,0.00043596082959809117,15.062672206251335,0.0235769737324962,0.6576740227559092,4.980816503596627e-09,12.0,1061.122802734375,28.34360175259853,827.3698093552679,567.2056520089427,0.0
2458228.514517209,0.7253426945323439,0.00023270926831458442,0.6070142814840731,0.0004827770498084607,0.6070142814840731,0.0004827770498084607,15.082168172427153,0.0240373234656807,0.3221569252896478,7.774234097197412e-09,12.0,471.9757080078125,27.09463041863525,827.3698093552679,567.2056520089427,0.0
2457922.5799944964,0.7243403806311065,0.00010765419659111373,0.6059354217972416,0.0004351012739477548,0.6059354217972416,0.0004351012739477548,15.057798145209617,0.0235690173440663,0.6836340132539039,4.126108948071555e-09,12.0,1293.464599609375,27.50855045333873,827.3698093552679,567.2056520089427,0.0
2458228.594109955,0.7269907457165631,0.00041919271246175337,0.6087881928129438,0.0006044265567627044,0.6087881928129438,0.0006044265567627044,15.122238505848385,0.0254012144789017,0.3144475823978899,3.067586191715496e-09,12.0,499.0376892089844,47.72856546348518,827.3698093552679,567.2056520089427,0.0
2457922.5840071426,0.7243055004466677,0.00010391170420323624,0.6058978778453783,0.000434273549398652,0.6058978778453783,0.000434273549398652,15.056950076512702,0.023561252275569,0.6875430342055804,4.024987409371408e-09,12.0,1325.560302734375,26.678959281937324,827.3698093552679,567.2056520089427,0.0
2458228.5978614404,0.7291349998622686,0.000549219721075759,0.6110962016645288,0.0007078513562423218,0.6110962016645288,0.0007078513562423218,15.174373402738102,0.0267283233181616,0.3082291597032375,5.565859207308521e-09,12.0,499.8584289550781,58.73375812685429,827.3698093552679,567.2056520089427,0.0
2457922.6291374764,0.7243302190662658,0.00011043724002860622,0.6059244842030926,0.00043597465110610355,0.6059244842030926,0.00043597465110610355,15.057551079284032,0.0235772584528113,0.7001828884831325,5.356583091938833e-09,12.0,1479.9947509765625,29.163244511655066,827.3698093552679,567.2056520089427,0.0
2458228.6658681585,0.7241531059667125,0.0002165632202320912,0.605733845139939,0.00048092376561039606,0.605733845139939,0.00048092376561039606,15.053244792549538,0.0240192117599697,0.2770054331840476,3.5394764042662233e-09,12.0,541.2901611328125,21.982129301524783,827.3698093552679,567.2056520089427,0.0
2457923.542367532,0.7243459642291156,0.00011076094426464617,0.6059414318094665,0.00043596749169286784,0.6059414318094665,0.00043596749169286784,15.057933903513764,0.0235771793523885,0.7092748139207934,7.3978411136642306e-09,12.0,1109.218994140625,29.529871767711946,827.3698093552679,567.2056520089427,0.0
2458229.431540894,0.7248689811458598,0.00018263033632705386,0.6065043910444023,0.00045996639132154035,0.6065043910444023,0.00045996639132154035,15.070650415257788,0.023808327101242,0.3166436650713129,5.0353356683896e-09,12.0,498.69915771484375,20.792534637763577,827.3698093552679,567.2056520089427,0.0
2457923.5875254883,0.7245166535315918,0.00010423381064542362,0.6061251564961018,0.00043298821452647556,0.6061251564961018,0.00043298821452647556,15.062084003539267,0.0235490238884485,0.7136127885979909,7.124278917690265e-09,12.0,1376.79345703125,27.641218886981186,827.3698093552679,567.2056520089427,0.0
2458229.4762179004,0.7245483908785327,0.0001571168540374353,0.6061593175948746,0.0004509025950909262,0.6061593175948746,0.0004509025950909262,15.062855658015785,0.0237199261040683,0.3276058877024915,5.684828453099893e-09,12.0,479.2204284667969,18.325513398481533,827.3698093552679,567.2056520089427,0.0
2457923.6298041493,0.7245967413375135,0.00015864715753338793,0.6062113605336884,0.00045122265913609844,0.6062113605336884,0.00045122265913609844,15.064031239836892,0.0237229963383376,0.6850733190045781,8.453852050043641e-09,12.0,1667.4132080078125,41.47492229134933,827.3698093552679,567.2056520089427,0.0
2458229.56988865,0.7238998265574489,0.00014225958076096205,0.6054612230164488,0.00044928000446499097,0.6054612230164488,0.00044928000446499097,15.04708661586479,0.0237046847705286,0.3304609757424411,4.725111808285575e-09,12.0,474.8957214355469,16.80441115288692,827.3698093552679,567.2056520089427,0.0
2457925.2546801404,0.0,0.0,0.0,0.0,0.0,0.0,0.0,0.0,0.0,0.0,12.0,0.0,0.0,0.0,0.0,5.0
2458229.6235028137,0.7242947455716527,9.425468051431448e-05,0.6058863016305053,0.000431783964918217,0.6058863016305053,0.000431783964918217,15.056688584981435,0.0235379018053481,1.0489887488490626,7.747230082978526e-09,12.0,1581.962158203125,37.95964862409157,827.3698093552679,567.2056520089427,0.0
2457925.6093956367,0.7244669857857422,9.989828150333049e-05,0.6060716956704393,0.00043212604333175975,0.6060716956704393,0.00043212604333175975,15.060876393511412,0.0235409782708136,0.6669206196350207,8.472484188945972e-09,12.0,1184.279052734375,24.64364091548012,827.3698093552679,567.2056520089427,0.0
2458229.6707326304,0.7243088485465486,0.00021021582950063073,0.60590148163655,0.00047672080331545623,0.60590148163655,0.00047672080331545623,15.057031481434969,0.0239763094536834,0.3255403172150895,6.699967890932543e-09,12.0,596.2879638671875,25.602467066106065,827.3698093552679,567.2056520089427,0.0
2457925.6307538515,0.7239506356067511,0.00012875713790656615,0.6055159123058528,0.00044420694854397725,0.6055159123058528,0.00044420694854397725,15.048321975279505,0.0236558132966719,0.6352360831460997,8.180954942978868e-09,12.0,1329.6689453125,31.419447382922527,827.3698093552679,567.2056520089427,0.0
2458230.5014395816,0.7265714403719679,0.001904693663574808,0.6083368655069985,0.002089735503397341,0.6083368655069985,0.002089735503397341,15.112043613162935,0.0518370521342093,0.0220468304869912,5.348525132966764e-09,12.0,258.1329345703125,13.43759289407091,827.3698093552679,567.2056520089427,4.0
2457958.2119472134,0.7246045972850428,0.0002791456275238485,0.606219816432664,0.0005144670798635996,0.606219816432664,0.0005144670798635996,15.064222247519082,0.0243709555894596,0.2273772056075236,8.370914744801417e-09,12.0,668.8353271484375,23.228863376350844,827.3698093552679,567.2056520089427,0.0
2458230.669704239,0.7247087021547579,9.422508067023934e-05,0.6063318716949929,0.0004290717873548251,0.6063318716949929,0.0004290717873548251,15.066753429123285,0.0235122777963637,1.0916915084339232,7.642848755615615e-09,12.0,1988.5623779296875,39.06236296232016,827.3698093552679,567.2056520089427,0.0
2457958.4085291508,0.7242707422586642,0.00015208462987681187,0.6058604652067043,0.0004506422704698898,0.6058604652067043,0.0004506422704698898,15.056104974008743,0.0237176039499374,0.2634007444149865,8.255222296187582e-09,12.0,333.9482116699219,13.2804617819818,827.3698093552679,567.2056520089427,0.0
2458230.6736022187,0.7244445869990286,0.00018966967189792624,0.6060475863091014,0.00046580693250083494,0.6060475863091014,0.00046580693250083494,15.06033179461762,0.0238665033496467,0.3474759070209245,8.46858915770094e-09,12.0,833.6362915039062,24.537511962307484,827.3698093552679,567.2056520089427,0.0
2457958.4397347565,0.7242174117419796,0.00015096439824477644,0.6058030618877862,0.00045054246325409476,0.6058030618877862,0.00045054246325409476,15.054808308222183,0.0237166753584744,0.258300485212179,8.301547901225406e-09,12.0,320.2711181640625,12.873134477080496,827.3698093552679,567.2056520089427,0.0
2457961.370226658,0.7243998515092333,0.00013586323554254018,0.6059994344113264,0.0004437739876126208,0.6059994344113264,0.0004437739876126208,15.059244106317022,0.023651337354582,0.3242597460508655,5.371115440370082e-09,12.0,498.9945373535156,15.203680670682106,827.3698093552679,567.2056520089427,0.0
2458231.413109076,0.724553867602604,0.0001324902950571848,0.606165212571298,0.00044161007380744854,0.606165212571298,0.00044161007380744854,15.062988817811847,0.0236305492436113,0.3371933198668818,5.367977845238216e-09,12.0,535.843994140625,15.314259765736752,827.3698093552679,567.2056520089427,0.0
2457961.4084371226,0.7245176724500836,0.00012772732861774183,0.6061262532284561,0.0004402122130792282,0.6061262532284561,0.0004402122130792282,15.062108777286635,0.0236172636105277,0.3212487653896039,4.903445776318277e-09,12.0,535.837158203125,13.76226600923992,827.3698093552679,567.2056520089427,0.0
2458231.431592024,0.7244417258641432,0.00014430988678149396,0.606044506671991,0.0004465879203775205,0.606044506671991,0.0004465879203775205,15.06026222964906,0.0236783170613499,0.3434493940035654,5.016143191097281e-09,12.0,505.68603515625,17.624494273718884,827.3698093552679,567.2056520089427,0.0
2457961.46051857,0.7243352297247526,0.0001565634652964615,0.6059298775209334,0.0004520112264519953,0.6059298775209334,0.0004520112264519953,15.0576729072698,0.0237308452502753,0.3175572204452372,4.954228721659469e-09,12.0,518.04833984375,17.71335977088973,827.3698093552679,567.2056520089427,0.0
2458231.476347072,0.7244265832699663,0.00017384003682677189,0.606028207651902,0.0004587057678188439,0.606028207651902,0.0004587057678188439,15.05989405613397,0.023796234161305,0.348623361031712,5.368320625069881e-09,12.0,492.7276916503906,22.37758189397549,827.3698093552679,567.2056520089427,0.0
2458231.5028491886,0.7244659199391322,2.060541438089173e-05,0.6060705484261093,0.0004191284824049603,0.6060705484261093,0.0004191284824049603,15.060850478764678,0.0234207639070803,1.0000024406092338,4.8604417999457506e-09,12.0,1530.4954833984375,0.0338600266431715,827.3698093552679,567.2056520089427,0.0
2458231.6430103765,0.7250294355450113,0.0001688372399690108,0.6066770991976124,0.00045284420104221574,0.6066770991976124,0.00045284420104221574,15.074551666222852,0.0237384434733163,0.3023959015846262,5.035030318369723e-09,12.0,549.891357421875,17.826587724843552,827.3698093552679,567.2056520089427,0.0
2458235.5618341174,0.7251628408244863,0.0001856420384219154,0.6068206925148939,0.000459607177554545,0.6068206925148939,0.000459607177554545,15.077795251179374,0.0238045755933246,0.3585321584192769,4.712722529302387e-09,12.0,688.2970581054688,24.244346590044543,827.3698093552679,567.2056520089427,0.0
2458238.397251213,0.7244536632573991,0.00033683204517278854,0.6060573557129286,0.0005537981603788226,0.6060573557129286,0.0005537981603788226,15.060552472653958,0.0248070013559906,0.3520169204210627,7.92117078015484e-09,12.0,2892.63916015625,46.03242296180719,827.3698093552679,567.2056520089427,0.0
2458238.442685879,0.7256308347573976,0.0003160499801216711,0.6073244267116126,0.0005333943362467389,0.6073244267116126,0.0005333943362467389,15.089173946883996,0.0245769848918841,0.3865197883545839,6.958381219838445e-09,12.0,4783.5673828125,46.03429169182969,827.3698093552679,567.2056520089427,0.0
2458238.4738128376,0.7250047412086583,0.0003182484073539555,0.606650518977632,0.0005380704092328171,0.606650518977632,0.0005380704092328171,15.0739512538687,0.0246293733884399,0.3597132620110667,7.134123996670624e-09,12.0,4270.326171875,43.57525393757828,827.3698093552679,567.2056520089427,0.0
2458239.6433763485,0.7201143216828266,0.0005049166378671476,0.6013866226357775,0.0007052721136041361,0.6013866226357775,0.0007052721136041361,14.955046730243373,0.0266993326765365,0.3901610431792305,5.354253932595209e-09,12.0,6667.0380859375,85.48926010852378,827.3698093552679,567.2056520089427,0.0
2458240.45630565,0.7158097248912395,0.002055790803473488,0.5967532877685523,0.0022648796896099946,0.5967532877685523,0.0022648796896099946,14.850385764410236,0.0554673544315801,0.0904104619942679,6.222657345541203e-09,12.0,16624.458984375,89.04324008527448,827.3698093552679,567.2056520089427,6.0
2458240.487733107,0.7197050308013527,0.0003332883692910476,0.6009460745882396,0.0005774996757274586,0.6009460745882396,0.0005774996757274586,14.9450953268865,0.0250846187054002,0.3752632420207014,8.300005196828005e-09,12.0,5980.80712890625,54.44559301369098,827.3698093552679,567.2056520089427,0.0
2458240.532678747,0.7206634730547619,0.0003121765018339705,0.601977712190075,0.0005579426040656949,0.601977712190075,0.0005579426040656949,14.968398669056231,0.0248570422031622,0.3863505666841104,8.470477428545878e-09,12.0,5445.55419921875,51.276395700237344,827.3698093552679,567.2056520089427,0.0
2458240.588373357,0.7126732781563473,0.0024641921422695347,0.593377313497426,0.002700739344702831,0.593377313497426,0.002700739344702831,14.774126927531585,0.0646613404733674,0.0630604161712085,5.829389697043273e-09,12.0,18356.830078125,79.9576539513285,827.3698093552679,567.2056520089427,6.0
2458240.5992099824,0.7179758034649197,0.0015179089281865934,0.5990847877594915,0.0016989315140871256,0.5990847877594915,0.0016989315140871256,14.903051295368886,0.0439533572911787,0.1278103774468268,5.381310666653004e-09,12.0,15470.3544921875,88.42242764231705,827.3698093552679,567.2056520089427,6.0
2458240.6437897063,0.7216599911361706,0.0010670778767190665,0.6030503334356783,0.001229297909187704,0.6030503334356783,0.001229297909187704,14.992627778057628,0.0350723640613236,0.0936058379158975,6.9935250391537965e-09,12.0,5061.42822265625,41.186990112925855,827.3698093552679,567.2056520089427,4.0
2458333.3201195425,0.7246107586217851,8.092582823161324e-05,0.6062264483049953,0.000426557031748718,0.6062264483049953,0.000426557031748718,15.064372052828508,0.0234889905996635,1.002550758557168,8.148904933294294e-09,12.0,1407.79150390625,30.170276690065965,827.3698093552679,567.2056520089427,0.0
2458334.354839549,0.7244678621198684,0.00012255233697054438,0.6060726389293921,0.00043882398576147583,0.6060726389293921,0.00043882398576147583,15.060897700495662,0.0236041140929141,0.6224016913907109,6.125524663348742e-09,12.0,1138.931640625,28.55588026681156,827.3698093552679,567.2056520089427,4.0
2458353.2531780265,0.7238630328719312,0.00016740616241962846,0.6054216194311988,0.00045944201506645,0.6054216194311988,0.00045944201506645,15.046192022747414,0.023803890966142,1.0235781218324536,3.019398456138684e-09,12.0,10768.634765625,67.9301233515416,827.3698093552679,567.2056520089427,0.0
2458354.3549021315,0.7233854477074616,0.0002326914708812271,0.6049075615294385,0.0004941048987085923,0.6049075615294385,0.0004941048987085923,15.034580128068065,0.0241558895731293,1.0028428645751404,7.732392007732863e-09,12.0,17428.79296875,93.92172387831214,827.3698093552679,567.2056520089427,0.0
2458359.3481482724,0.7243166316314736,8.158688044905617e-05,0.6059098591084726,0.0004286402711928112,0.6059098591084726,0.0004286402711928112,15.057220717552749,0.0235085492199615,0.9730488437927434,7.61811707981409e-09,12.0,1946.4766845703125,29.932215879375764,827.3698093552679,567.2056520089427,0.0
2458366.230769004,0.7241366082232961,0.0001290512544204032,0.6057160874791168,0.0004431032560989085,0.6057160874791168,0.0004431032560989085,15.052843670250835,0.0236451125696703,0.831318960992494,6.620707270111221e-09,12.0,1655.822509765625,41.58605405777366,827.3698093552679,567.2056520089427,0.0
2458392.241941164,0.7244145676631873,0.00010413505092899292,0.6060152744243469,0.00043362432731026225,0.6060152744243469,0.00043362432731026225,15.059601911463652,0.023555070217531,0.962246335904974,5.593733260492799e-09,12.0,1614.112548828125,38.34028103377928,827.3698093552679,567.2056520089427,0.0
2458205.6486717854,0.8453891821553802,0.0013085608064662003,0.7811361302890223,0.0013316290669260233,0.7811361302890223,0.0013316290669260233,19.4726829456167,0.0999196423233848,0.9874883495191568,1.8946799948164644e-08,12.0,557.5856323242188,22.68655439116445,823.9180288311505,570.5244493942741,0.0
2458223.518424098,0.8462256425261678,0.0012097919343801626,0.7819873363908467,0.0012311190254152666,0.7819873363908467,0.0012311190254152666,19.49286582444473,0.0991924188821905,0.8872160044310078,2.2061331481231877e-08,12.0,495.1752624511719,17.923127861794523,823.9180288311505,570.5244493942741,0.0
2458224.515344911,0.8533693372734195,0.022580459476182365,0.7892569653784185,0.022978524218703344,0.7892569653784185,0.022978524218703344,19.66523540763549,0.5530279469976398,0.0527206619403675,2.4708719106761842e-08,12.0,320.05377197265625,16.66147796609808,823.9180288311505,570.5244493942741,4.0
2458229.6152542923,0.8461386413757843,0.0010586308547014553,0.7818988015209847,0.0010772931684177025,0.7818988015209847,0.0010772931684177025,19.490766581327648,0.0981809453305027,1.0317198069223936,3.357458409525121e-08,12.0,468.8957214355469,18.30553007427868,823.9180288311505,570.5244493942741,0.0
2458230.66145374,0.84623995640195,0.0011613594707377264,0.7820019026020288,0.0011818327591214758,0.7820019026020288,0.0011818327591214758,19.493211202696425,0.098854820182573,1.0275045522279584,3.343222032118872e-08,12.0,503.9671630859375,20.28488340914801,823.9180288311505,570.5244493942741,0.0
2458231.494605545,0.8464270356965643,0.00043421000820349873,0.7821922798663468,0.00044186457764650966,0.7821922798663468,0.00044186457764650966,19.497725222566704,0.0953771216555991,1.000003590112448,2.1964153071948947e-08,12.0,470.033447265625,0.0270583243132325,823.9180288311505,570.5244493942741,0.0
2458333.3118772204,0.8457446457398575,0.0013450535592874377,0.7814978602437818,0.0013687651405030216,0.7814978602437818,0.0013687651405030216,19.48125989522941,0.1002014010663432,0.9455346652290972,3.2398224286361936e-08,12.0,439.1369018554688,22.054059637456028,823.9180288311505,570.5244493942741,0.0
2458334.346566356,0.8344246210544283,0.0021119668884411534,0.7699782779401173,0.0021491981749234778,0.7699782779401173,0.0021491981749234778,19.208120013729417,0.1076277982085673,0.4550963397771261,2.3224413641128892e-08,12.0,371.1085510253906,21.59179705700888,823.9180288311505,570.5244493942741,4.0
2458366.222491097,0.8465627801370162,0.002589534252700022,0.7823304173084021,0.0026351844435935053,0.7823304173084021,0.0026351844435935053,19.50100058824917,0.1135390284972064,0.7295347219957894,2.3344593380586287e-08,12.0,1337.0107421875,33.442413124750075,823.9180288311505,570.5244493942741,0.0
2458392.2336996747,0.8482098606571136,0.0018545641670848075,0.7840065337603781,0.0018872577714128325,0.7840065337603781,0.0018872577714128325,19.540742849470508,0.1048308270863601,0.8381047590403187,2.6480252172038642e-08,12.0,1273.58349609375,25.954554970719,823.9180288311505,570.5244493942741,0.0
