jds,mags,magerrs
2458425.63672454,10.210478212284073,0.07583705631029536
2458431.62717593,10.018360494651182,0.04279880205806717
2458433.6469213,9.986612370095768,0.04044506892771999
2458435.6709375,10.007441274536973,0.039119178027017074
2458440.64298611,10.122078816519304,0.07162600430373947
2458451.61770833,10.136791049461163,0.04559980769430668
2458464.60337963,10.152188082101144,0.047418354111990545
2458466.61193287,10.133723983688112,0.028820107677485548
2458469.60371528,10.133590800165958,0.03272719038232647
2458472.61271991,10.224814779935986,0.04145756478670798
2458474.60357639,10.21819795201481,0.03834408042210629
2458479.60555556,10.216891794100581,0.041438196200958344
2458482.58454861,10.200866506847056,0.05372128158170928
2458486.59792824,10.308951554864834,0.07590504104191091
2458490.58594907,10.268411025991323,0.06361892314044322
2458494.58936343,10.276786597487138,0.045290073407155906
2458600.82127315,10.605970625602936,0.04205732666920576
2458600.92156829,10.802798612534298,0.03574749452129298
2458600.974305555,10.779839440153953,0.03904456843719836
2458601.88797454,10.607494671792733,0.04365778848428287
2458601.99247685,10.794037534724001,0.03340766364878398
2458605.889288195,10.710392571577586,0.03980571633735064
2458605.95099537,10.666659326750677,0.03298468374200532
2458606.78740741,10.505484114659101,0.04037050691481834
2458606.90759259,10.62875357721817,0.028027392892403205
2458617.97415509,10.804487209610867,0.04430689335678346
2458637.95815972,10.821265057281785,0.03759228711126922
2458646.91980324,10.916852850568649,0.03972639176099706
2458650.97710648,10.632836988868766,0.06052029121451661
2458655.96758102,10.619758916741525,0.05807564039620733
2458660.94785301,10.611959051742263,0.06328830627972236
2458665.953506945,10.632621603622436,0.05262884583441593
2458668.93609954,10.553931221381262,0.05338328486351367
2458671.918125,10.574714124899728,0.0646963603608485
2458674.916984955,10.611463749834103,0.05457239938150867
2458676.929074075,10.603721923157588,0.05774483601727493
2458678.918078705,10.620485675898767,0.06100412394453005
2458680.92292824,10.566194329298998,0.058475084135281755
2458681.91515046,10.557521118849529,0.049778440481399636
2458683.887939815,10.588760748500958,0.06373097863101652
2458685.899108795,10.646310608508948,0.0645562178970449
2458688.88241898,10.445381606590766,0.043694824634054365
2458692.86561921,10.523232054650078,0.06758184809053515
2458694.89818866,10.625638073005574,0.07905035759386703
2458696.88590278,10.560561472790512,0.04176498835370668
2458698.865734955,10.500456412955558,0.06167798121162775
2458700.869855325,10.499913516786247,0.04315239498255958
2458702.86150463,10.543454573873923,0.05131846800996081
2458704.859189815,10.550233236453463,0.05239274180095863
2458706.82892361,10.520398147194255,0.04245404337856413
2458708.81976852,10.603483802583577,0.04912465667009345
2458710.82047454,10.54895422951827,0.04842085197037223
2458716.815949075,10.496791873824685,0.04845265676613214
2458718.81277778,10.642696731119477,0.07464848240904717
2458722.785300925,10.540511867768421,0.049315315498470375
2458724.796788195,10.52138572656094,0.043849271194655294
2458726.786828705,10.58197860913464,0.062351023655226344
2458730.78037037,10.416235555560966,0.054980662337525917
2458733.74828125,10.516777762832266,0.05143152443067245
2458735.76321759,10.515379439123198,0.048029894283380455
2458737.74390046,10.631847799333332,0.08208941062382123
2458739.743136575,10.530202176996522,0.045556402527362344
2458741.78423611,10.565498703452551,0.05379202420953548
2458744.73986111,10.676087380129527,0.06420731566528763
2458747.72933449,10.48874263694288,0.048517329676609856
2458749.7548669,10.546990509671273,0.043241037023234334
2458751.73213542,10.611609840073404,0.062158033667777515
2458754.75603588,10.59624115692677,0.06860308760066884
2458758.71667824,10.656733594634742,0.08679798473239937
2458761.690596065,10.677256800802306,0.07790684136550981
2458763.70732639,10.66609349992758,0.06603831608394863
2458765.70276042,10.642517448730018,0.058566866882004326
2458770.68127315,10.744438867141731,0.09786339078181433
2458774.69364583,10.819207643483377,0.115625545264349
2458780.717667825,10.586282728938162,0.040145242747516706
2458785.655868055,10.765867794898824,0.06415529860505215
2458788.653640045,10.674584436107981,0.06519983430351232
2458791.64884838,10.711137325438255,0.08353814265563446
2458794.64620949,10.645260313863163,0.06313564070529651
2458800.638252315,10.746304732712506,0.08521305655610777
2458804.63204861,10.718045831099323,0.09139103689046671
2458814.61914352,10.379676689637513,0.06306893630120568
2458829.613993055,10.184533601991456,0.08369537143176377
2458836.62063079,10.471727859053384,0.09149689692537628
2458852.59314236,10.432555923353753,0.08594476550402266
2458859.58584491,10.723573776534323,0.13195625159837757
2458986.85043403,10.591133908430796,0.03866199065094684
2459041.98228009,11.161935610405251,0.1374459460117888
2459043.97516204,11.200524837330484,0.15937571934034256
2459044.974560185,11.255559386010681,0.17785581135883627
2459045.97096065,11.28584610253671,0.14221044221042511
2459046.96685185,11.261666310693055,0.18068608543139053
2459047.96440972,11.34262837032254,0.20801156782592978
2459048.96199074,11.22207975782461,0.17439726983855774
2459049.958449075,11.139723421077724,0.16732308054721168
2459050.956944445,11.306511982245445,0.20933545607436085
2459052.95108796,11.250919928944707,0.16570189009334457
2459054.944375,11.326962203183347,0.20124994444904765
2459055.94233796,11.333103874000727,0.1815036613107916
2459056.94091435,11.324686740453778,0.17025364329276219
2459057.936550925,11.230356039893367,0.17998876401118208
2459058.93609954,10.844321993853075,0.12277183446589002
2459059.932372685,10.787650312715655,0.10114668905656045
2459060.93052083,10.776901134488947,0.08883065478223201
2459061.927233795,10.689340500195698,0.09042659293294492
2459062.922858795,10.672766483448182,0.09985948662420173
2459063.92230324,10.715233999209822,0.07685320412239686
2459064.91871528,10.793998855150065,0.09690837010057722
2459065.91704861,10.770341107981563,0.11146841554751666
2459066.91228009,10.791288205201962,0.10396849359892134
2459067.909363425,10.89505669269428,0.12743496418874495
2459068.908425925,10.859374849738597,0.13603691903156184
2459069.90434028,10.851825429487366,0.11078650489052393
2459070.902627315,10.951227060827584,0.15243532829700307
2459071.8984375,10.755213335184008,0.08789847604661873
2459072.89603009,10.928372764079615,0.14369065176463172
2459073.894016205,10.779100388282478,0.08240897537565299
2459074.890300925,10.931536477950868,0.17300498160144528
2459075.88865741,10.657169442227392,0.07512902772313028
2459076.887685185,10.720464321372626,0.06620678933606702
2459077.883564815,10.649935703517462,0.0702949473572578
2459079.87642361,10.64703156346115,0.07553463065577094
2459080.87414352,10.64258019079286,0.06377596991704917
2459081.87329861,10.73934455344319,0.11512124832932462
2459082.86935185,10.715235821217064,0.17503850925199022
2459086.85755787,10.730599176207486,0.07385184929394094
2459087.855949075,10.766310321038626,0.07683636350186066
2459088.85173611,10.785101925560987,0.09151189853194551
2459089.85449074,10.791267939357853,0.11376517678809658
2459090.84653935,10.772411330048564,0.08807691790993892
2459091.84488426,10.933351956561072,0.14142048018315684
2459092.84171296,10.909085721175867,0.13944445457109003
2459093.84017361,10.817445899864735,0.0828163195239758
2459094.83702546,10.863678775869209,0.1140448223295313
2459095.832743055,10.895494906777436,0.12216673911619128
2459096.83077546,10.824382238458362,0.1218582269291998
2459097.827766205,10.705877826431992,0.06365632298528451
2459098.82585648,10.879684389940728,0.12841504887197383
2459106.80392361,10.804134917183593,0.10526061828096772
2459107.80195602,10.940310604469593,0.14379840246484596
2459108.79851852,10.964663703287647,0.1444434293779738
2459109.81207176,10.800168770080642,0.08278021957156069
2459110.79377315,10.819725013738756,0.11843130988581528
2459111.79013889,10.810025109640959,0.08640219741319943
2459112.78652778,10.870491282009969,0.11158439863587581
2459113.78494213,10.97088812197094,0.11471382543936208
2459114.780694445,10.920868990753583,0.12661681274982325
2459115.779375,10.8911691012688,0.09532892352979819
2459116.77545139,10.709921909925022,0.05772342619865551
2459118.76997685,10.932262358923957,0.12625371387344902
2459119.76709491,10.861531523340348,0.10514217223013718
2459120.764641205,10.87751713488183,0.12293481609237562
2459121.76372685,10.869549693994754,0.09305587697104185
2459122.75979167,10.871990279381691,0.0888380003239702
2459123.75855324,10.946033990663924,0.10587589677344317
2459124.755243055,10.877600226820942,0.09107710396986624
2459125.751886575,10.870871847653087,0.1104534576922019
2459126.74996528,10.883207672239829,0.08011935412554107
2459127.74559028,10.89141097996947,0.12678095880531703
2459128.74322917,10.895634332228058,0.11108745194623151
2459129.741863425,10.97372898951906,0.14258323182625798
2459130.73927083,10.942953999488466,0.12230852653586777
2459131.733993055,10.898409207539066,0.11017585412431212
2459132.73133102,11.046261265936092,0.167183040942586
2459133.732118055,11.02943058373369,0.1602088234487396
2459134.73568287,10.919398408227377,0.10911563870969403
2459135.72547454,10.972305275384752,0.10615047911013778
2459136.721747685,10.927469113060381,0.14620157519348911
2459137.71818287,10.868954082097092,0.10457387044897547
2459138.71521991,10.86558772091323,0.09586590182062435
2459139.71284722,10.826978600170737,0.09367640664445799
2459140.71140046,10.893041265680393,0.09601203297701713
2459141.70775463,10.765153430515346,0.08189639092721794
2459142.70516204,10.935870372280796,0.12186525787433052
2459143.702430555,10.891004863236283,0.10761636800083159
2459144.701064815,11.018509594811942,0.15858128004381375
2459145.69716435,10.973379236544105,0.11957480267382549
2459145.73201389,11.107577896672794,0.13520647038157796
2459146.69462963,11.03726483342679,0.1408411358378577
2459147.76457176,11.413082728465184,0.20343803595870433
2459149.68603009,11.25448404240993,0.1812231410225422
2459150.68361111,11.102688820477999,0.18280732121071824
2459151.68008102,11.042736290282921,0.11768072530061952
2459152.67753472,11.037353050453792,0.15216692618617236
2459153.674814815,11.048840694029634,0.1607664542576914
2459154.67165509,10.939462237566499,0.11713401328569806
2459155.677453705,11.161798782737447,0.1824430061094531
2459157.67158565,11.047420493574009,0.17273063092170837
2459172.670497685,11.232644558409454,0.17394586758343947
2459174.63178241,11.12002479554467,0.16776978002391477
2459180.59915509,11.162190031964325,0.20370597371154284
2459186.59615741,11.210502901652694,0.15888412414610367
2459197.60760417,11.15250401939681,0.21157157655065595
2459200.620324075,11.305449138901603,0.18436261653724675
2459204.59833333,11.429155122045287,0.24631704084660755
2459211.62013889,11.31510902857238,0.23278213637456752
2459217.594363425,11.505126963723061,0.31182247158089554
2459220.58898148,11.207039730217746,0.12525461493986045
2459224.58409722,11.343190604476202,0.20891778575880315
2459226.591828705,11.348162098197257,0.20636936999642838
2459228.58809028,11.269573166253252,0.16062300077403083
2459276.052060185,11.33269114366627,0.07327753599763058
2459277.04753472,11.28113059062129,0.06713068559751573
2459279.041435185,11.325846207306782,0.10343546263809808
2459281.03210648,11.555152167386316,0.13799212131261238
2459298.00943287,10.900554701650119,0.1936525330197316
2459302.005868055,11.398708135491294,0.08904812047776152
2459303.00508102,11.266917722028378,0.06911760585268227
2459303.99866898,12.291473328968245,0.19658381910340633
2459305.01746528,11.2425809998926,0.0867707828353456
2459305.993391205,11.439960285727294,0.07049021559374229
2459306.976516205,11.39567211497681,0.05626003861692369
2459308.96758102,11.556687510333036,0.09518200088671978
2459309.968993055,11.475869156509457,0.08932488795229368
2459310.984872685,11.393898504184818,0.07465844762826217
2459311.97596065,11.507279292174822,0.11232853488569695
2459312.97721065,11.475703921665168,0.0876431705991257
2459314.96548611,11.414637033172014,0.08240361418130876
2459315.966516205,11.289205739207404,0.1775215497574233
2459321.95390046,11.365949432228987,0.09800788529244166
2459322.960613425,11.471532642212878,0.08570372156570269
2459323.95472222,11.498986657900506,0.07584197701851063
2459324.9434375,11.585376962983233,0.10162894804427246
2459325.93798611,11.541454473755236,0.09163132871398534
2459328.93199074,11.385869861545673,0.08503942051798595
2459329.92783565,11.485952970117655,0.10191856833169902
2459333.91605324,11.451682683115726,0.07739043488452427
2459334.91072917,11.501416971211937,0.0877104622661391
2459335.90760417,11.415881299628508,0.07875387921707168
2459336.90203704,11.402574416159293,0.08579122538751928
2459337.963310185,11.258703264842616,0.06036280463288128
2459338.904050925,11.478182930839102,0.07142201854846168
2459339.900381945,11.451033376250946,0.08945050397956109
2459340.896863425,11.593074841092925,0.07866370996226604
2459341.893819445,11.38226353482829,0.07779116269840593
2459342.90085648,11.474632163935128,0.0974830602224302
2459343.889756945,11.454130984462807,0.08784800516728733
2459344.88734954,11.367998001670319,0.07789401342201085
2459345.882002315,11.337137433871398,0.06471890619770397
2459347.87997685,11.349004869592482,0.06070509682671083
2459348.877256945,11.466088143360897,0.07734191233080927
2459349.87787037,11.360888018821841,0.06153842756797034
2459353.86542824,11.383675568098171,0.07263854143315628
2459354.86002315,11.380707759556437,0.09344809772656124
2459356.861875,11.118670343964036,0.06615716458527415
2459358.86300926,11.657315288938442,0.09965769898042748
2459359.85452546,11.488011814332488,0.09549536644214186
2459361.83927083,11.413356944599627,0.09247252711920126
2459362.83351852,11.504341486004641,0.08078100824528438
2459363.828564815,11.372917137493864,0.09824316808978037
2459364.82564815,11.357741012019435,0.07506733757887481
2459365.825671295,11.447423655805647,0.0843871229823682
2459366.82702546,11.452283150046517,0.07627844737737816
2459367.82508102,11.529244093135219,0.09870280067364691
2459368.82471065,11.475300397800918,0.0903585657979183
2459369.818368055,11.42866890806981,0.09791832556339666
2459370.81917824,11.413285162725629,0.09385535951471774
2459371.819328705,11.439200120368218,0.07527488171185713
2459372.81984954,11.400820314054535,0.08042289585501845
2459373.820578705,11.271167323119194,0.08198519324028543
2459374.80809028,11.661443372545012,0.10950616976603489
2459375.802800925,11.264134782814157,0.06785928219662117
2459376.80328704,11.436261963284283,0.06381289584875614
2459377.80101852,11.434903576381972,0.08587234527618633
2459378.79898148,11.611296195431363,0.09678298150313784
2459379.79810185,11.334588720141141,0.07872551050439781
2459382.79449074,11.391725156699053,0.07863760554338957
2459385.82278935,11.397668814615296,0.09470846071761481
2459386.81863426,11.356433711743694,0.07644142471450004
2459387.81527778,11.473436683581593,0.08971115314710376
2459389.830300925,11.333752089439965,0.07974467289090685
2459391.793113425,11.46689007659248,0.07224316692964916
2459392.805555555,11.38647040221812,0.15498202619670057
2459393.80166088,11.39851336560602,0.08980412010620469
2459394.8021875,11.277038372741472,0.07088031514795765
2459396.798177085,11.367056852152853,0.08964091622159889
2459397.79185764,11.41105082512367,0.07517857882100593
2459399.79122685,11.360280440188241,0.10195412654881972
2459400.788020835,11.383234207773457,0.10739704963900047
2459401.78212384,11.357886337105912,0.07742647914744162
2459402.78491898,11.421572228161722,0.14623023214126857
2459404.77902778,11.329961156503387,0.09770209277327598
2459405.986238425,10.610331181037854,0.08696657294634308
2459406.77701389,11.372559975984153,0.10849638359832342
2459407.767528935,11.419001395078526,0.13684297078603877
2459408.767233795,11.406256287797012,0.14264823083798586
2459409.761377315,11.535382632328192,0.113336895978069
2459410.76097801,11.421617921624751,0.07611730669596148
2459411.76428241,11.347906693703061,0.08153492501844957
2459412.760572915,11.387053507030263,0.08725335325626073
2459415.74959491,11.277673522613679,0.09196491016383168
2459418.71516204,11.550220065979087,0.1180736444277167
2459419.733686345,11.323665413968254,0.0972457772436629
2459424.932297455,10.47962228860526,0.08922247841723811
2459425.9287963,10.660779356205085,0.08961819675470352
2459427.92447917,10.526177247385117,0.0628407547803501
2459428.92209491,10.671435941285615,0.1155391591133824
2459429.918605325,10.63033350260254,0.08160025661166163
2459430.91730324,10.654332800587545,0.06404715117612915
2459431.913304395,10.606849215711906,0.05895953775150047
2459432.91122685,10.68993453036242,0.10030420532318048
2459433.90810185,10.6732330657557,0.07713638993013028
2459434.903599535,10.697049235476479,0.08774767373871013
2459435.90296875,10.700459258025141,0.07757156799068285
2459436.90027778,10.617381065585366,0.06401903912154114
2459439.89445602,10.507981633085228,0.060562807426492955
2459440.88979167,10.563063721365172,0.09463343634909112
2459441.885694445,10.601281860830886,0.09595432401202109
2459450.86327546,10.762694760569559,0.10830109959045366
2459452.857997685,10.50104411011808,0.060579542729590305
2459453.85422454,10.657018338254426,0.09357450203653045
2459454.85071759,10.695155866914568,0.08335030486542283
2459455.84677083,10.555616548933836,0.05962199995470048
2459459.83866898,10.7093722800326,0.09228919946269201
2459460.83458333,10.714650469790168,0.11252768687509379
2459461.831180555,10.614768804202926,0.06805003349256018
2459462.82958333,10.596640350060804,0.05026714776632252
2459463.825555555,10.605539735120288,0.07337596969356938
2459465.819560185,10.499928703566152,0.0638667143595388
2459469.808761575,10.590005802003386,0.09098183056451119
2459470.80753472,10.675226131999597,0.07531052604727947
2459471.803877315,10.650432764078582,0.06172735398473886
2459472.801296295,10.667747342453804,0.08336355880870745
2459473.797881945,10.656144162434568,0.07664368375748597
2459474.79616898,10.702039107691569,0.09239082855152798
2459476.78949074,10.713110123153657,0.09245169463712509
2459477.787824075,10.745557512896585,0.12045967495418804
2459478.78662037,10.652926132817287,0.07367389622457844
2459479.78164352,10.630591105726054,0.07292723217218176
2459487.760243055,10.782231648680726,0.10293603962158566
2459488.75827546,10.727767065025734,0.11119062416800839
2459489.75537037,10.750502071634612,0.10128846961979132
2459490.753136575,10.874502052863646,0.15310256962282232
2459491.74974537,10.733294118972735,0.0871741972274419
2459498.730752315,10.771318637800903,0.1074376964162994
2459502.71965278,10.859230261983422,0.09881333614046271
2459503.71696759,10.831548031377647,0.11608347832495555
2459504.71431713,10.787989049456655,0.11571766251794996
2459505.71208333,10.781295961243051,0.10984639929775367
2459507.70707176,10.904639904264874,0.11685613052877318
2459508.7022338,10.682260397597481,0.07607976370196304
2459509.70050926,10.804458487411935,0.09542317318574559
2459510.69775463,10.76712006050353,0.09107555394706662
2459511.76429398,10.88773745056903,0.1337646629828666
2459512.693078705,10.787726986163081,0.14042078056818053
2459514.68689815,10.738467782791739,0.13210378264778969
2459515.68322917,10.762940024978608,0.11187156000514904
2459516.68054398,10.726814484939016,0.08899885361397243
2459517.678877315,10.816861226898737,0.12204698851476496
2459518.798506945,11.18496871907531,0.17027793724488272
2459520.68072917,10.756414570260656,0.09096796161066305
2459521.667881945,10.737895868243097,0.08578800087916949
2459523.66291667,10.649309147902065,0.07147910028453625
2459524.65894676,10.7236617462624,0.06807610132786357
2459525.65728009,10.909493045592214,0.14045946702258572
2459526.65478009,10.814876014952292,0.11103433834702513
2459527.652372685,10.956448153402706,0.14411509945938825
2459529.64605324,10.745095487604026,0.0952483243544526
2459530.642511575,10.72106783175007,0.0813066107500826
2459531.64091435,10.762632801027639,0.06620257417248067
2459532.63777778,10.715424726888248,0.07821460057238765
2459533.63452546,10.832019467610769,0.09729543199749542
2459534.63122685,10.671534902000218,0.0690250202530232
2459535.62945602,10.759288159487609,0.08369761048446328
2459536.6265625,10.807767988688548,0.09782699169014701
2459537.623368055,10.820749913293112,0.1330836562115967
2459538.62071759,10.906364120842003,0.13188618946600905
2459540.616574075,10.874791128988392,0.14655528484320648
2459542.609953705,10.859263383242325,0.12082054768557275
2459543.6065625,10.898327191028795,0.13786102671112208
2459544.60585648,10.82194747465951,0.12822675680090379
2459545.60226852,10.817493707512195,0.1271418483918067
2459546.59908565,10.711474228363647,0.08071768316124281
2459547.595324075,10.830126996752362,0.12209533965303605
2459548.59359954,10.688912063260968,0.08122768737308916
2459549.59332176,10.714516810338681,0.09216654147865248
2459550.593483795,10.829741746697538,0.09417177684880722
2459551.58925926,10.752327907163572,0.08371261715011935
2459552.59065972,10.886243739277294,0.12988112529924192
2459553.59059028,10.841942539787276,0.1152106762362499
2459554.59070602,10.750924573447662,0.10131126854647979
2459555.671689815,11.282327730659162,0.19819227278052695
2459556.6765625,11.060890679031568,0.15972859611951326
2459560.58570602,10.858121454475757,0.14424157187408088
2459561.58565972,10.90912486247007,0.1187890917919636
2459566.58690972,11.033962362889127,0.15872169220639112
2459567.58596065,10.832774426414908,0.09109046603494789
2459582.58396991,11.112461525772071,0.14101844316818646
2459583.583113425,11.18325629258068,0.13585897652586407
2459584.58371528,11.181673338469816,0.19834722819544837
2459585.58423611,11.07015574810083,0.11193748599875221
2459586.583819445,10.977277272421215,0.10775248036887072
2459587.584444445,11.27486247070619,0.1535368874675036
2459588.58996528,11.106037951170132,0.1520470964230234
2459589.584131945,11.035621569781075,0.15114603995683548
2459591.584675925,11.117061565461738,0.16849750541962435
2459675.99634259,11.469001930607888,0.06889045065581317
2459676.990925925,11.341311547685237,0.0915604231177296
2459677.97753472,11.385505030958676,0.07383519657366364
2459678.97045139,11.382911936841694,0.08656625603590186
2459679.95980324,11.341785874458987,0.05870953976867365
2459682.95359954,11.355758309865443,0.09300092138071725
2459683.951261575,11.405485380576167,0.09940459246053152
2459684.94931713,11.371655092728606,0.09678772108910194
2459686.959988425,11.41785471121337,0.07474308550066576
2459687.94158565,11.31804140801892,0.09080271712341559
2459690.923310185,11.404214933889172,0.07812527358757708
2459693.92459491,11.184163584915613,0.06240486822960325
2459694.92810185,11.18595332928534,0.07587274644407678
2459695.929814815,11.309199597784179,0.17149444202059128
2459696.91724537,11.228366187746467,0.06436830395257997
2459697.915324075,11.323762758612084,0.061359440244000904
2459698.91361111,10.912788097791555,0.047968030043330084
2459699.92613426,11.363850072167203,0.06245448734496893
2459700.90664352,11.226364476580745,0.06874819973325731
2459701.91866898,11.422335867152649,0.07749224529602441
2459702.917824075,11.403390926569429,0.08201038309457033
2459703.90491898,11.441897942175078,0.08474962431667307
2459704.89648148,11.42124059200355,0.09706876245053861
2459705.89212963,11.427842861087814,0.09228914450276697
2459706.88925926,11.448357846262533,0.07441071283972188
2459707.887175925,11.402418995121161,0.08100069013395012
2459708.88439815,11.222675502455452,0.0873349289078501
2459709.88077546,11.426643983761048,0.07443787931399663
2459710.878796295,11.407021455556334,0.06800177388153263
2459711.876828705,11.38633964652142,0.08043838117188926
2459712.871574075,11.483389718165308,0.07926813945087469
2459713.87196759,11.511457067237403,0.07537760740929195
2459714.86752315,11.313863188665685,0.06544808918887215
2459715.89752315,11.389368780925322,0.08201694683409333
2459716.85802083,11.358302285103862,0.06935382461578435
2459717.85697917,11.427667840016593,0.07587387373761216
2459718.85153935,11.454940485170534,0.06891874477958368
2459719.85078704,11.424722951747885,0.08872183669086743
2459721.85777778,11.385674614431338,0.07910267942292186
2459722.85166667,11.308209353414547,0.09641153691274883
2459723.84190972,11.517459421707807,0.08619453511205474
2459724.83902778,11.476234488025101,0.07769863669686283
2459725.84076389,11.410467300355474,0.08291025538638609
2459726.83453704,11.380176408975638,0.15455328999484202
2459731.83185185,11.338880652316611,0.05902443081982477
2459732.834016205,11.37547360908491,0.07580534734324894
2459733.81488426,11.35124921960821,0.05672775626113928
2459734.81333333,11.426243787058548,0.09223314576173515
2459737.81179398,11.3891578985691,0.07869103570733738
2459738.8059375,11.402553867977247,0.08136881784925538
2459739.79925926,11.41150403854779,0.07045455377571085
2459740.794305555,11.504958673814192,0.08850970459039463
2459741.79115741,11.498659333124145,0.10870684928211755
2459742.79976852,11.400744709732049,0.07996109644238028
2459743.78857639,11.389904127172462,0.08945938237805265
2459746.77877315,11.505503275797633,0.0898766411400121
2459747.77716435,11.460650835456272,0.07955245672115126
2459748.787800925,11.29155457006088,0.06153282381613095
2459749.78040509,11.40414577069079,0.07356528604208427
2459751.77665509,11.471293774042113,0.09253221248825451
2459752.78351852,11.43264569076607,0.08451654582257463
2459754.76702546,11.229047016687886,0.056679392566745763
2459755.76070602,11.353395734523012,0.06749361766366317
2459756.76263889,11.35867163249491,0.06914189017285932
2459757.75989583,11.417847212899844,0.06011042344913532
2459758.75409722,11.329160815122783,0.059227837214648325
2459759.75736111,11.409605629309137,0.06962173434938466
2459760.75303241,11.378508251191557,0.0705403216913563
2459761.75489583,11.419410776939259,0.07166119608918561
2459762.75071759,11.348991689753706,0.0653046927141781
2459763.74809028,11.400175041335032,0.0879475578585514
2459764.747685185,11.299976328750148,0.06688646197855118
2459768.740300925,11.335696588088549,0.0675285298577757
2459769.73704861,11.302631036129355,0.07645405405421923
2459770.730729165,11.337046035128223,0.07102723382255455
2459771.72821759,11.408270096230329,0.07277714517521763
2459772.71505787,11.325476331420186,0.06544647836133617
2459773.72224537,11.39960563519967,0.0732845741326931
2459774.719814815,11.371986455839906,0.07754423525327163
2459775.736944445,11.41069254319267,0.06560617256261188
2459776.7353125,11.455335351480414,0.0780642211138625
2459777.73638889,11.379254030092024,0.07713097136648378
2459778.73771991,11.43684617759348,0.1076703748730912
2459779.73582176,11.321743182348929,0.10093323875669401
2459780.73490741,11.38405467727599,0.09961366717212948
2459782.737800925,11.33631242447491,0.0877076738188627
2459783.9496412,10.850996063827676,0.08596069685398429
2459784.73440972,11.366589433247222,0.07419614061835228
2459785.94201389,10.878045026765554,0.10311814283155686
2459786.73622685,11.36969285902262,0.06467439449003724
2459787.93916667,10.782924897455189,0.07588846447480807
2459788.93693287,10.855137421644573,0.11201093448639662
2459789.93228009,10.824193665511467,0.1001876760912638
2459798.90758102,10.926446055358161,0.09494935670914907
2459799.70525463,11.459526020747933,0.06789488502612236
2459803.893252315,10.972555936772167,0.10699823204615594
2459804.906886575,11.067476613875952,0.11700396784440388
2459806.88675926,10.935845569513734,0.11126463259122589
2459807.883425925,10.953595505608561,0.10577119840364825
2459808.88115741,10.951062802899123,0.12053847620371785
2459809.87834491,10.832372687950727,0.08662806791428825
2459810.87591435,10.91448363028069,0.1200697630391436
2459811.87277778,10.95760513471615,0.11623276435109121
2459812.87128472,10.825023609587797,0.07627404637896104
2459813.86767361,10.855034439970776,0.1058032735253498
2459814.86672454,10.884427652633764,0.09764219565310005
2459818.85425926,10.90467053920752,0.1340335281725106
2459823.83935185,10.838670410224383,0.10494921036686475
2459824.837002315,10.82360837178983,0.08221240600889396
2459829.825185185,10.825984135314899,0.07637795473799656
2459830.82039352,10.889088171464682,0.11812962607755235
2459839.79635417,10.885143732063174,0.11405860289209312
2459840.79328704,10.897897165245809,0.1320471869628556
2459841.791435185,10.904485401976945,0.13523551335545225
2459842.78744213,10.819758476776677,0.1150318658071994
2459843.78622685,10.812747407233186,0.09538328046775699
2459844.782199075,10.760875578802244,0.09040288977054793
2459848.772569445,10.805942285128616,0.09260181622762877
2459849.768425925,10.903371287682651,0.10296994594117811
2459850.76690972,10.742229188634894,0.07218667704503408
2459853.75804398,10.761106264909696,0.08537623554569192
2459858.746261575,10.842132177616545,0.08340120966566476
2459859.741875,10.73911105242249,0.07508522703027223
2459867.72083333,10.782538592805501,0.11906318881023506
2459873.70354167,10.830663811817377,0.08398374076499904
2459877.69226852,10.757909380201538,0.07112533027717448
2459878.690868055,10.646317413379357,0.0754951008383369
2459879.689386575,10.854456542638264,0.12775162076294302
2459880.68384259,10.843734750938125,0.1340240331994343
2459881.68232639,10.885979191312458,0.13460426617485668
2459882.678564815,10.929098657436711,0.15141689415019746
2459883.67601852,10.686141680485811,0.07909225011498561
2459885.669930555,10.845714678684852,0.14594364295583653
2459888.66233796,10.680966620261726,0.09509175627572859
2459889.659189815,10.705110672997304,0.0697889408703199
2459894.647939815,10.820564765462258,0.12726405057630502
2459895.644328705,10.77522038748118,0.08439435039301607
2459896.64215278,10.812175924913038,0.1389664501796872
2459898.63509259,10.843212515968785,0.1389378956708545
2459899.63314815,10.821095330986026,0.12313711963548138
2459900.63008102,10.647012701951843,0.07118449048368168
2459901.626747685,10.890505720586154,0.16920902592149406
2459902.624733795,10.857974788901462,0.13851542820567367
2459903.621377315,10.836470892642762,0.13879826303148357
2459904.620300925,10.841393635909904,0.11473023565756085
2459905.61576389,10.81534266024517,0.11662662348482536
2459906.61446759,10.766190174637854,0.08469126835133349
2458425.65366898,10.011199631350982,0.04502457518321108
2458431.63033565,10.150722199988971,0.056785056614646584
2458433.64612269,10.205752698442293,0.049877905039714024
2458435.64981481,10.13377217964112,0.03214733724695265
2458439.66428241,9.989977837278182,0.04715159866759979
2458451.61940972,10.280503202163912,0.046844368872754685
2458464.60674769,10.300137820830011,0.04647914974353303
2458466.61108796,10.312962125389772,0.048174035424019365
2458469.6253588,10.380854470367586,0.04821750651904411
2458472.611875,10.406417396485867,0.0514030661414769
2458481.60275463,10.404161377466972,0.04616270720388651
2458483.59777778,10.33113490051364,0.05259465205346782
2458487.58920139,10.48051803073398,0.06978415124040352
2458490.59834491,10.31207777649701,0.05647395918366887
2458494.59019676,10.528609267780288,0.0589164044356486
2458600.83855324,10.442977206981787,0.03689047792363389
2458600.94997685,10.283861888817219,0.029876171838544484
2458605.92939815,10.390180131882055,0.030528203376933554
2458605.98820602,10.31840543419874,0.030080275165639058
2458606.813506945,10.554779112262011,0.04130657251759771
2458606.95638889,10.314590196721657,0.025426797828289403
2458617.98665509,10.289285315449128,0.030655963322504552
2458638.959797455,10.227622918472907,0.033112519626811845
2458658.97409722,10.961177034469843,0.05733739887648669
2458663.9600463,10.921248664905022,0.06303279418294563
2458669.94351852,11.03932960795486,0.08459305064037308
2458674.94366898,10.976430334323872,0.05860531325110616
2458676.94483796,10.96982781452163,0.08224135354173479
2458678.93258102,10.981055149431898,0.09865331835586247
2458680.93354167,10.93503330207032,0.06372910485647836
2458682.90831597,11.097782046505394,0.11134261799456983
2458684.90306713,10.948024382848512,0.05099284213035273
2458691.883836805,10.891226403357319,0.060504251429298064
2458694.88749421,10.926273230470304,0.057971972023450405
2458696.89116898,11.044783609240866,0.08897049472548257
2458698.9188831,10.880629056569953,0.06938521756639784
2458700.87512153,10.913830799302918,0.07494986556033709
2458702.86681134,10.874218387632329,0.07043274376185157
2458704.86449074,10.859770940898557,0.047071151697428495
2458706.853310185,10.84856144522775,0.05282060820219634
2458708.85355324,10.86040385797817,0.05522103786848378
2458709.89255787,10.942714543182158,0.0747446629869776
2458713.82564815,10.842854614027189,0.05883024855236602
2458716.81728588,10.87554605850774,0.06719442176531935
2458718.84894097,10.83661421710045,0.04509361227217724
2458722.797569445,10.802946864379381,0.0680093026055734
2458724.811516205,10.799386688401608,0.04770975052574863
2458726.826689815,10.805151859107397,0.05200867024869334
2458733.77130787,10.841996370876883,0.05930035352173271
2458735.79242477,10.849066066358466,0.06494400974195182
2458736.803506945,10.889568823484488,0.06258308833181382
2458737.80034722,10.829805143248668,0.05972091429544983
2458738.80855324,10.997677597269455,0.07985489359145381
2458740.7751794,10.897854461030208,0.06249305550720936
2458743.7501331,10.979083508634545,0.06048734751781677
2458745.785225695,10.95519544138056,0.059637735016309264
2458748.78394676,10.923175467628798,0.06253012181643518
2458750.76289352,10.882955561280534,0.05189075510634491
2458754.748136575,10.847600892726943,0.05918748059388732
2458758.72328704,10.84833401044532,0.06855577758640082
2458760.74837384,10.960624818329368,0.07217791259143154
2458762.73353009,10.915675904993781,0.0645825318933927
2458764.721105325,10.903123496832134,0.04591211297184848
2458766.713113425,11.104358614371556,0.11822411829107345
2458771.69976852,10.94694213197771,0.07277032324123144
2458780.69255787,10.949724627945466,0.07977251890750246
2458785.65719329,10.928788563069135,0.07194873393969901
2458787.698310185,10.904487189915125,0.06751565854259317
2458789.705439815,10.983545705421717,0.07864424169157744
2458791.67275463,10.999462212901932,0.09275017486829591
2458793.66138889,10.891039801986409,0.06123351755943652
2458795.68315972,10.876708975791193,0.05416359420881255
2458800.63957176,10.978617848526198,0.08278040240862432
2458803.648113425,11.01628430731009,0.08064012378858444
2458814.62582176,10.636531270732952,0.06049690314363652
2458836.61927083,10.326397374352787,0.04437688978554587
2458849.589299765,10.309677864934821,0.05722019828472769
2458856.59608796,10.460731260985675,0.03833589245610356
2458862.596863425,10.595519853483147,0.06429961693993999
2459046.98571759,10.931817409221132,0.06624062141816192
2459047.98494213,10.973595541752125,0.06086665495635558
2459049.97895833,10.983193369651987,0.07546450390616144
2459050.97310185,10.994463685132317,0.07683576561780867
2459052.970891205,10.953983616288554,0.07370644731951731
2459054.96417824,11.064649567615122,0.1149932315298351
2459055.96115741,11.036684099835892,0.07675151587074393
2459056.95832176,11.028285333462486,0.07791881545711994
2459057.957685185,11.047011575373567,0.07406179825889753
2459058.954733795,11.052887179800852,0.08621243152219968
2459059.95097222,10.857977867664225,0.06554103729215946
2459060.947766205,10.845353599875283,0.05446963659542478
2459061.942824075,10.83287431256279,0.06880871460081317
2459062.94412037,10.810020128040918,0.06498761224675648
2459063.940752315,10.863102969147914,0.06495525139781476
2459064.93505787,10.795981170504717,0.06337188706095072
2459065.9340625,10.861185405261931,0.06669043897306333
2459066.932685185,10.803731202632132,0.062283505337523005
2459067.93070602,10.848212547517823,0.08463801173041088
2459068.926238425,10.861257933343857,0.06931526032583006
2459069.923425925,10.928315914543898,0.0849097769788731
2459070.91829861,10.90091055168514,0.07696543579746508
2459071.92019676,10.878836438223512,0.06704128854558286
2459072.91611111,10.898249183276285,0.062055389509749224
2459073.91253472,10.880129398566675,0.07394862387594996
2459075.90854167,10.843435624531438,0.07140791944705471
2459076.90508102,10.861405483960208,0.07043162879587753
2459077.90209491,10.869393456629396,0.08145541573645802
2459079.895752315,11.24881041033365,0.11466256541891669
2459080.89621528,10.883323252376067,0.07746392413603305
2459081.891875,10.902765641039267,0.10002745743284203
2459082.8884375,10.754149374815178,0.0641840649408676
2459086.87789352,10.846171447784265,0.049489086511073505
2459087.87521991,10.846542929007956,0.06860193648904281
2459088.874421295,10.90318536102184,0.07426391902036271
2459089.87122685,10.922754369685865,0.07985674171600694
2459090.867824075,11.013296584199534,0.08725584070294162
2459091.863993055,11.09974302338192,0.09178081989622013
2459092.86028935,10.981508375418557,0.11981039011723162
2459093.85804398,10.885495686602452,0.08435094449275596
2459094.85283565,10.889298763417935,0.12670767178956183
2459095.85296296,10.925083341453215,0.0819659263580679
2459096.85070602,10.936834508498645,0.07484104688650835
2459097.84689815,10.9869972886146,0.100648426268215
2459098.847141205,11.177032699812703,0.09790323339753645
2459106.82216435,10.933340750207797,0.07182220271920674
2459107.81709491,10.983149527878073,0.061960633490063685
2459108.81846065,11.015294035941634,0.0776079047989625
2459109.814814815,11.051990086848221,0.11786448062067256
2459110.81234954,11.750531067590108,0.13523977049589242
2459111.80884259,10.977608147132806,0.08929978701114523
2459112.8053125,10.897598630239381,0.0691148072540364
2459113.80453704,11.112575525624834,0.08965616322040558
2459114.80199074,10.946827032873085,0.0831536103433403
2459115.79853009,10.976080685475708,0.08369174983542928
2459116.79287037,11.030719151692963,0.0891359878646577
2459118.79111111,10.944513501124773,0.07179403437296117
2459119.78858796,11.01546546188951,0.07611405690881252
2459120.78351852,11.029131986607625,0.07392584938929947
2459121.78452546,10.955348955422533,0.0705735522542249
2459122.78140046,11.004652889365602,0.08397183863179286
2459123.77703704,10.931389066371747,0.060599230514936646
2459124.77357639,10.996566509451435,0.06676499044584913
2459125.768171295,10.971988905634756,0.059155924045304384
2459126.76703704,11.093148678992982,0.09650888071376429
2459127.76408565,10.863453561604402,0.14370646532586173
2459128.76318287,11.2521026327472,0.09263873968738216
2459129.76040509,11.150470064833453,0.08262739568935729
2459130.75625,10.981225828060419,0.08303732827449203
2459131.75707176,11.51595104185919,0.12643565234915166
2459132.75247685,11.237539776787614,0.1010292122873833
2459133.74884259,11.052432193084318,0.09062686415317255
2459134.74547454,11.017022274314208,0.10566051955023607
2459135.74090278,11.506938320224107,0.11671603888222766
2459136.74199074,10.997975683821286,0.06204449914039659
2459137.739699075,11.062340615093422,0.07361387525111082
2459138.73554398,10.966428089565609,0.07869574261295144
2459139.732430555,10.973272044463481,0.07700217757976079
2459140.727118055,11.004660561764103,0.063867152199554
2459141.72798611,10.9717802233124,0.09952437465272272
2459142.72523148,11.5096796464335,0.1024800142594339
2459143.72135417,11.008542956790343,0.08949685061000086
2459144.718483795,11.02156389819407,0.09697153754783468
2459145.72929398,11.053988133602056,0.08147479079173563
2459146.715300925,11.006319088218374,0.08646238238905227
2459147.761828705,10.999359152551389,0.08504286151502355
2459149.704363425,11.763323515035811,0.2418340025119042
2459150.70519676,11.15120415082054,0.14194440904332611
2459151.70045139,11.17244933089598,0.10337793045037653
2459152.698136575,11.08574765174242,0.08137648900305465
2459153.69203704,11.094375953880881,0.11227603499469596
2459154.68903935,11.02388965260269,0.0857157032212641
2459155.690011575,11.049993548242837,0.09777661229843596
2459157.6984375,11.041583829915533,0.07985671897820483
2459165.66394676,11.060132503672385,0.09260274394285276
2459172.64247685,11.127711858411704,0.10806198734024318
2459174.644791665,11.036207420531,0.09403949219903854
2459185.61916667,11.049773984804654,0.07319897836665105
2459190.628425925,11.054039191803252,0.06760278079640855
2459193.69715278,11.215035857917627,0.09363390869150401
2459197.615925925,11.160506327190504,0.19592312139115484
2459200.61895833,11.253169880594381,0.14923653483139385
2459204.60675926,11.077865396641757,0.08472168906706212
2459211.618761575,11.163393717093772,0.1217480575777934
2459217.59709491,11.241339699942836,0.17517191801696733
2459220.59579861,11.069065648871707,0.0845502564214325
2459223.61409722,11.160559583899055,0.10389793451536605
2459226.58773148,11.347854340722293,0.13760873554852143
2459229.59665509,11.182835254420848,0.15394304476931017
2459233.59228009,11.268563698950729,0.1136936138504651
2459281.03758102,11.004335028902428,0.05885712888890332
2459302.01439815,11.140655088109938,0.06247453912297988
2459303.012118055,11.154414572077846,0.08224330189589826
2459304.004166665,11.157229914500423,0.06879659746793111
2459305.02292824,11.115218903530474,0.10267991859904801
2459306.00028935,11.173064151179673,0.08404590815269189
2459306.984733795,11.223614139550595,0.06454210891287716
2459308.980497685,11.178279648458727,0.06427255358926927
2459309.977233795,11.086560787959188,0.06216105936207932
2459310.99195602,11.177412961707624,0.08214217213236161
2459311.98590278,11.078218815960659,0.0819669527112346
2459312.98565972,10.947955963730635,0.06548085337577239
2459314.97704861,11.124273213655332,0.07107745601410982
2459315.97644676,11.024960974978784,0.05649764928327679
2459321.96377315,10.985663165371589,0.07088164614146691
2459322.96912037,11.144484802978829,0.06500376204873022
2459323.96156829,11.095536546761881,0.07440336764759735
2459324.95321759,10.966286026004424,0.054702173916059735
2459325.94787037,11.01926916515525,0.06616911763329104
2459328.941886575,10.91997016452878,0.05530609410993169
2459329.93770833,11.060103682383597,0.06350183577615336
2459333.92423611,11.101945503293873,0.05508845924488723
2459334.91895833,11.110479912307687,0.06886293067799848
2459335.91582176,11.219865343177672,0.0812861711662373
2459336.916122685,11.221679024760409,0.06303624931754968
2459337.96883102,11.212599015395764,0.0927437642404634
2459338.912488425,11.151644439793465,0.08654682700507633
2459339.910243055,11.104620815286829,0.06551403958387846
2459340.90983796,11.058385135688164,0.07403081969561173
2459341.90366898,11.009270611310715,0.06693007107124369
2459342.90773148,11.05206621882045,0.05952857585527844
2459343.899560185,11.096738266257567,0.06019146565595743
2459344.897233795,11.12837300324949,0.07303187254762629
2459345.89351852,11.14477643516147,0.07338664804984384
2459347.89171296,11.059726347333077,0.05723358878130879
2459348.88710648,11.11113994177704,0.08464729565599387
2459349.88803241,10.989577898335355,0.05578866859617336
2459353.87534722,11.130352146978542,0.07757994496449379
2459354.87306713,11.07333523137209,0.09622325385988581
2459356.86872685,11.191811562514618,0.07610071153280551
2459358.87152778,10.998581073600054,0.07465088684691414
2459359.861608795,11.072244036272709,0.07372484304167906
2459361.859386575,11.143857944331002,0.08014706773115098
2459362.85510417,10.944610811107694,0.05726245952666079
2459363.84851852,11.045225002374805,0.058845975231631646
2459364.84902778,11.07435347669393,0.08542510912722569
2459365.844756945,11.015253810704463,0.07376410078372331
2459366.83564815,11.05632946942073,0.06024319543555294
2459367.83365741,11.022247289597269,0.06669035228693698
2459368.83328704,10.909818958778708,0.04808825088299388
2459369.828738425,10.967543062564094,0.053909756807618475
2459370.82778935,11.054265870590394,0.06519167450587356
2459371.826296295,11.159321180488881,0.0567001620463476
2459373.82916667,11.05945142240375,0.08656096543198347
2459374.81659722,11.033017145781546,0.0778138453507549
2459375.81465278,11.192086387928985,0.08868768917930996
2459376.81184028,11.072348866014728,0.06327775121621307
2459377.80954861,10.998376992934174,0.06477724474404661
2459378.80752315,10.995676192391139,0.06870570789859222
2459379.805011575,10.988219102813089,0.04875081457519706
2459382.80165509,10.84438987906301,0.053496914410416534
2459384.85107639,10.608205662363982,0.045045808676489066
2459385.83003472,10.758756683667624,0.05760411041940369
2459386.826059025,10.728133781715904,0.04155644913516926
2459387.82246528,10.904202070467704,0.0625842396197279
2459389.83634259,10.790237664388956,0.06635068770498768
2459391.80017361,10.848325806240622,0.04940004502574062
2459392.813368055,10.608453469056865,0.04093490726568589
2459393.8090625,10.65964748612027,0.040669206959919525
2459394.80832176,10.586016376841192,0.03897851994143278
2459396.80394676,10.750233340687162,0.043357149234107946
2459397.79934028,10.747179258720099,0.053305744130042236
2459399.79746528,10.748600615322909,0.060635263388342464
2459400.794050925,10.765366519882404,0.04496645980826878
2459401.789560185,10.859181434926175,0.0680476511548593
2459402.79084491,10.703888904344664,0.03158158017397788
2459403.79928241,10.594073728452404,0.03648273699692971
2459404.78523148,10.641215096141096,0.047334906744746066
2459406.78318287,10.584059500388594,0.03428223231129615
2459407.77364583,10.66103365393608,0.04773017235324554
2459408.77320602,10.656799302600753,0.03900450032936863
2459409.76866898,10.763694254196235,0.06040659134611215
2459410.767141205,10.73620625891942,0.05088273793128751
2459411.770636575,10.682544984872642,0.03337928239792918
2459412.766689815,10.677121364029464,0.04564505399679458
2459415.75537037,10.709685315918025,0.033747121022356226
2459417.74564815,10.679178322370985,0.12409530816026791
2459418.7221875,10.813717145322174,0.04610182834552476
2459419.743055555,10.778125024966583,0.05751852970481286
2459422.963425925,10.695402486261791,0.18669624524062176
2459425.74565972,10.66675718483252,0.05611740659971247
2459428.741458335,10.679387816250982,0.05982910607000328
2459429.73554398,10.60753139819043,0.04232372879168441
2459430.93550926,10.91920511795211,0.0839240822411761
2459431.73284722,10.515432421879256,0.036732122829046025
2459432.72902778,10.594876574887166,0.044765145089365146
2459433.728194445,10.712031616359882,0.05335308180557668
2459434.92513889,10.892358766601646,0.08005983962746877
2459435.922430555,10.902121058516196,0.08247177953129255
2459436.92020833,11.029054721903513,0.0806721730218071
2459440.90778935,11.0602207314185,0.0880722287214876
2459441.904756945,10.870075267243555,0.06915990562211138
2459442.90047454,10.812192198897407,0.08454541275457655
2459444.89853009,10.64914746168199,0.16198045072041975
2459447.886539355,10.940418029310615,0.18919219076337115
2459448.88439815,11.00580857286867,0.23113689904884782
2459450.88056713,10.982938843811073,0.11250446763145279
2459451.96420139,11.069869691629712,0.06537228429678216
2459452.87269676,10.804127324887288,0.06072472643532079
2459453.869953705,10.934509477587364,0.07799952840529775
2459454.867002315,10.953125379841133,0.08832124907591091
2459455.86710648,10.93894661040072,0.08199091140762121
2459456.94716435,10.891166834498492,0.06487587725200952
2459459.85587963,10.840139275940693,0.07177427152872803
2459460.85208333,10.854457361738847,0.0655445365440509
2459461.84861111,10.938333410781876,0.0917515401310904
2459462.84515046,10.913341561892942,0.07663390773884797
2459463.84548611,11.008876152599871,0.08234268191740794
2459465.83846065,10.86921303251452,0.07236397699388236
2459469.82877315,10.830807447093814,0.04990398437525175
2459470.82479167,10.900687433190601,0.06981347473091966
2459471.82140046,10.960659337596837,0.07781162037669094
2459472.82150463,10.975368212660694,0.07750854202015448
2459473.81791667,10.84573722385182,0.06613312459931081
2459474.81502315,10.909881703318996,0.06910661298548922
2459476.81232639,10.888287285834316,0.0747224328165294
2459477.807824075,10.894904200389993,0.07197710644567515
2459478.80533565,10.880733440942063,0.07378191938450666
2459479.80175926,10.92276054894597,0.08487289281894422
2459487.78050926,10.953803954279136,0.07651778436449683
2459488.77699074,10.89199364589712,0.06713531612113274
2459489.77403935,11.114933052075813,0.07585514308188215
2459490.79202546,10.891531932060776,0.07134067606773509
2459491.77087963,10.87029657212048,0.07369829779894502
2459498.749560185,10.914719549352906,0.07642098478760252
2459502.739189815,10.87757556919226,0.06541281722230782
2459503.73545139,10.919917153283281,0.09730578387438513
2459504.735891205,10.921996475492959,0.06346181713451449
2459505.73233796,10.895333181341908,0.0936565502332652
2459507.72447917,10.82054618602915,0.06083072710622523
2459508.72212963,10.919247095695658,0.06744770294629596
2459509.721944445,10.940005923194256,0.06440141218487838
2459510.71783565,10.900776212377817,0.07024530098877475
2459512.71087963,10.761453788106937,0.06496256020473878
2459514.70708333,10.831991014282119,0.07415196128583816
2459515.70484954,10.958770532823756,0.09354083460885786
2459516.70090278,10.967441796682449,0.08045189446278989
2459517.69770833,10.869657947601922,0.06325467317024004
2459518.77351852,11.021430684537307,0.0763569931223681
2459520.69056713,10.851738857274865,0.07029171482468854
2459521.68675926,10.896829727471008,0.06384178919672417
2459523.67885417,10.940735137972087,0.06948716553009943
2459524.67927083,10.983029227738399,0.07563540087872747
2459525.67599537,10.938860782436842,0.07332012029109812
2459526.673506945,10.954600203404983,0.07305072754282557
2459527.66994213,10.89940221002086,0.07337666977643771
2459529.66613426,10.961871512713198,0.06750100512736731
2459530.66273148,10.877987191458251,0.07301592982699416
2459531.65722222,10.9035111791448,0.06001487250232366
2459532.65403935,10.900505818955379,0.08683263335166916
2459533.65607639,10.98383175133826,0.0860894345792406
2459534.65166667,10.93257333835291,0.0911095316233544
2459535.648368055,11.051424075128192,0.09243654036181628
2459536.645324075,11.247127254588248,0.09267189991242558
2459537.640613425,11.043123476042334,0.07961907098444697
2459538.64228009,11.216979194343736,0.0980177140024913
2459540.63559028,11.304628241966736,0.10450519731844277
2459542.63202546,10.960441773683154,0.08003686475795196
2459543.62855324,10.943783697504319,0.06406007453692268
2459544.62516204,10.926617092953688,0.15022044257142028
2459545.62159722,10.894028322798686,0.07824329541002174
2459546.618171295,10.9824884989571,0.08460137834082665
2459547.61821759,11.09876219285133,0.08080245861184228
2459548.6137037,10.963993133934547,0.07281091876073784
2459549.61027778,10.942504684049402,0.07150704349681423
2459550.607511575,10.926600315733484,0.07343405543583068
2459551.60746528,10.929384766034579,0.06932485534497977
2459552.60310185,10.93867673569674,0.0764120234995766
2459553.59890046,10.9779376820511,0.09563008023549875
2459554.59488426,10.923364973712962,0.08582130696157286
2459555.66888889,11.048284838865357,0.05975892397208447
2459556.67228009,11.018871133226613,0.0889870377017247
2459560.58846065,10.967048026801372,0.08515302681512366
2459561.58841435,10.928559217440554,0.07350108721591944
2459566.58966435,10.989710995668927,0.07628030473398732
2459567.58872685,10.96070850479688,0.07319289485586616
2459582.59097222,11.023986420559588,0.06872527934814783
2459583.590127315,11.501283414755482,0.09697512010406861
2459584.59074074,11.04244912069483,0.08819681467622408
2459585.588425925,11.1278958537119,0.10151744823277241
2459586.5865625,11.092104721685933,0.08863634396808866
2459587.58859954,11.045346230045743,0.07700613980607818
2459588.592766205,11.037399269906171,0.10777288648542668
2459589.589699075,11.268700107317821,0.09637287105151976
2459591.59021991,11.084693490797461,0.06911976555166356
2459601.588993055,11.054999164542233,0.10892682491854491
2459676.00351852,10.555979001758628,0.040079786869524556
2459676.99650463,10.483232367093146,0.03665198557275849
2459677.98760417,10.516997926984523,0.03861829413787045
2459678.980613425,10.500260689725076,0.03413644140047806
2459679.97730324,10.456618907425671,0.031510285578945446
2459682.96364583,10.281197737391382,0.03566278986837342
2459683.961238425,10.35992337306177,0.03466546888486607
2459684.959305555,10.381504133663114,0.031087687749190903
2459686.968391205,10.497883998983264,0.036380893605711076
2459687.95166667,10.375594837234516,0.028791462885657922
2459693.93459491,10.653961850948301,0.05056302599769361
2459694.938136575,10.586902531113193,0.040832971285147845
2459695.939814815,10.707290706010578,0.052388007042833126
2459696.92733796,10.571256537749083,0.03306489320837209
2459697.92693287,10.551164410606875,0.03928186852350866
2459698.927060185,10.637685961076302,0.04458909460815632
2459699.93446759,10.598621412114365,0.04253349004374084
2459700.91672454,10.608896814377273,0.045839635236620616
2459701.92704861,10.925076729528666,0.07051836796013215
2459702.92478009,11.05317297318177,0.06870664562416963
2459703.9149537,11.121162527225927,0.07530842109232624
2459704.9065625,11.064039822733685,0.06643206880845132
2459705.90520833,11.027550984969043,0.05906533955048188
2459706.89927083,11.027358595630265,0.07475228401015091
2459707.89716435,11.041969707337712,0.07210490081488849
2459708.894386575,10.884431504620036,0.052370887243158255
2459709.89072917,10.948060621791093,0.05631465029571436
2459710.88890046,11.039857426734955,0.06514159042832134
2459711.8884375,10.901314236744192,0.06323205070684253
2459712.88314815,10.904771389548987,0.04752092402920605
2459713.88207176,11.07964851742811,0.0542270074931788
2459714.877569445,11.134950273460456,0.07535953122649067
2459715.90451389,10.986988924410335,0.05302735636829657
2459716.87076389,10.976413080242104,0.04218920944735597
2459717.865324075,11.00481532987931,0.05896753573881077
2459718.85990741,10.99845773192915,0.05021554349884715
2459719.85915509,11.082586825664036,0.057443276213950796
2459721.867824075,10.972410316822845,0.06735907999438655
2459722.8603125,10.825743652283862,0.07234036318532513
2459723.85185185,10.950566014907421,0.06510389652794889
2459724.84896991,10.923990802556354,0.05591591268244258
2459725.85082176,10.983708901443748,0.06360286059424608
2459726.844444445,10.684807889045445,0.05159896552935328
2459731.84042824,11.153430845790924,0.06496322911144653
2459732.84099537,11.050394604628853,0.06800853532291183
2459733.83383102,11.216079374736298,0.06451357244762186
2459734.83247685,11.097001652759142,0.07258581953177355
2459737.82041667,11.023614452115844,0.07900257749542089
2459738.81928241,11.081348443224021,0.0879358594558782
2459739.81547454,11.09120966630848,0.07107201089972183
2459740.81056713,11.07430970398398,0.06452890054742444
2459741.81034722,10.903984892555744,0.049836533622137545
2459742.808391205,11.05542605228239,0.08039758965750379
2459746.79884259,11.027106123304987,0.07126899054919707
2459747.79945602,11.094181730836993,0.07009236639058679
2459748.79480324,11.11993985084791,0.06243131191444828
2459749.789016205,11.011475022758196,0.06434916872170113
2459751.78523148,10.990585118209852,0.07945513806236061
2459752.79216435,11.062140345222094,0.08392658760542307
2459754.775671295,10.989837510669537,0.07068750689167412
2459755.77258102,11.133009642677072,0.06335790455251263
2459756.77125,11.084710241456747,0.06370138451277225
2459757.76857639,11.053146912008486,0.09104160244285558
2459758.76587963,11.052177290559388,0.05895379260669432
2459759.76604167,11.168552585279016,0.05870222827043687
2459760.76175926,11.098111416890484,0.07869518880605796
2459761.76184028,11.080310884830766,0.07639720487468753
2459762.75770833,11.045750686985762,0.09722061676755049
2459763.75503472,11.08704866996666,0.07173455798184368
2459764.75465278,11.16239481306027,0.07685118219948779
2459768.750694445,11.070858958527861,0.07140999501060691
2459769.74739583,11.050834506829588,0.05334438825341345
2459770.73771991,10.965920468658606,0.06621658832282216
2459771.73520833,11.03506691812053,0.06716819904597594
2459772.730949075,11.054614668719033,0.04869934300192151
2459773.72922454,11.039007495162549,0.06988607759339796
2459774.72679398,11.051271300452896,0.07146110527475369
2459775.74414352,10.97947546959441,0.05687060088087936
2459776.74386574,10.860366624816637,0.05607808230770715
2459777.74364583,10.815661278716997,0.062031950425461196
2459779.74465278,10.861995904944838,0.06799996218272526
2459782.74337963,10.821643231364947,0.049348776643794535
2459783.76027778,10.72167282788859,0.042328278151311065
2459784.741435185,10.896027741684438,0.0651252302070838
2459785.76179398,10.707054794089764,0.04695819164899832
2459786.74181713,10.80780742406183,0.052384001214646723
2459787.75579861,10.767631082581005,0.07031949381724119
2459788.95365741,10.989292119259455,0.07490153232872127
2459789.74034722,10.73730061537535,0.06614671631215144
2459796.958877315,10.354771616637503,0.08444681928528479
2459798.71974537,10.798723186980373,0.07277728012289736
2459799.71083333,10.829650532634812,0.06259664338220594
2459804.912511575,10.988372993806134,0.06468002859467015
2459807.70556713,10.712241457631308,0.043764530932788676
2459808.701886575,10.714465689724712,0.03003793526580926
2459809.89777778,11.004651085355553,0.07148759705215225
2459810.894270835,11.021958124038298,0.07586438785701302
2459811.89148148,11.054170923132117,0.06894900337600866
2459812.887314815,11.021360608583834,0.0537928445759363
2459813.886550925,11.128050366528658,0.08037118362749811
2459814.8840625,11.077453542334917,0.07781711673380452
2459818.87292824,10.9275572674378,0.07003720852639263
2459820.90443287,10.810161344815974,0.13063188093800118
2459821.86232639,10.749983835929454,0.17348693007255098
2459823.86125,11.05137954364421,0.09669918930520045
2459824.85583333,11.064541861407239,0.07328654528379512
2459828.96104167,11.06547106819579,0.07949649283145621
2459829.84238426,11.007420591720235,0.06415135567803303
2459830.840381945,10.86805845546473,0.07004975749710404
2459837.82171296,10.916304680910903,0.17353804809414014
2459839.81496528,11.116586337983343,0.13203431246128222
2459840.810636575,10.959937007038807,0.06961840685626314
2459841.811631945,10.932847188349147,0.07688720620402051
2459842.80898148,10.905912462030976,0.06911278569290938
2459843.805,11.157350588255275,0.06472806201650515
2459844.79945602,10.946488827193017,0.06631138657510513
2459848.79115741,10.916277355462103,0.056399016966246676
2459849.78578704,10.96166510942936,0.04857685091536162
2459850.787141205,11.080172203784754,0.061069922595537666
2459853.77673611,10.896343163758045,0.052809858347487026
2459855.77384259,10.91511637502248,0.16653853767513405
2459856.770439815,10.975177099148038,0.17625934356170572
2459858.763449075,11.010135851579882,0.07451684322438765
2459859.76052083,10.930622154290575,0.07541698105570815
2459873.72209491,10.868629802981514,0.056143699352460504
2459877.711180555,10.941262497526811,0.07770069294611688
2459878.706921295,10.847897841992001,0.045643629442104414
2459879.708136575,10.89825018750555,0.07064755054464396
2459880.70445602,10.920937562107724,0.07494494539101625
2459881.70134259,10.902068654077075,0.06722368430059264
2459882.69577546,10.958875125814005,0.0765603269346909
2459883.69767361,10.896798813320789,0.06570834750851154
2459888.68394676,10.973858517156776,0.08156898981556464
2459889.67954861,10.865508895859659,0.05943415793576736
2459894.66653935,10.850487687874779,0.0872112136965091
2459895.66302083,10.850549319918766,0.06177673700043376
2459896.65966435,10.91833731445443,0.0816598623168612
2459898.65540509,10.950809033804955,0.07432640191075017
2459899.651828705,10.871166006313466,0.07874440169631038
2459900.664560185,10.849262523423265,0.08176227494870321
2459901.64560185,10.962449644165615,0.07505700765701662
2459902.645185185,10.864019962215707,0.06644602526537377
2459903.641747685,10.899008519960663,0.05903187723084177
2459904.63809028,10.928994308886148,0.07189140329611542
2459905.635011575,10.966706592904668,0.06830442403712397
2459906.63511574,10.98809638395496,0.09071971612231895
